-0.068994544 -0.000002584  0.043553221
 0.068948524 -0.000002315 -0.043620948
-0.069004753  0.000008604  0.043543340
 0.068946487  0.000006208 -0.043627832
-0.068996756 -0.000000439  0.043537296
 0.068935799 -0.000009531 -0.043619453
-0.069007729 -0.000002293  0.043527203
 0.068953522 -0.000003631 -0.043614989
-0.069003468  0.000009378  0.043515147
 0.068950432  0.000008848 -0.043610268
-0.068998635 -0.000001298  0.043522470
 0.068945855 -0.000010340 -0.043618294
-0.069006752 -0.000012373  0.043545175
 0.068929529  0.000002935 -0.043667483
-0.068994386  0.000004655  0.043545077
 0.068946856 -0.000003106 -0.043639162
-0.069004475  0.000003555  0.043545572
 0.068944446  0.000001919 -0.043646703
-0.021706137  0.000000948  0.102138397
 0.007034548 -0.000003455  0.269698495
 0.021786680  0.000002424 -0.102407831
-0.007045558 -0.000000157 -0.269343276
-0.021710263 -0.000002735  0.102125051
 0.007040601  0.000004547  0.269691004
 0.021781990  0.000001045 -0.102407260
-0.007051857 -0.000000591 -0.269332443
-0.021711140  0.000000644  0.102126723
 0.007029595  0.000002286  0.269690698
 0.021778057 -0.000002348 -0.102403295
-0.007047623 -0.000002617 -0.269336246
-0.021722035 -0.000002963  0.102135060
 0.007043506  0.000001673  0.269711627
 0.021786383  0.000001151 -0.102409431
-0.007051156 -0.000001146 -0.269339029
-0.021716904  0.000001273  0.102130143
 0.007045940 -0.000000297  0.269696494
 0.021786071 -0.000001565 -0.102410869
-0.007059564 -0.000001880 -0.269331277
-0.021716615  0.000000571  0.102131485
 0.007039524  0.000003785  0.269704855
 0.021782114 -0.000000956 -0.102402836
-0.007053273 -0.000000336 -0.269335279
-0.021719297 -0.000000391  0.102130711
 0.007029209  0.000003995  0.269706793
 0.021776628 -0.000000248 -0.102403189
-0.007028757  0.000003816 -0.269331371
-0.021715427  0.000001322  0.102124435
 0.007035625 -0.000001279  0.269706947
 0.021779284  0.000001023 -0.102401230
-0.007047205 -0.000004062 -0.269337270
-0.021708436  0.000000418  0.102125212
 0.007031058 -0.000004620  0.269716196
 0.021777101  0.000000386 -0.102400672
-0.007042614  0.000002145 -0.269326895
