54
Lattice="19.173937585 0.000456147 -0.025753600 -0.000245476 10.721779888 0.000007040 0.013560576 0.000001770 30.000000000" Properties=species:S:1:pos:R:3:tags:I:1:forces:R:3 energy=-314.38886033 stress= -2.46660 -4.69439 -2.39794 1.44178 -1.50042 -0.73228 pbc="T T T"
Mo        2.03169        0.14805        3.80802        1        2.304976        -0.492549        0.197535
Mo        4.53931        1.81459        3.95158        1        -0.406449        0.867199        -2.082777
Mo        2.24074        3.71590        3.94618        1        -0.556955        -0.063592        -1.667005
Mo        4.41883        5.57415        3.57023        1        0.257707        -1.024375        -0.075849
Mo        1.77388        7.06690        3.58154        1        2.397134        -1.015685        0.676488
Mo        4.40141        9.06611        3.80733        1        -0.401456        0.094601        -0.317147
Mo        8.51955        0.09987        3.76518        1        0.914217        -0.361167        0.513044
Mo        10.86577        1.92139        4.13707        1        0.257826        -0.778543        -1.213411
Mo        8.51673        3.70752        3.78877        1        0.156472        -0.624104        -0.199464
Mo        10.82167        5.24323        3.95680        1        -0.598856        0.496835        0.592462
Mo        8.47123        7.46273        3.51691        1        1.239168        -0.090939        -0.538663
Mo        10.80201        9.07678        3.99936        1        0.819830        -1.178009        -0.838164
Mo        14.99294        0.04006        3.98417        1        0.604809        -1.008562        -0.504652
Mo        17.24476        1.63438        4.48146        1        0.281147        1.333534        -2.480675
Mo        15.06648        3.54300        4.04475        1        -0.978408        -0.558088        0.568243
Mo        17.21107        5.06573        4.20562        1        -0.384616        0.624952        1.773404
Mo        14.92154        6.93493        3.92666        1        0.402218        0.303717        1.011069
Mo        17.24197        8.89843        4.28349        1        -0.092308        -0.599316        -0.724626
Te        0.71045        1.85098        5.44383        2        0.108507        -0.278711        1.268859
Te        4.25206        3.76926        5.70554        2        -0.394694        0.457168        0.345898
Te        6.32329        0.23445        2.20160        2        -1.905095        -0.356808        0.410691
Te        2.24499        1.98804        1.88031        2        1.642384        -0.747578        -0.057797
Te        0.43770        5.22429        5.67572        2        1.069714        0.624190        -0.783292
Te        3.87004        7.11292        5.58878        2        -0.954416        0.835561        -0.013079
Te        6.20118        3.47575        2.22273        2        -0.525897        0.620507        0.341454
Te        2.60227        5.20678        1.41441        2        -0.041935        0.652567        2.262337
Te        0.88640        8.93492        5.41626        2        -1.469910        -0.379495        0.077306
Te        3.90701        0.20531        5.82403        2        -0.128796        -1.333777        0.555327
Te        6.16980        7.31290        1.94162        2        -1.286850        0.142624        0.583271
Te        2.61103        8.96432        1.85395        2        -0.192002        0.312642        -0.636002
Te        7.02890        1.92340        5.43056        2        0.005818        -0.536931        -0.581311
Te        10.08006        3.63735        6.02224        2        0.234212        -0.104198        -0.055257
Te        12.47279        10.67413        2.42542        2        0.439015        0.274002        0.677872
Te        9.24150        1.76204        1.91554        2        0.758992        1.695246        -0.191231
Te        6.91360        5.63164        5.19316        2        -0.233827        -0.511657        -0.996408
Te        9.73949        7.10813        5.77745        2        1.628834        0.452421        0.026791
Te        12.51835        3.70031        2.47440        2        0.021028        -1.155859        0.408399
Te        9.02303        5.56310        1.81419        2        0.913580        -1.215186        -0.461860
Te        6.85214        8.88097        4.97529        2        -0.362082        1.386290        1.075743
Te        10.21145        10.67060        5.89403        2        -0.448048        0.830524        1.142399
Te        12.61222        6.86573        2.43383        2        -0.808691        1.005275        0.296176
Te        9.48348        9.25625        1.59902        2        -0.585348        -0.801712        1.248440
Te        13.38904        1.58663        5.41013        2        -0.392418        0.952049        0.495673
Te        16.67801        3.49561        6.39770        2        -0.403305        -0.425529        -0.661683
Te        18.80634        10.57281        2.66685        2        -1.374131        0.331669        0.047749
Te        15.85567        1.99492        2.07284        2        -0.197688        -1.941841        0.357243
Te        13.51011        5.14828        5.55815        2        -1.422418        0.490150        0.036120
Te        16.39673        6.95298        6.17189        2        0.642893        0.281263        -0.632508
Te        18.86374        3.44363        2.88553        2        -0.553664        0.058002        -0.733770
Te        15.57948        5.24255        2.07361        2        0.009864        -0.358646        -1.213599
Te        13.52790        8.72900        5.55592        2        -1.017954        0.749571        -0.856120
Te        16.75524        10.54861        6.24666        2        -0.768806        -0.157112        1.019743
Te        18.30887        6.87375        2.58030        2        2.052243        1.068533        -0.283668
Te        15.69339        8.73149        2.01736        2        -0.282898        1.123072        0.806954
