54
Lattice="20.641237959 0.000008540 -0.000615361 -0.000005198 11.916711949 0.000045896 0.042448411 0.000094922 30.000000000" Properties=species:S:1:pos:R:3:tags:I:1:forces:R:3 energy=-307.97617234 stress= -24.92890 -25.29230 0.96675 0.32388 0.65543 0.00239 pbc="T T T"
Mo        2.62488        0.03276        3.84980        1        -0.276685        -0.376899        -0.513966
Mo        6.16549        1.89928        3.97408        1        -1.110028        -0.422857        -0.145496
Mo        2.68009        3.90067        3.87037        1        -0.573185        0.003889        0.029792
Mo        6.15172        5.84953        3.93884        1        0.111837        -0.117325        -0.271142
Mo        2.69091        7.79710        3.95111        1        -0.760005        0.699396        -0.448117
Mo        6.06411        9.90984        3.93482        1        -0.416737        -0.282704        0.265591
Mo        9.58681        0.12979        4.03595        1        -0.126995        -0.562751        -0.321361
Mo        12.98142        2.02973        4.01732        1        -0.097089        -0.451091        -0.102040
Mo        9.53281        3.93622        3.89729        1        0.298644        0.188716        0.215754
Mo        12.87124        5.97689        3.84975        1        0.344553        -0.003959        -0.033310
Mo        9.53893        7.89472        3.89112        1        -0.190125        0.084028        -0.623024
Mo        12.85487        10.06448        4.06057        1        0.252553        -0.283210        -0.925597
Mo        16.34113        0.06942        3.88063        1        0.362389        0.076136        0.096372
Mo        19.83058        1.96676        3.92582        1        -0.307449        0.899787        -0.181185
Mo        16.34737        4.04286        3.83905        1        -0.164932        -0.031094        0.633559
Mo        19.85977        6.08615        4.03793        1        -0.082304        -0.092874        0.026626
Mo        16.39767        7.82392        3.89963        1        -0.735318        0.659476        -0.294898
Mo        19.65996        9.89518        3.97903        1        0.123650        0.554753        0.125153
Te        1.43012        1.86211        5.47387        2        0.378001        0.616122        0.818528
Te        4.89473        3.82762        5.52191        2        0.380709        0.279011        0.546678
Te        1.37502        2.06170        2.17067        2        0.446491        -0.330798        -0.099849
Te        4.93656        11.82250        2.20499        2        0.093095        0.188791        0.386316
Te        1.55513        5.96951        5.69839        2        -0.038087        -0.330389        -0.314532
Te        4.85656        7.78592        5.59328        2        0.716803        0.194177        0.263539
Te        1.43483        5.83779        2.31338        2        0.382024        0.482089        -0.206259
Te        5.04080        3.82447        2.23467        2        -0.157380        0.213112        0.115196
Te        1.40485        10.05963        5.56072        2        0.128020        -0.674646        -0.107278
Te        4.75328        11.80091        5.67023        2        0.652970        0.186374        -0.504961
Te        1.30763        9.93273        2.29657        2        0.407272        -0.336296        0.090940
Te        5.02685        7.84138        2.28684        2        -0.224090        0.022390        -0.017626
Te        8.30254        2.03146        5.63784        2        0.512877        0.020598        0.659285
Te        11.79933        3.97943        5.58443        2        -0.020701        0.284200        0.335426
Te        8.42028        2.00016        2.38339        2        -0.126303        -0.340254        -1.176138
Te        11.78975        0.09429        2.28646        2        0.071169        -0.063352        0.373636
Te        8.50225        5.88434        5.54900        2        -0.450413        0.258945        0.323101
Te        11.78558        7.97018        5.53341        2        -0.071780        -0.118491        0.531033
Te        8.45928        5.85277        2.14117        2        -0.242330        0.229061        0.496222
Te        11.85982        3.85166        2.30437        2        -0.303901        0.458463        -0.577953
Te        8.48085        9.89929        5.52111        2        -0.417021        0.127876        0.475132
Te        11.82533        0.15714        5.75641        2        -0.047695        -0.226750        -0.129651
Te        8.27961        10.00204        2.28426        2        0.574457        -0.004746        0.025777
Te        11.75554        8.03702        2.20514        2        0.149253        0.065843        0.194140
Te        15.25961        2.00479        5.62366        2        0.217496        0.243309        -0.061759
Te        18.66961        4.02762        5.53659        2        -0.051561        -0.063265        0.285292
Te        15.17969        2.07514        2.26600        2        0.184472        -0.290293        -0.280481
Te        18.69420        0.08865        2.29789        2        -0.389338        -0.512993        -0.320338
Te        15.07724        5.97368        5.57286        2        0.371179        -0.210224        -0.156973
Te        18.48243        7.89248        5.66952        2        0.562732        0.286313        0.112853
Te        15.18011        5.92300        2.16368        2        -0.056093        0.213600        0.031570
Te        18.71435        4.26100        2.29729        2        -0.122018        -0.746828        -0.175163
Te        15.24691        9.96270        5.54673        2        0.031524        -0.112728        0.098280
Te        18.65132        0.13702        5.65148        2        -0.285313        -0.493920        -0.136122
Te        15.15411        9.93435        2.26463        2        0.037362        0.040991        0.338179
Te        18.65841        7.97133        2.22849        2        0.040947        -0.128173        0.223800
