54
Lattice="18.798270284 0.000008540 -0.000615361 -0.000005198 10.639921383 0.000045896 0.042448411 0.000094922 30.000000000" Properties=species:S:1:pos:R:3:tags:I:1:forces:R:3 energy=-317.42587220 stress= -3.20202 0.75785 -0.34753 0.57023 -2.53546 0.63927 pbc="T T T"
Mo        2.49518        0.14722        3.75832        1        0.782374        -1.821429        -0.779821
Mo        5.36414        1.71601        3.80687        1        0.051228        1.281615        -0.342381
Mo        2.54624        3.61319        4.13417        1        0.742323        -1.060809        -1.353878
Mo        5.59123        5.26256        4.03806        1        -1.380518        0.070635        1.087346
Mo        2.51831        7.03104        3.82987        1        0.584958        1.021453        0.884696
Mo        5.71684        8.95255        3.80211        1        0.747202        -0.958252        0.576046
Mo        8.50283        0.14427        3.74271        1        0.152867        -1.637653        -0.188890
Mo        11.61141        1.82764        3.80689        1        0.421852        -0.059908        0.904982
Mo        8.59414        3.51205        4.02720        1        0.607192        2.189499        -0.092322
Mo        11.44123        5.25379        4.10635        1        0.812990        -0.178692        -1.004078
Mo        8.61351        7.14655        3.99298        1        0.954409        0.690066        -0.817393
Mo        11.82379        8.65341        3.73832        1        -0.465539        0.735589        1.299704
Mo        14.77196        10.40423        3.82097        1        -0.087431        1.908814        2.643981
Mo        18.15328        1.83076        3.89605        1        -0.572559        0.156944        0.153340
Mo        14.94149        3.53583        4.03396        1        -0.392430        -1.196414        0.213343
Mo        18.16570        5.24274        4.10529        1        0.128838        0.419477        -0.589544
Mo        14.76618        7.11610        3.96219        1        0.116421        0.921467        1.029245
Mo        18.13843        8.96376        3.95238        1        0.071760        -0.611127        0.687526
Te        1.50890        1.61569        5.66865        2        -0.800092        1.331150        0.790376
Te        4.62994        3.40682        5.94446        2        -0.494434        0.417623        -1.010455
Te        1.45204        2.04988        2.15259        2        -0.185013        -0.994442        -0.233168
Te        4.57223        10.50214        1.97094        2        -0.483091        0.837500        -0.531138
Te        1.62180        5.44709        5.74398        2        -1.120948        -0.098842        1.325574
Te        4.63322        7.28011        5.78550        2        0.030159        -0.859967        -1.142772
Te        1.38323        5.14911        2.29821        2        -0.110013        1.113351        -0.950199
Te        4.42584        3.62360        1.95033        2        0.173236        -0.072649        1.719712
Te        1.80257        8.99784        5.59810        2        -2.152064        -0.812799        0.171339
Te        4.56102        10.51727        5.57174        2        -0.222564        0.928742        0.583431
Te        1.31633        8.75922        2.12963        2        0.434510        0.783271        -0.467363
Te        4.66805        7.07831        2.18937        2        -0.570399        -0.275959        -0.435766
Te        7.40714        1.76488        5.48640        2        0.183290        -0.520332        2.189614
Te        10.74948        3.44791        5.99888        2        -0.865728        -0.243530        -1.109851
Te        7.42415        2.09643        2.10813        2        0.166763        -1.149131        -0.747420
Te        10.60412        0.02527        2.03911        2        0.636402        -0.395839        -0.095251
Te        7.62384        5.36245        5.91752        2        0.086443        -0.236056        -0.837349
Te        10.67111        7.20989        5.79003        2        0.102538        -0.481667        -0.274714
Te        7.46225        5.48407        2.31202        2        1.389724        -1.234385        -1.136223
Te        10.45419        3.53031        2.08339        2        0.703371        0.346113        0.286348
Te        7.77074        8.93698        5.77740        2        -0.919563        0.599439        -0.777512
Te        10.62585        10.53000        5.46865        2        0.264572        0.383633        -0.263867
Te        7.78539        8.93490        1.81185        2        -0.573278        -0.189099        1.479491
Te        10.71841        6.88279        1.91730        2        -0.503425        0.606620        1.471304
Te        13.59006        1.63227        5.69424        2        1.017373        0.240609        -0.716664
Te        17.11422        3.54821        5.80540        2        -0.455166        -0.620826        0.412260
Te        13.80287        1.63181        2.12562        2        0.061736        1.135393        0.292231
Te        16.93916        10.61750        2.16769        2        0.627505        0.198087        -0.379092
Te        13.71168        5.26852        5.78966        2        0.113962        0.180015        -0.223191
Te        16.93678        7.11328        5.63988        2        0.450934        0.440524        0.923355
Te        13.65907        5.30479        2.44407        2        -0.131886        -0.618129        -1.163742
Te        16.98346        3.58963        2.22468        2        0.055149        0.129569        -0.234867
Te        13.76284        8.82997        6.00643        2        0.106928        -0.221248        -2.087685
Te        16.87676        0.13456        5.52126        2        0.407206        -0.733639        1.171049
Te        13.85481        8.89744        2.01724        2        -0.162752        -2.000770        -1.358036
Te        17.07513        7.02298        2.39083        2        -0.507992        0.184658        -0.937839
