54
Lattice="20.707852593 0.000456147 -0.025753600 -0.000245476 10.309403738 0.000007040 0.013560576 0.000001770 30.000000000" Properties=species:S:1:pos:R:3:tags:I:1:forces:R:3 energy=-316.69589852 stress= -17.29370 -5.00334 1.18861 -2.65606 -0.56325 1.40321 pbc="T T T"
Mo        2.37781        10.23764        3.93401        1        -0.065550        -0.470580        -0.513570
Mo        4.76461        1.73142        3.86515        1        0.524355        -0.044813        0.011865
Mo        2.26618        3.21363        3.79614        1        0.025985        0.486225        0.265119
Mo        4.86228        5.11396        3.92196        1        -0.423280        0.532990        -0.061692
Mo        2.38332        6.71778        3.91759        1        -0.191845        0.278337        -0.604223
Mo        5.12019        8.70924        3.74368        1        -1.206494        0.091744        1.125865
Mo        9.18274        0.00357        3.75888        1        0.814611        0.179267        0.181019
Mo        11.71517        1.76755        4.05249        1        0.101928        -0.444362        -0.137079
Mo        9.20027        3.42298        3.64879        1        -0.111249        -0.248129        0.191395
Mo        11.70301        5.14569        3.94089        1        0.472204        -0.142264        -0.319521
Mo        9.19218        6.74176        3.72238        1        0.697045        0.262852        -0.235336
Mo        11.75986        8.68622        4.05739        1        0.205305        -0.932122        -1.332406
Mo        16.10896        10.26481        4.21273        1        -1.103448        0.543622        -2.283059
Mo        18.74144        1.72330        4.06412        1        -0.079256        0.726099        -0.126122
Mo        16.06895        3.46238        4.05948        1        0.376189        -0.215336        0.515715
Mo        18.54159        5.20866        3.91353        1        0.648138        0.436278        0.763354
Mo        15.88456        7.04998        3.92404        1        1.278880        -1.366921        0.945717
Mo        18.60218        8.64803        4.13734        1        0.472517        0.256371        -1.515061
Te        0.55558        1.66290        5.41089        2        0.491957        0.090711        -0.156738
Te        4.08513        3.43596        5.86249        2        -0.062224        -0.041436        -0.195080
Te        6.78960        0.22499        2.21233        2        -0.892100        -0.739365        0.611691
Te        2.84750        1.45841        1.80776        2        0.523289        0.720232        0.312969
Te        0.54799        5.06995        5.16934        2        0.151147        0.144390        0.285158
Te        4.25616        7.04357        5.82520        2        0.315286        -0.560066        -0.491000
Te        6.47360        3.45711        2.38973        2        0.197792        0.019312        -0.443304
Te        2.87426        4.94919        1.89448        2        0.552215        0.555453        0.067231
Te        0.79437        8.53951        5.42460        2        -0.437184        -0.101765        0.220437
Te        4.33536        0.06125        5.91848        2        -0.105617        -0.401981        -0.864387
Te        6.63254        6.91642        2.41101        2        0.015496        -0.627716        -0.500109
Te        3.04107        8.43042        1.93909        2        0.033727        0.286608        0.191846
Te        7.52712        1.74995        5.16952        2        -0.305899        -0.007431        0.230005
Te        10.74148        3.48661        5.82797        2        0.218166        -0.151400        0.576304
Te        13.52064        0.14111        2.61466        2        -0.113529        -0.856032        0.161654
Te        10.14785        1.62155        1.83181        2        -0.038359        0.227409        0.018538
Te        7.57940        5.17239        5.21745        2        -0.578040        -0.494779        0.180651
Te        10.87877        6.82861        5.83747        2        0.080643        0.275113        0.246065
Te        13.57305        3.31632        2.67330        2        -0.206412        0.678396        -0.614119
Te        10.09246        5.02820        1.72508        2        -0.085840        0.604097        0.174069
Te        7.56082        8.54984        5.17156        2        -0.096839        0.358662        0.178023
Te        10.96574        10.25120        5.91070        2        -0.643228        0.992152        0.772161
Te        13.53114        6.88222        2.50349        2        -0.699170        0.247706        0.109924
Te        10.09663        8.49424        1.91255        2        -0.006830        0.487227        -0.290852
Te        14.37844        1.80490        5.51487        2        -0.176075        -0.215601        0.623683
Te        18.20979        3.68872        6.03970        2        -0.838440        -1.159585        -0.359245
Te        20.38980        10.27366        2.53430        2        -0.088152        0.067193        0.303194
Te        16.82966        1.60224        2.20817        2        -0.216558        0.549665        -0.408938
Te        14.20364        5.16724        5.43753        2        0.361676        0.386791        -0.110259
Te        17.92205        6.99860        5.96058        2        -0.676872        -0.840658        0.427652
Te        20.12397        3.55943        2.33953        2        0.312047        -0.819736        0.163802
Te        16.70137        5.04033        2.04116        2        -0.512818        0.890119        -0.521659
Te        14.34684        8.67547        5.60119        2        -0.228896        -0.459415        -0.098341
Te        17.92558        0.14207        5.99398        2        0.871023        -0.255183        2.136909
Te        20.14593        6.90926        2.41595        2        0.123507        0.421041        0.180226
Te        16.75471        8.70572        2.07656        2        0.310335        -0.193527        -0.002690
