54
Lattice="19.173937585 0.000456147 -0.025753600 -0.000245476 11.340344112 0.000007040 0.013560576 0.000001770 30.000000000" Properties=species:S:1:pos:R:3:tags:I:1:forces:R:3 energy=-314.44339002 stress= -6.64497 -11.59382 -2.72002 0.05401 -2.16629 -0.08887 pbc="T T T"
Mo        2.24273        0.11569        4.12960        1        -0.107640        -0.071749        0.195505
Mo        4.53567        1.75046        4.35267        1        -0.038992        0.408354        -0.343458
Mo        2.25340        3.72957        3.95068        1        -0.269947        0.170121        0.593315
Mo        4.45298        5.57287        4.14882        1        -0.059192        -0.497254        -0.584105
Mo        2.30975        7.51830        3.82333        1        -0.782864        -0.272097        -0.419806
Mo        4.44581        9.54527        4.27355        1        -0.667986        -0.364814        2.103763
Mo        8.71467        11.32085        4.04038        1        -0.515697        -0.874871        -0.894544
Mo        10.89096        1.85243        4.08234        1        0.098358        0.666762        -1.743163
Mo        8.54305        3.59589        3.86699        1        0.334913        -0.053295        1.289179
Mo        10.74741        5.82707        3.89511        1        -0.880055        -0.259210        -0.642671
Mo        8.45600        7.80913        3.66873        1        0.172246        -0.192458        -0.798349
Mo        10.94271        9.74101        3.72934        1        -0.351366        -0.371628        0.930864
Mo        15.11545        11.06976        3.47731        1        -0.492420        2.268497        0.578831
Mo        17.23297        2.14120        4.11053        1        -0.732122        0.387861        -1.547981
Mo        14.77148        4.04866        3.61306        1        1.374426        0.397992        0.557749
Mo        17.17483        5.66746        4.01680        1        -0.364430        0.064431        -0.298854
Mo        14.84487        7.46312        3.65944        1        0.021598        0.462185        0.235935
Mo        17.10505        9.08279        3.80380        1        1.631572        0.257806        1.111420
Te        0.54779        1.95442        5.35053        2        0.549883        0.088034        0.408300
Te        3.88541        3.70484        6.12766        2        0.026026        0.226799        -0.250655
Te        6.01056        11.11654        2.89833        2        0.938127        1.254386        -0.515173
Te        2.93713        1.76083        2.19523        2        -0.013716        0.654485        -0.705238
Te        0.70058        5.80277        5.45389        2        -0.302128        -0.380236        -0.616562
Te        3.60821        7.25132        6.14939        2        0.679766        1.091621        -0.592337
Te        6.04572        3.74951        2.62466        2        -0.844289        -0.588197        0.501197
Te        2.62157        5.54615        1.92343        2        0.831960        0.160435        0.758806
Te        0.66663        9.45912        5.08217        2        -0.483108        -0.715607        0.332553
Te        4.01874        0.15635        6.43637        2        -0.534633        -1.062823        -1.189477
Te        5.72374        7.63390        2.69019        2        0.360497        -0.219510        -0.095025
Te        2.85331        9.66319        2.08118        2        -0.176584        -0.503084        0.418094
Te        7.11894        1.76410        5.58607        2        0.354922        0.294998        -0.151832
Te        10.38291        3.96995        5.83327        2        -0.362205        -0.797762        -0.071612
Te        12.38196        0.09169        2.16683        2        0.049940        0.138865        0.692740
Te        9.08298        1.79448        2.04213        2        0.259146        -0.439765        -0.354295
Te        7.11191        5.71560        5.23490        2        -0.244346        -0.188175        0.143686
Te        10.14784        7.64869        5.67503        2        0.745798        1.020874        0.509430
Te        12.22470        3.98208        2.36371        2        0.018874        -0.426270        0.382835
Te        8.65500        5.51050        2.00857        2        1.134888        1.090745        -0.214308
Te        7.08350        9.11602        5.61013        2        -0.237835        1.054215        -0.413250
Te        10.76220        0.13114        6.00392        2        -0.913942        -0.980118        -0.270433
Te        12.36873        7.52066        2.24782        2        -0.321757        0.314312        0.538075
Te        9.01087        9.52370        1.60006        2        0.183379        0.130767        1.780164
Te        13.64351        1.86927        4.66440        2        -0.491337        -0.336535        0.125435
Te        16.31912        3.81828        5.96250        2        0.012838        0.398615        -0.389165
Te        18.78472        11.30240        2.60165        2        -0.044373        0.216885        0.484796
Te        15.86598        2.06299        1.78371        2        -0.492474        -0.333527        0.796916
Te        13.21904        5.57030        5.39925        2        0.484705        0.883181        -1.058408
Te        16.50602        7.42550        5.86818        2        -0.275544        0.575514        0.048207
Te        18.79778        3.85420        2.81863        2        0.878899        -0.222092        -1.201590
Te        15.56016        5.77478        1.70825        2        0.331525        -0.183324        0.343413
Te        13.50726        9.65623        5.06138        2        -0.689795        -1.027556        0.186153
Te        16.76535        11.34018        5.50822        2        -0.109881        -1.513203        1.261856
Te        18.76897        7.40657        2.37161        2        0.239753        0.087970        0.250200
Te        15.54317        9.40051        1.71326        2        0.112060        -1.897780        -2.214906
