54
Lattice="19.535457354 0.000008540 -0.000615361 -0.000005198 11.278316666 0.000045896 0.042448411 0.000094922 30.000000000" Properties=species:S:1:pos:R:3:tags:I:1:forces:R:3 energy=-311.76537288 stress= -12.62739 -11.41362 3.67626 -0.44494 -1.11244 -1.31090 pbc="T T T"
Mo        2.59120        11.11108        3.74379        1        0.894459        0.523345        1.235981
Mo        5.47518        1.68263        3.84200        1        1.901104        1.636370        -0.327715
Mo        2.63029        3.53975        3.82861        1        0.244172        0.729122        1.332716
Mo        5.50775        5.63543        4.10085        1        1.686871        0.465429        -0.317065
Mo        2.77327        7.39367        4.07624        1        -1.976118        1.267029        0.277144
Mo        5.61430        9.42256        3.97292        1        1.114041        -0.083241        1.511316
Mo        9.19487        0.08316        4.04485        1        -1.728714        -1.035474        -0.337442
Mo        12.09292        1.85424        4.18484        1        -0.481068        -0.604456        -1.488328
Mo        9.02660        4.13314        3.81584        1        -0.997822        -0.538413        -1.126230
Mo        12.18937        5.38851        3.87901        1        1.263759        -2.655116        2.280096
Mo        8.82575        7.53061        3.76596        1        1.077940        -0.135541        1.012461
Mo        12.48496        9.28640        4.07007        1        -0.742314        -0.445192        -0.093224
Mo        15.50211        0.14414        3.88352        1        0.204766        -0.505361        -0.532877
Mo        18.63904        1.97704        3.69423        1        1.511474        -0.605788        -0.296752
Mo        15.17511        3.79307        3.85200        1        2.005801        1.548229        1.649941
Mo        18.99994        5.87894        4.11162        1        -0.672493        -1.994865        -1.177644
Mo        15.30884        7.54721        4.07752        1        0.490179        0.256650        -0.391405
Mo        18.86044        9.59580        3.76195        1        -0.506061        -0.449995        -0.163581
Te        1.38638        1.72898        5.40569        2        -0.218814        -0.060902        0.578619
Te        4.80151        3.57513        5.71536        2        -1.167305        -0.020668        0.064569
Te        1.50330        1.70621        2.18087        2        -0.673523        0.540512        -1.376784
Te        4.78746        11.14628        2.03649        2        -0.845299        -0.147694        -0.490963
Te        1.65528        5.51591        5.64187        2        0.111339        -0.580864        1.009422
Te        4.76178        7.60181        5.91085        2        -0.297580        -0.228842        -0.071266
Te        1.67189        5.55805        2.38182        2        -0.722580        0.381611        -1.173579
Te        4.69704        3.77792        2.12965        2        -0.187672        -0.353972        0.019908
Te        1.39624        9.46836        5.49234        2        0.503770        -0.602824        1.076231
Te        4.62935        11.22196        5.70948        2        -0.687535        0.091467        0.059534
Te        1.60553        9.18464        2.20468        2        -0.471343        -0.421925        -0.793093
Te        4.66462        7.58837        2.32895        2        0.085110        -0.517787        -1.385465
Te        7.92609        2.12624        5.32237        2        -0.549651        -0.518129        0.668139
Te        10.74985        3.66827        5.81727        2        1.577790        0.447868        -0.250493
Te        7.73000        2.22996        2.05135        2        0.519417        -0.679749        0.841933
Te        11.22358        10.97769        2.37315        2        0.452093        0.952340        -0.303880
Te        7.94111        5.92951        5.66766        2        -0.890119        -1.097470        -0.000761
Te        11.04039        7.24703        5.46875        2        0.430122        0.789064        0.859242
Te        7.40964        5.94115        2.09374        2        1.179993        -1.038742        0.314139
Te        11.08660        3.51428        2.10274        2        0.187621        0.373154        0.621180
Te        7.99858        9.35278        5.79726        2        -0.209574        0.603079        -1.118532
Te        11.19331        11.05928        5.80742        2        0.347325        0.258782        0.355623
Te        7.78602        9.45684        2.39153        2        0.572294        1.449768        -1.377406
Te        11.33392        7.10128        2.33149        2        -2.008072        3.128227        -2.038402
Te        14.24459        1.76922        5.80579        2        0.623141        0.932974        -0.470056
Te        17.72796        3.66744        5.50938        2        -0.756225        1.310820        0.581327
Te        14.24593        2.04757        2.30813        2        -0.996994        -1.706899        -1.068051
Te        17.66785        0.08145        2.02660        2        -0.483852        0.065378        -0.365276
Te        14.35100        5.51185        5.79070        2        -0.482349        0.530597        -0.569158
Te        17.80170        7.72877        5.50118        2        -0.759954        0.522467        1.604293
Te        14.22837        5.82051        2.02947        2        0.749524        -0.837203        1.203839
Te        17.50108        4.12414        2.27936        2        0.355501        -0.283489        -0.065286
Te        14.67719        9.74594        5.81746        2        -0.681645        -1.504796        -0.328033
Te        17.79739        0.19388        5.50848        2        -0.459251        -0.286471        0.235706
Te        14.39434        9.31027        2.10155        2        0.364560        0.625824        0.991592
Te        17.57904        7.51107        2.38524        2        0.232130        0.508534        -0.910249
