54
Lattice="19.904050889 0.000008540 -0.000615361 -0.000005198 10.639921383 0.000045896 0.042448411 0.000094922 30.000000000" Properties=species:S:1:pos:R:3:tags:I:1:forces:R:3 energy=-319.54187863 stress= -15.31885 -2.89331 3.27141 -0.96737 1.64520 -0.03661 pbc="T T T"
Mo        2.56689        0.01872        3.85554        1        -0.201378        0.136881        1.325291
Mo        5.88200        1.76562        3.99212        1        -0.560297        -0.198936        -0.710189
Mo        2.56852        3.70959        3.90903        1        -0.095556        -0.186526        -0.510067
Mo        5.94425        5.35245        3.95728        1        0.164913        -0.647943        -0.819168
Mo        2.53121        7.16697        3.85037        1        0.083057        -0.329747        0.056241
Mo        5.90957        9.01362        4.01343        1        -0.056845        -0.495916        -1.158994
Mo        9.13482        0.02678        4.03372        1        0.329350        -0.672594        -1.004405
Mo        12.54084        1.71879        3.97407        1        -0.262627        -0.024578        -0.679543
Mo        9.20065        3.55653        3.94551        1        0.049803        -0.050613        -0.659521
Mo        12.40068        5.28374        3.92180        1        1.320249        0.069886        -0.235073
Mo        9.12518        7.12851        3.92025        1        0.561174        0.437339        -0.148425
Mo        12.45313        8.69552        3.93012        1        0.565162        0.596518        -0.571618
Mo        15.73685        10.62315        3.87055        1        -0.758815        0.274895        0.613574
Mo        19.19681        1.79846        3.96408        1        -0.488417        -0.072491        0.828214
Mo        15.72283        3.39424        3.94334        1        0.610551        0.762696        -0.374180
Mo        19.16589        5.39535        3.94549        1        -0.236258        -0.883342        -0.099731
Mo        15.83370        7.00238        3.92628        1        0.503155        0.375564        -0.534952
Mo        19.11340        8.85823        3.91721        1        -0.609964        -0.127137        0.643333
Te        1.51929        1.99909        5.66476        2        -0.343003        -1.189409        0.202553
Te        4.69043        3.59803        5.54907        2        0.402506        0.145051        1.631021
Te        1.45010        1.85713        2.27654        2        -0.121967        0.076028        -1.071775
Te        4.75300        0.03985        2.14490        2        0.005874        -0.114893        0.215826
Te        1.40017        5.44286        5.66107        2        0.281987        -0.036086        0.187888
Te        4.78827        7.12179        5.58022        2        -0.595930        0.342954        0.941602
Te        1.42931        5.36370        2.10951        2        -0.170706        0.371649        -0.081432
Te        4.77614        3.49060        2.20637        2        0.080065        0.654974        -0.252434
Te        1.34934        8.77364        5.67764        2        0.357595        1.076760        -0.245154
Te        4.61160        0.08295        5.72704        2        0.315383        -0.282411        0.140221
Te        1.27795        8.95772        2.16051        2        0.652739        -0.237419        -0.423819
Te        4.84707        7.11182        2.25923        2        -0.299385        0.604579        -0.521585
Te        8.03215        1.83255        5.67704        2        0.045322        0.064067        0.836000
Te        11.39061        3.53257        5.64689        2        -0.388199        -0.268699        0.743475
Te        7.96719        1.74865        2.19821        2        0.642406        0.171607        0.216062
Te        11.37613        10.57069        2.29395        2        -0.448567        -0.000799        -0.409172
Te        8.09589        5.39570        5.66899        2        -0.162149        -0.501281        0.596899
Te        11.28601        7.08394        5.67261        2        -0.162396        -0.589819        0.498371
Te        8.07975        5.33791        2.18526        2        -0.074928        -0.205652        -0.267134
Te        11.46265        3.45645        2.18327        2        -0.741760        0.033417        -0.200923
Te        7.97181        8.89526        5.77829        2        0.494132        0.072363        -0.133930
Te        11.43282        10.50721        5.68407        2        -0.483419        0.375361        0.305235
Te        8.11307        8.88611        2.10374        2        -0.384561        0.454867        0.857452
Te        11.33436        6.96671        2.14730        2        -0.369983        0.448455        -0.247146
Te        14.53915        1.71132        5.71610        2        0.936219        -0.269332        0.409555
Te        17.91368        3.48848        5.67986        2        0.368325        0.415918        -0.058229
Te        14.63762        1.77544        2.08756        2        -0.105684        -0.521906        0.155334
Te        17.94053        0.08027        2.29887        2        0.308505        -0.365763        -1.079135
Te        14.65711        5.27461        5.62863        2        -0.268009        -0.230105        0.206838
Te        18.03994        7.07954        5.74849        2        -0.374602        0.110202        -0.322572
Te        14.76554        5.21671        2.09704        2        -0.504271        0.192320        0.720355
Te        18.05658        3.52295        2.22493        2        -0.309454        0.207345        0.028623
Te        14.62988        8.78211        5.62526        2        0.258758        0.000477        0.174127
Te        17.83849        10.60047        5.64435        2        0.709369        0.231800        0.197923
Te        14.66548        8.82144        2.15290        2        -0.088838        -0.457662        0.042901
Te        18.04804        7.06123        2.14389        2        -0.320055        0.251534        0.054094
