54
Lattice="18.429676749 0.000008540 -0.000615361 -0.000005198 11.065518238 0.000045896 0.042448411 0.000094922 30.000000000" Properties=species:S:1:pos:R:3:tags:I:1:forces:R:3 energy=-320.28073743 stress= -1.97377 -9.60098 -2.88017 0.15088 1.78262 0.11416 pbc="T T T"
Mo        2.22704        0.08926        3.84902        1        1.136677        -0.449073        -0.038701
Mo        5.39874        1.74944        3.99454        1        0.310804        -0.037794        -0.287987
Mo        2.36833        3.59452        3.83290        1        -0.720860        0.830276        0.732531
Mo        5.46054        5.59502        3.98679        1        -1.046931        -0.796268        0.583067
Mo        2.33984        7.39219        3.90060        1        -0.573683        -0.314868        -0.593900
Mo        5.24846        9.32884        3.88045        1        0.468001        -0.967719        0.958236
Mo        8.51134        0.06598        3.90930        1        -0.259366        -0.152370        1.597299
Mo        11.41357        1.85791        4.01219        1        0.622894        0.355613        -0.079979
Mo        8.54256        3.96439        3.97687        1        -0.454642        -1.095553        -0.081487
Mo        11.56402        5.43553        3.95957        1        -0.359627        0.006961        0.363028
Mo        8.49767        7.39658        3.91225        1        -0.846727        0.808414        0.236399
Mo        11.56795        9.26207        4.05062        1        0.938500        0.733047        -0.256865
Mo        14.74094        10.90032        4.02384        1        -1.240532        0.719335        -1.433909
Mo        17.73055        1.75368        3.88445        1        -0.105618        0.947716        -0.104834
Mo        14.61917        3.68060        4.10792        1        -0.023880        -0.460948        -2.038274
Mo        17.71321        5.53488        3.66900        1        0.476441        -0.026473        1.739237
Mo        14.53179        7.20854        3.97102        1        0.214104        0.495919        0.609153
Mo        17.67257        9.23138        3.74364        1        -0.028611        0.137015        0.022567
Te        1.26552        1.85721        5.70854        2        0.431696        -0.033950        -0.188594
Te        4.35289        3.57217        5.72863        2        0.181945        0.660836        -0.310379
Te        1.33519        1.88443        2.02200        2        -0.292283        -0.181353        0.004383
Te        4.43945        0.07514        2.04805        2        -0.735389        -0.203712        0.346321
Te        1.23038        5.59190        5.67426        2        0.391180        -0.613909        -0.990018
Te        4.22821        7.35128        5.82426        2        0.737558        0.411225        -0.873367
Te        1.37907        5.48012        1.98995        2        0.434328        0.232586        0.480062
Te        4.53303        3.46326        2.17525        2        -0.378362        1.435099        0.019460
Te        1.22082        9.25725        5.59625        2        0.420786        -0.059544        -0.142887
Te        4.25978        11.03997        5.73321        2        -0.159151        0.118355        -0.147114
Te        1.33536        9.24817        2.02806        2        0.151135        -0.152073        0.231421
Te        4.42124        7.36077        2.15857        2        -0.149953        0.160996        0.047416
Te        7.46525        1.98024        5.67699        2        0.551189        -0.109067        0.070841
Te        10.48729        3.79963        5.90139        2        0.042698        -0.438687        -0.824727
Te        7.55463        1.91726        2.20490        2        -0.226547        0.476054        0.286671
Te        10.50604        0.05403        2.18664        2        0.695285        -0.491990        -0.109768
Te        7.49951        5.78965        5.80545        2        -0.298916        -0.748088        -0.135726
Te        10.56986        7.36742        5.73317        2        -0.145863        0.037699        -0.105616
Te        7.33417        5.59888        2.13899        2        1.174658        0.261751        -0.312364
Te        10.56101        3.63514        2.09266        2        -0.207742        0.541869        0.647902
Te        7.37453        9.27683        5.70906        2        0.138000        0.117382        -0.760750
Te        10.51156        0.08483        5.85605        2        -0.291837        -0.507919        -0.469089
Te        7.38605        9.36394        2.17496        2        0.381460        -0.593450        0.018139
Te        10.64898        7.43471        2.30902        2        -0.272273        -0.381923        -0.819757
Te        13.57016        1.80310        5.75148        2        0.158477        -0.515471        -0.154436
Te        16.79383        3.60066        5.60855        2        0.112936        0.774663        0.373561
Te        13.63082        1.77128        2.19818        2        -0.183678        0.000443        1.279293
Te        16.70771        0.13528        2.09893        2        -0.571114        -1.044115        -0.597642
Te        13.49838        5.38884        5.82512        2        0.588466        0.585346        0.363870
Te        16.78147        7.34320        5.44686        2        -0.390732        -0.236168        0.958560
Te        13.60655        5.40871        2.24244        2        -0.181408        -0.348630        -0.636498
Te        16.62550        3.78341        2.07819        2        -0.421756        -1.399893        0.086475
Te        13.70278        9.13718        5.83279        2        -0.415871        -0.214376        -0.375158
Te        16.73346        10.89268        5.69084        2        0.632180        0.591247        0.411227
Te        13.77065        9.01246        2.15615        2        -1.306266        1.223429        0.634671
Te        16.47610        7.36565        2.05218        2        0.868243        -0.071098        -0.241861
