54
Lattice="19.904050889 0.000008540 -0.000615361 -0.000005198 11.491115093 0.000045896 0.042448411 0.000094922 30.000000000" Properties=species:S:1:pos:R:3:tags:I:1:forces:R:3 energy=-315.01748244 stress= -19.47084 -19.59879 -0.35262 -0.04604 1.44971 -0.02586 pbc="T T T"
Mo        2.50498        11.47745        3.86541        1        -0.800181        -0.760288        0.492601
Mo        5.78122        1.93830        3.92766        1        0.340146        0.019390        -0.076166
Mo        2.36117        3.60710        3.91570        1        0.557310        -0.222753        0.419650
Mo        5.81528        5.67229        4.08843        1        0.212750        0.554163        -0.175392
Mo        2.45440        7.49287        4.05758        1        0.352827        -0.201686        -0.460100
Mo        5.93429        9.60175        4.07666        1        -0.371060        -0.300994        -1.296776
Mo        9.15058        0.19683        3.90830        1        0.375467        -0.969324        0.359993
Mo        12.42477        1.94797        3.94761        1        0.880666        0.068005        0.475802
Mo        9.17152        3.94562        4.04396        1        0.301319        0.373727        -0.124253
Mo        12.49247        5.84137        3.89674        1        0.130043        -0.313977        -0.169178
Mo        9.31756        7.87616        3.93130        1        0.180819        -0.302351        -0.401538
Mo        12.54329        9.68363        3.89768        1        0.023005        0.045176        0.590995
Mo        15.87409        0.06315        3.84266        1        -0.237865        -0.152338        0.368093
Mo        19.05591        1.85753        4.01820        1        0.017802        -0.284799        -0.600448
Mo        15.77357        3.83378        3.98765        1        0.390438        0.091296        -0.690956
Mo        19.19332        5.64877        3.82480        1        -1.363720        -0.131377        0.128301
Mo        15.69070        7.60075        3.78718        1        0.144160        0.347435        0.479977
Mo        19.04474        9.52395        3.69267        1        0.026505        0.270845        0.723842
Te        1.27256        1.65851        5.74685        2        0.426603        0.443319        -0.410770
Te        4.58884        3.72333        5.64616        2        0.011195        0.051922        0.323597
Te        1.25624        1.74928        2.16571        2        0.292127        0.280392        0.231049
Te        4.76562        11.43268        2.27842        2        0.213193        0.006200        -0.300759
Te        1.30751        5.39959        5.67719        2        0.160266        0.879345        0.103415
Te        4.75120        7.70783        5.73795        2        -0.200083        -0.371502        0.144756
Te        1.49331        5.53807        2.23882        2        -0.168722        0.582856        -0.419448
Te        4.64366        3.82323        2.27765        2        0.142793        -0.078561        -0.121286
Te        1.21918        9.39410        5.60883        2        0.249496        0.463630        -0.461188
Te        4.61777        0.04533        5.59793        2        0.536234        -0.164054        0.638955
Te        1.54349        9.50407        2.18077        2        -0.362383        -0.491110        0.179722
Te        4.73100        7.50028        2.36075        2        0.041798        0.512837        0.193743
Te        7.98602        2.12404        5.64724        2        -0.025177        -0.660461        0.356204
Te        11.42278        3.90379        5.69135        2        -0.054282        0.030097        -0.157805
Te        8.08995        2.07503        2.27318        2        -0.459921        0.203905        -0.371759
Te        11.38007        0.08399        2.21180        2        -0.160470        0.191202        -0.040702
Te        8.16030        5.97747        5.70697        2        -0.145634        -0.259945        0.067146
Te        11.48017        7.75488        5.60967        2        0.120693        0.160494        0.188290
Te        8.13894        5.90189        2.41596        2        -0.446928        -0.195479        -0.581011
Te        11.30429        3.90925        2.26415        2        0.128033        -0.101590        -0.032722
Te        8.16588        9.71026        5.64069        2        0.023376        0.262165        0.270417
Te        11.38894        11.46929        5.67925        2        -0.170632        0.579858        -0.302276
Te        8.19886        9.61966        2.12577        2        -0.523538        0.537014        0.766403
Te        11.65062        7.86864        2.08380        2        -0.947898        -0.578019        0.524217
Te        14.87039        1.85058        5.67681        2        -1.003042        0.303501        -0.190191
Te        17.96246        3.85213        5.64515        2        0.347092        0.134881        -0.115668
Te        14.68532        2.03040        2.24569        2        -0.315821        -0.366537        -0.188868
Te        18.05946        0.04835        2.12898        2        -0.270467        -0.035074        -0.112524
Te        14.66199        5.73230        5.62512        2        -0.017809        0.336776        0.007993
Te        17.88668        7.73490        5.40268        2        0.471646        -0.704267        0.360803
Te        14.66225        5.67150        2.13560        2        -0.140824        -0.091041        0.102520
Te        18.00982        3.64123        2.15553        2        -0.102857        0.712121        0.639443
Te        14.78621        9.61255        5.60389        2        -0.188899        -0.061955        -0.354079
Te        17.89168        0.00746        5.66171        2        0.644313        -0.621634        -0.349522
Te        14.70278        9.69301        2.23157        2        0.136074        -0.214895        -0.817208
Te        17.86276        7.49975        2.04390        2        0.598343        0.182707        0.173387
