54
Lattice="20.641237959 0.000008540 -0.000615361 -0.000005198 10.639921383 0.000045896 0.042448411 0.000094922 30.000000000" Properties=species:S:1:pos:R:3:tags:I:1:forces:R:3 energy=-310.57807832 stress= -20.44202 -6.36168 -5.11165 -0.75579 -0.44900 -0.07768 pbc="T T T"
Mo        2.52960        0.02953        3.87012        1        -0.384670        -0.047638        -0.102324
Mo        5.75655        1.86407        3.86646        1        1.924371        0.096000        -0.563821
Mo        2.73534        3.47458        3.87710        1        0.093293        1.112092        0.434571
Mo        5.96710        5.31712        3.78127        1        -1.319510        1.576702        1.955733
Mo        2.54833        7.09190        3.88154        1        0.138056        -0.440351        1.432239
Mo        5.92147        9.00534        3.80571        1        0.872036        -0.846700        0.109941
Mo        9.35292        10.48447        4.11556        1        -0.007947        1.617005        -1.693616
Mo        13.25320        1.49960        4.00420        1        -1.475312        0.918372        -0.134666
Mo        9.54574        3.44461        4.10028        1        -0.472979        -0.104863        0.003080
Mo        13.08642        5.44913        3.58446        1        0.292284        0.518371        0.260415
Mo        9.64750        6.95092        4.06929        1        -0.679292        0.391905        -0.570147
Mo        12.84725        8.72555        3.74486        1        -0.459071        0.519727        0.867239
Mo        16.38714        0.04378        3.91879        1        0.200771        -1.710533        0.967421
Mo        19.97075        1.93568        3.92581        1        0.092493        -0.442186        0.771598
Mo        16.39394        3.20213        3.95980        1        0.931431        1.160451        0.489418
Mo        19.83354        5.49283        3.77865        1        0.385080        0.133426        1.801588
Mo        16.45261        7.11655        4.21358        1        0.247738        -1.182531        -0.838095
Mo        20.02014        9.03052        3.99856        1        -0.194502        -1.643241        1.175689
Te        1.43109        1.86829        5.85966        2        0.445927        -0.150825        -1.773041
Te        5.01162        3.71825        5.65945        2        -1.149059        -0.558809        0.107628
Te        1.54939        1.87928        2.05578        2        -0.518207        -0.679525        0.554424
Te        4.69950        0.04518        2.02385        2        -0.059528        0.283832        0.477980
Te        1.66669        5.29893        5.82666        2        -0.478543        0.154622        -1.789201
Te        4.87768        7.27367        5.70386        2        -0.187281        -0.419211        -1.344552
Te        1.34094        5.24443        1.95241        2        0.553286        0.194085        1.748926
Te        5.16626        3.62423        1.91589        2        -1.639359        -0.222860        0.112637
Te        1.59700        9.06631        5.88152        2        -0.301861        -0.901922        -1.391638
Te        4.73553        0.08539        5.50477        2        -0.313601        -0.133014        0.866362
Te        1.33595        8.60963        2.12003        2        0.278677        1.804957        0.028345
Te        4.67010        7.23963        2.10912        2        0.503119        -0.545307        0.404426
Te        8.04182        1.82950        5.88033        2        0.517942        -0.619481        -1.418531
Te        12.11560        3.60687        5.32670        2        -0.883690        -0.421347        0.795257
Te        8.16014        1.78304        2.24713        2        0.524743        -0.591461        1.113845
Te        11.61084        10.62338        2.25007        2        -0.013563        0.249844        0.223102
Te        8.22925        5.28428        5.78126        2        0.393665        -0.174927        -0.560749
Te        11.89874        7.00482        5.66386        2        0.132686        -0.226444        -0.920402
Te        8.14693        5.18443        2.49558        2        2.520568        0.040832        -1.705931
Te        11.85325        3.66290        2.06299        2        -0.263789        -1.074725        0.342352
Te        8.32917        8.72754        5.71666        2        -0.647946        -0.394663        0.162006
Te        11.65153        10.51404        5.61584        2        0.478515        -0.282965        0.195271
Te        8.42075        8.63820        2.17024        2        -0.258315        0.676348        0.959828
Te        11.85983        7.24037        1.77659        2        -0.371986        -1.062835        0.870256
Te        15.41214        1.47499        5.93569        2        -0.576570        0.901401        -0.455659
Te        18.84918        3.71934        5.69945        2        -0.389872        -0.213732        -0.766310
Te        15.12258        1.58089        2.21374        2        0.943151        0.386661        -1.584039
Te        18.71706        10.62388        2.41181        2        -0.105267        1.686892        -1.413863
Te        15.06936        5.06966        5.50597        2        0.726255        0.465015        0.521398
Te        18.58694        7.39339        5.85169        2        1.003534        -0.940084        -0.603269
Te        15.68481        5.30757        2.26191        2        -0.947184        -0.369163        -0.062490
Te        18.70925        3.62606        2.19698        2        -0.302309        -0.343327        -0.171763
Te        14.94664        8.85164        5.50375        2        0.290543        0.343856        1.125963
Te        18.71847        10.57144        5.73581        2        -0.002523        1.801754        -0.113561
Te        15.25906        8.65543        2.35578        2        -0.108949        0.851251        -0.895718
Te        18.58413        7.44394        2.31213        2        0.065625        -1.112876        -0.005526
