54
Lattice="20.707852593 0.000456147 -0.025753600 -0.000245476 11.134156037 0.000007040 0.013560576 0.000001770 30.000000000" Properties=species:S:1:pos:R:3:tags:I:1:forces:R:3 energy=-311.41465155 stress= -15.05036 -12.39315 -2.23278 0.15442 2.56009 0.56235 pbc="T T T"
Mo        2.31992        11.07873        3.82332        1        -0.302860        0.229566        0.523690
Mo        4.73315        1.71117        4.11289        1        -0.001307        -0.981332        -0.836965
Mo        2.32489        3.43597        3.81090        1        -0.003959        -1.236577        -1.068112
Mo        4.93717        5.07851        3.74367        1        -0.924102        -1.253796        1.876541
Mo        1.98214        7.82197        4.01912        1        2.180754        -1.327614        0.155160
Mo        4.82161        9.41130        3.99155        1        0.752207        0.622569        0.362841
Mo        9.27274        0.35444        3.68089        1        -0.158556        -0.069220        1.312311
Mo        11.83131        2.14766        4.13528        1        -0.205334        0.060169        -1.460555
Mo        9.21418        3.72863        3.82373        1        0.397573        -0.665486        -0.636376
Mo        11.65657        5.54543        3.96118        1        0.108567        0.415319        -0.304593
Mo        9.05804        7.26488        3.67267        1        -0.140819        -1.114836        -1.821674
Mo        11.76858        8.90554        3.78159        1        -0.834740        1.308988        -0.555076
Mo        16.11018        0.41151        4.06260        1        0.516488        -0.304441        -0.241534
Mo        18.77676        1.94994        4.24194        1        -1.492635        -0.401103        -1.775466
Mo        16.23865        3.77046        3.97977        1        0.004116        0.463129        -0.422666
Mo        18.76965        5.42234        4.17386        1        0.336815        -0.436225        -1.104655
Mo        16.14154        7.22745        4.03515        1        0.199983        -0.446444        -0.435492
Mo        18.67671        9.76315        3.88595        1        0.104539        0.207042        -0.061485
Te        0.58893        1.78357        5.34085        2        1.012103        0.233678        0.588049
Te        3.91305        3.41985        5.95192        2        0.547490        0.941530        -0.402636
Te        6.48791        11.00032        2.25498        2        -0.436795        0.241035        1.084814
Te        3.19905        1.47693        1.80643        2        -0.091701        1.084875        1.122585
Te        0.65498        5.44138        4.92447        2        1.165509        0.284297        0.441316
Te        4.21922        7.22881        5.56610        2        -0.559296        -0.013389        -0.036381
Te        6.57404        3.30301        2.64451        2        -0.123438        0.956715        -0.519036
Te        2.96791        5.48351        2.12001        2        -0.575393        0.238161        -0.310961
Te        0.51179        9.28280        5.42530        2        -0.265467        1.586160        0.477808
Te        3.93356        10.95177        6.04913        2        0.238214        0.344478        -0.934843
Te        6.27342        7.28882        2.88540        2        0.109698        0.039799        -0.815696
Te        3.09390        9.14733        2.05126        2        -0.407160        0.510197        -0.981311
Te        7.51751        1.90360        5.11802        2        0.325501        -0.673294        0.535462
Te        10.86774        3.89928        5.92482        2        -0.047163        -0.020700        0.412794
Te        13.53547        0.05295        2.81775        2        -0.765725        0.384229        0.256258
Te        10.35972        1.81527        1.80252        2        -0.099131        0.827324        0.883591
Te        7.34882        5.64446        5.23194        2        0.922428        -0.764971        -0.203374
Te        10.62047        7.57498        5.64498        2        0.894171        -1.142495        1.719599
Te        13.55678        3.88271        2.53375        2        -0.512872        -0.568620        0.437614
Te        10.03587        5.17192        1.72532        2        -0.136451        1.380531        0.886462
Te        7.68753        9.29910        4.93773        2        -0.007200        0.978006        -0.004802
Te        11.08557        11.07422        5.75246        2        -0.299756        0.258801        -1.117168
Te        13.31103        7.30470        2.48068        2        0.536002        -0.225218        -0.043662
Te        9.69605        9.48969        1.89939        2        0.715296        -1.343560        0.643641
Te        14.40068        2.21614        5.40469        2        0.404620        -0.647974        0.294830
Te        18.04854        3.71488        6.04131        2        -0.555550        0.303728        1.039800
Te        20.34553        0.46027        2.56376        2        0.001157        -1.579288        -0.336862
Te        16.90903        2.00763        2.00986        2        0.259039        -0.264255        1.096519
Te        14.38312        5.55419        5.40275        2        0.478797        0.599501        -0.398064
Te        18.27174        7.59115        5.67836        2        -0.777629        0.148712        0.146488
Te        20.41479        3.74058        2.32857        2        -0.310593        -0.186490        1.158695
Te        17.26748        5.45865        2.06921        2        -1.450420        0.764942        0.171226
Te        14.29240        9.45577        5.23047        2        0.761788        -0.536992        -0.339095
Te        17.96829        11.07563        6.05216        2        -0.360149        1.042486        -0.243596
Te        20.34004        7.69138        2.72671        2        -1.490360        -0.226488        -0.736759
Te        16.57916        9.38089        2.22734        2        0.371313        -0.024370        0.518117
