54
Lattice="20.707852593 0.000456147 -0.025753600 -0.000245476 10.309403738 0.000007040 0.013560576 0.000001770 30.000000000" Properties=species:S:1:pos:R:3:tags:I:1:forces:R:3 energy=-316.37694968 stress= -13.62373 -2.53629 2.10841 1.32815 0.35519 -0.55311 pbc="T T T"
Mo        2.22929        10.14404        4.00632        1        0.458179        1.052188        -0.308005
Mo        4.85984        1.92669        4.12710        1        -0.145464        -0.554477        -0.472567
Mo        2.33266        3.22819        4.02442        1        -0.391065        1.048085        0.628549
Mo        4.79552        5.37045        4.32961        1        0.283153        -1.123150        0.600479
Mo        2.31764        6.81791        3.99236        1        0.588209        0.072495        0.334851
Mo        4.90011        8.60243        4.18227        1        -0.439346        0.329231        -0.317623
Mo        9.29635        0.00168        3.99711        1        -0.848231        0.217817        -0.618651
Mo        11.74308        1.79792        3.98976        1        0.013730        -0.012215        -0.044908
Mo        9.19419        3.53560        3.80251        1        -0.395319        -0.014519        0.385762
Mo        11.82026        5.03202        3.89359        1        -0.446028        0.529630        0.776886
Mo        9.19314        6.75934        4.02289        1        0.606989        0.313104        -0.717125
Mo        11.77929        8.61700        3.92234        1        -0.047929        -0.063125        0.478772
Mo        16.02808        0.16857        3.67559        1        -0.198627        0.975244        0.310122
Mo        18.52851        1.80181        3.75406        1        0.754379        -0.473382        0.184250
Mo        15.95441        3.33512        3.78191        1        0.610207        0.257849        -1.201237
Mo        18.69666        5.17928        3.71644        1        -0.514576        -0.494456        0.481845
Mo        16.13835        6.58005        3.64379        1        -0.870676        0.163454        0.354355
Mo        18.64369        8.71434        3.61858        1        0.104482        -0.129024        1.317881
Te        0.43070        1.67279        5.36763        2        0.137569        0.044202        -0.329466
Te        4.13216        3.47812        6.20100        2        -0.370581        0.243828        -0.435039
Te        6.53457        0.00747        2.70499        2        0.170903        -0.094410        0.155915
Te        3.03848        1.64639        2.06565        2        0.359234        -0.259281        0.086829
Te        0.47374        5.10125        5.33895        2        0.238410        -0.183859        0.063523
Te        4.06747        7.08976        6.23327        2        -0.466303        -0.533426        -0.237656
Te        6.47556        3.59641        2.68898        2        0.183654        -0.024609        -0.152891
Te        3.23756        5.07714        2.23000        2        -0.343954        -0.089415        -0.812926
Te        0.39748        8.45123        4.99339        2        0.130866        0.948877        0.916564
Te        4.10216        0.10149        6.02795        2        -0.107124        -0.141461        -0.058723
Te        6.56458        6.75319        2.86898        2        0.347262        0.784536        -0.492226
Te        3.13282        8.59638        2.02326        2        0.222445        -0.626380        0.527250
Te        7.48705        1.76085        5.25969        2        0.161175        0.309001        0.467735
Te        10.82027        3.52093        5.86601        2        0.753139        -0.227331        0.523296
Te        13.41897        0.06534        2.47566        2        -0.201741        0.023441        -0.247275
Te        9.96919        1.74167        1.98142        2        -0.144392        -0.364626        -0.451970
Te        7.83522        5.18612        5.71891        2        -0.655870        -0.482488        -0.128753
Te        11.09930        6.87150        5.88456        2        0.480093        -0.058006        -0.053849
Te        13.43040        3.33972        2.37382        2        0.029521        0.116310        -0.071242
Te        10.00946        5.19358        1.87495        2        -0.220351        0.185355        0.217919
Te        7.79179        8.60691        5.68242        2        -0.406663        0.059784        -0.499441
Te        11.09140        0.17210        5.93320        2        0.260159        -1.211945        0.434387
Te        13.40521        6.69541        2.34851        2        0.227870        0.287419        0.278154
Te        9.89347        8.55414        2.06563        2        -0.240414        0.131771        -0.427239
Te        14.44897        1.53342        5.34992        2        -0.532207        1.021818        0.327880
Te        17.82029        3.48837        5.66062        2        0.402122        0.066032        0.838061
Te        20.51676        0.13564        2.24298        2        -0.764537        -0.297998        0.624458
Te        16.71934        1.81186        1.74990        2        0.510500        -0.192962        -0.905391
Te        14.46589        4.94366        5.35733        2        -0.376745        0.898014        -0.167683
Te        17.89654        6.92176        5.61840        2        0.132800        0.105167        -0.002741
Te        20.40223        3.53352        2.23930        2        0.157252        -0.967984        0.210228
Te        16.84475        5.07298        1.67979        2        0.232881        -0.425375        -0.044602
Te        14.44172        8.49236        4.79618        2        0.135505        -0.318744        0.604808
Te        17.70936        10.30876        5.68371        2        0.930142        0.092271        -0.194996
Te        20.55997        6.72356        2.47128        2        -0.162950        0.618480        -0.745295
Te        16.73380        8.72930        1.90905        2        -0.308262        -1.526565        -1.967190
