54
Lattice="19.174335959 0.000456436 -0.025753600 -0.000245188 11.849097688 0.000007040 0.013560858 0.000001769 30.000000000" Properties=species:S:1:pos:R:3:tags:I:1:forces:R:3 energy=-315.06333426 stress= -7.72901 -18.80705 -2.54407 -0.45705 0.56045 0.66879 pbc="T T T"
Mo        2.15326        0.11137        3.95696        1        -0.509499        -0.179984        -0.443293
Mo        4.36942        1.79907        4.12605        1        0.849903        -0.167208        0.866934
Mo        2.13237        3.88207        3.73798        1        0.597347        0.137163        0.006379
Mo        4.59029        6.19021        4.02189        1        -0.294038        -0.630564        -0.746550
Mo        2.23827        7.64091        3.84087        1        -0.147824        -0.198263        0.193245
Mo        4.29026        10.05183        4.31575        1        0.039167        -0.453422        -0.372484
Mo        8.51661        11.71985        3.74664        1        0.746317        0.555443        0.295678
Mo        10.81704        1.75170        4.04505        1        0.266674        -0.505446        0.922783
Mo        8.70792        3.70052        3.83502        1        -0.132409        0.349860        -0.741194
Mo        10.90418        6.25868        4.08564        1        -0.473730        -0.204498        -0.039012
Mo        8.57897        8.30821        3.80878        1        0.102415        -0.480191        -0.687120
Mo        10.90963        10.00226        3.89638        1        -1.103632        -0.068512        0.452572
Mo        14.96966        11.64800        3.65805        1        0.226464        0.575914        -0.178806
Mo        17.20415        2.14357        3.98351        1        -0.063285        -0.119052        0.427482
Mo        15.05820        3.86157        3.74324        1        -1.445011        0.149710        -0.661453
Mo        17.15208        5.81955        4.12084        1        -0.172417        0.869759        -0.484640
Mo        14.94225        8.16196        3.75356        1        0.000366        -0.557593        0.872523
Mo        17.25985        9.57452        3.98023        1        -0.186178        0.721559        -0.797858
Te        0.58400        1.92607        5.25217        2        -0.250772        0.555120        0.038489
Te        3.82850        4.10168        5.76300        2        0.327075        -0.556093        0.028221
Te        5.92460        11.78870        2.62826        2        -0.462430        0.167494        0.246880
Te        2.82613        1.88146        1.99093        2        -0.395297        -0.093242        -0.474797
Te        0.63549        5.80156        5.22832        2        -0.065620        0.082193        -0.026114
Te        3.91135        7.82218        6.04632        2        -0.332336        0.549276        -0.387796
Te        5.98776        3.82680        2.84033        2        -0.212271        0.463988        0.310138
Te        2.92146        5.74177        1.85957        2        -0.051032        0.371264        0.482242
Te        0.67983        9.70091        5.05799        2        0.496905        0.106403        0.279212
Te        3.63235        0.10571        6.25342        2        0.432195        -0.042005        -0.839681
Te        5.89679        8.20320        2.64356        2        0.315589        -0.350789        0.277995
Te        2.65324        9.83666        2.14399        2        0.340617        0.187913        0.381680
Te        7.12756        1.93729        5.20245        2        -0.441985        -0.342476        0.105131
Te        10.46106        4.00937        5.81317        2        0.019947        -0.157627        -0.320613
Te        12.35587        0.01709        2.43780        2        0.384390        0.074402        -0.081559
Te        9.30051        1.88767        1.85741        2        -0.515249        -0.187016        0.316609
Te        7.29651        6.03889        5.04532        2        -0.017278        0.007663        -0.283678
Te        10.36933        8.20378        5.88194        2        -0.302845        -0.432084        0.098904
Te        12.18783        3.91354        2.86397        2        0.536345        0.286879        0.129903
Te        9.25397        5.89947        2.01343        2        -0.442121        0.361704        0.739018
Te        6.96023        9.90733        5.36763        2        0.198985        0.329079        0.036882
Te        10.14176        11.71677        6.00127        2        0.164909        0.437485        -1.114002
Te        12.37875        7.99564        2.46218        2        -0.041734        0.131608        -0.034155
Te        9.17121        9.96782        1.74574        2        -0.039222        -0.064708        0.502186
Te        13.50259        1.85404        5.13758        2        0.113161        -0.025076        -0.338462
Te        16.44240        3.97580        5.96175        2        0.539011        -0.459196        0.471130
Te        18.65781        11.79436        2.72179        2        0.003803        0.174318        0.320534
Te        15.62471        1.92157        1.82080        2        -0.313530        -0.016772        0.464318
Te        13.54043        6.06605        5.01159        2        0.055436        -0.168824        -0.145971
Te        16.56772        7.94835        5.96110        2        -0.037078        -0.677436        -0.087531
Te        18.66734        3.93201        2.54417        2        0.384899        0.082738        0.048327
Te        15.46330        6.11269        1.97863        2        0.313541        -0.785904        0.385996
Te        13.38323        9.91521        5.22091        2        0.149372        0.219051        0.109427
Te        16.63339        11.73576        5.68497        2        0.241081        0.175920        0.213863
Te        18.76189        7.77266        2.58936        2        0.110255        -0.369474        -0.030849
Te        15.49982        9.83980        1.80263        2        0.501581        0.125544        -0.691405
