54
Lattice="19.174335959 0.000456436 -0.025753600 -0.000245188 11.849097688 0.000007040 0.013560858 0.000001769 30.000000000" Properties=species:S:1:pos:R:3:tags:I:1:forces:R:3 energy=-308.63207521 stress= -7.04169 -14.52358 -2.88924 1.34230 0.12292 -0.35267 pbc="T T T"
Mo        2.17142        11.66662        3.62226        1        0.896895        -0.508440        -1.074412
Mo        4.38796        2.17436        4.16326        1        -0.743269        0.151457        -1.193659
Mo        2.16131        3.99346        3.52835        1        0.876814        0.925491        1.210680
Mo        4.09671        6.28000        4.18837        1        1.475859        -1.778703        0.251837
Mo        2.16624        8.13840        3.75195        1        1.803732        1.649642        -0.269183
Mo        4.43407        9.80568        3.99637        1        0.085198        0.481988        0.943563
Mo        8.64944        0.10296        3.92990        1        -0.464334        0.031386        -0.250742
Mo        11.06720        1.63332        4.24088        1        0.058057        0.249592        -0.345989
Mo        8.46444        3.87257        3.62622        1        1.460579        -1.313686        1.687571
Mo        10.42077        5.67221        4.41849        1        0.788200        1.415432        -0.963130
Mo        8.61924        8.04647        4.06032        1        -0.264042        -1.453669        0.936752
Mo        10.81333        10.01831        4.26088        1        0.251133        -1.600568        -1.903211
Mo        15.07928        11.52132        3.90470        1        0.996568        0.146044        -0.879210
Mo        17.22788        1.41179        3.86693        1        0.603259        0.343012        -0.715079
Mo        14.82185        4.16060        3.79061        1        -1.082644        -0.630384        -0.953419
Mo        17.25438        6.31547        3.41163        1        -0.173273        -0.164056        1.359117
Mo        14.67899        7.52504        3.76300        1        0.945286        0.564670        0.025486
Mo        17.27161        9.71131        4.16161        1        -0.596977        -0.403477        -2.356380
Te        0.77844        1.89607        4.88084        2        -0.569802        -0.015133        0.075873
Te        3.55914        4.14532        6.07248        2        -0.076209        -0.095715        -1.833283
Te        6.05209        0.31687        2.75113        2        -0.483272        -0.444434        0.242921
Te        2.63866        1.89274        1.82272        2        0.855011        0.242588        0.638434
Te        0.75424        6.08194        4.79429        2        -0.379365        -0.382088        0.565383
Te        3.91095        7.91503        6.19765        2        -0.599137        1.457821        -0.541733
Te        5.93756        4.33761        2.75623        2        -0.912765        -0.831260        -0.136003
Te        2.94365        6.28391        1.83045        2        -0.540332        -0.747535        -0.203835
Te        0.75625        10.00279        5.23574        2        -0.483901        -0.482085        0.328741
Te        3.61266        0.11952        5.86754        2        0.673205        -0.356140        -0.395492
Te        6.07885        7.83128        3.00019        2        -0.569720        0.701468        -0.932273
Te        3.13120        9.83647        1.59918        2        -0.547633        0.237190        1.528642
Te        6.97217        2.34750        5.35390        2        0.010001        -0.732426        -0.194801
Te        10.18567        3.52098        5.99907        2        -0.638054        0.254656        -0.223036
Te        12.54032        11.78079        2.70029        2        -0.149204        -0.935107        0.040175
Te        9.81775        1.89836        1.97220        2        -1.849307        0.293588        -0.053073
Te        6.70856        6.14975        5.58242        2        0.612313        -0.094903        -0.226661
Te        10.16449        7.81203        6.23955        2        0.137757        0.253106        -0.611534
Te        12.12411        3.89199        2.95647        2        -0.227395        0.007887        -0.119016
Te        9.12145        6.01351        2.08415        2        -0.197687        0.359150        0.516372
Te        6.99907        10.00749        5.28291        2        -0.196967        0.379120        0.278117
Te        10.26109        11.72096        6.01493        2        -0.365825        0.748357        2.692522
Te        12.05500        7.83455        2.71890        2        -0.117312        -0.188284        0.423722
Te        8.84897        9.77798        2.21642        2        1.152066        1.655997        -1.079573
Te        13.82461        1.81345        5.17165        2        -0.280904        0.241804        0.124010
Te        16.93735        4.08847        5.09444        2        1.279095        -0.217896        1.260524
Te        18.85777        11.70546        2.12396        2        -0.609253        -0.022360        1.292481
Te        15.31723        1.79417        1.97296        2        0.363055        0.256263        0.724007
Te        13.20164        5.74102        5.22667        2        0.077484        0.263339        0.500814
Te        16.71019        7.59444        5.80756        2        -0.325809        0.353538        -0.879508
Te        18.83700        4.26351        2.37823        2        -0.329258        -0.886898        -0.302912
Te        15.16822        5.78487        1.73302        2        0.384597        0.394092        -0.509896
Te        13.56334        9.66462        5.20429        2        -0.703160        0.050470        0.492495
Te        17.04064        11.57144        5.98846        2        -0.808590        0.749473        -0.044105
Te        18.96267        8.15877        2.45895        2        -0.709086        0.223879        -0.756185
Te        15.61592        9.93705        1.72368        2        0.189946        -0.781942        1.817926
