54
Lattice="19.166863819 0.000008540 -0.000615361 -0.000005198 10.639921383 0.000045896 0.042448411 0.000094922 30.000000000" Properties=species:S:1:pos:R:3:tags:I:1:forces:R:3 energy=-319.70111062 stress= -8.99600 -2.42878 -2.70548 -1.05372 0.18426 -0.16122 pbc="T T T"
Mo        2.43294        0.04773        3.95300        1        -0.150586        0.637465        -0.820057
Mo        5.61878        1.70743        4.09642        1        -0.241300        0.192251        0.910021
Mo        2.33877        3.68804        3.96883        1        0.951169        -0.855758        0.657970
Mo        5.78657        5.35295        4.08959        1        -0.677876        -0.667224        -0.996120
Mo        2.42015        7.17177        4.02767        1        0.941856        -0.542654        -0.948985
Mo        5.66146        8.84183        4.01954        1        -0.413374        1.453990        -0.672980
Mo        8.84791        10.55397        4.08531        1        -0.011490        -0.653412        -0.380019
Mo        12.15733        1.60197        3.83280        1        -0.933795        0.051504        0.645289
Mo        8.83619        3.47906        3.81796        1        -0.509611        0.405109        1.664375
Mo        12.01903        5.29561        3.89732        1        -1.132043        -0.052158        -0.349998
Mo        8.87011        6.98839        3.86826        1        -0.080172        0.424415        0.638873
Mo        12.01458        8.75507        3.88870        1        -0.813584        0.096062        -0.786539
Mo        15.03178        10.63919        3.79472        1        0.866402        1.000098        1.233437
Mo        18.31934        1.84455        3.94800        1        -0.111952        -0.192879        -0.246197
Mo        15.08161        3.57654        3.71125        1        1.246755        -0.446215        0.472099
Mo        18.48852        5.42937        3.85956        1        -0.787787        -0.077743        0.430660
Mo        15.31775        7.14056        3.77105        1        0.365516        -0.860558        0.716709
Mo        18.49646        8.97018        3.99968        1        0.057442        -0.229343        -0.506091
Te        1.16200        1.80150        5.68823        2        0.743403        0.295836        0.151732
Te        4.54098        3.51734        5.99493        2        0.032283        0.403665        -1.443188
Te        1.36430        1.91609        2.13903        2        -0.215184        -0.480000        0.495174
Te        4.63258        0.12189        2.08819        2        -0.422296        -0.745944        1.180651
Te        1.29136        5.42145        5.71107        2        0.043129        -0.099726        0.789378
Te        4.59853        7.11360        5.70295        2        -0.341691        -0.242402        1.066892
Te        1.39205        5.41375        2.12417        2        0.444559        0.155115        -0.010511
Te        4.63090        3.52620        2.40224        2        -0.433485        0.542957        -0.248782
Te        1.53518        8.96394        5.83915        2        -1.206337        -0.071782        -0.213069
Te        4.33487        0.01106        5.76766        2        1.500961        -0.259311        0.410453
Te        1.51726        8.89364        2.20425        2        -0.867517        0.364662        -0.294450
Te        4.63539        7.12658        2.18649        2        -0.194766        -0.437060        0.695385
Te        7.89775        1.75074        5.78976        2        -0.608304        0.340869        0.027304
Te        10.95882        3.41957        5.59160        2        0.366398        -0.059442        -0.168532
Te        7.61986        1.60129        2.35493        2        0.606456        0.184854        -1.013505
Te        10.61964        10.49959        2.00303        2        1.588802        0.114952        1.148023
Te        7.87494        5.39899        5.76185        2        0.202453        -1.091818        -0.093790
Te        10.98565        7.04930        5.78797        2        -0.108749        -0.254602        -0.979264
Te        7.73083        5.16564        2.00056        2        0.031662        0.626591        0.916881
Te        10.89991        3.32356        2.11998        2        0.643654        0.606364        -0.128701
Te        7.69943        8.80743        5.88376        2        0.505867        -0.203245        -0.880528
Te        11.09988        10.52001        5.74860        2        -0.196020        0.303501        -0.521994
Te        7.72579        8.80355        2.20830        2        0.089674        0.024421        0.316005
Te        10.89416        6.99633        2.04944        2        0.189418        0.073516        0.335203
Te        14.31044        1.86861        5.78840        2        -1.176027        -0.346506        -1.395961
Te        17.19647        3.69957        5.57855        2        0.112076        -0.064402        -0.167606
Te        14.11532        1.73722        1.97789        2        -0.218979        0.191712        -0.519581
Te        17.27406        0.06015        2.23688        2        0.267980        -0.409149        -0.559050
Te        14.12145        5.24532        5.53420        2        0.312896        0.930288        0.472103
Te        17.42624        7.22712        5.73790        2        -0.379907        -0.451129        -0.612351
Te        13.99117        5.46973        2.06727        2        0.616009        -0.601142        -0.571851
Te        17.45514        3.56806        2.06770        2        -0.805360        0.415975        0.095415
Te        14.14942        8.77709        5.52778        2        -0.101558        0.125573        0.950263
Te        16.99853        0.07250        5.68257        2        1.412097        -0.132196        -0.219300
Te        14.13794        8.86026        2.10174        2        -0.637504        -0.255480        -1.154724
Te        17.51917        7.12732        2.03565        2        -0.339851        0.823631        0.484457
