54
Lattice="19.940895089 0.000456147 -0.025753600 -0.000245476 10.309403738 0.000007040 0.013560576 0.000001770 30.000000000" Properties=species:S:1:pos:R:3:tags:I:1:forces:R:3 energy=-314.57774289 stress= -7.82161 0.53900 1.19148 -0.14959 0.00699 0.09106 pbc="T T T"
Mo        2.40141        0.18632        3.76710        1        -2.294494        -1.701966        0.275717
Mo        4.64515        1.52704        3.96850        1        0.811616        1.563705        -1.318865
Mo        2.16769        3.37588        4.00947        1        0.572375        0.549846        -0.474735
Mo        4.75503        5.08981        3.80844        1        -0.330359        -1.139335        0.066746
Mo        2.11876        7.00531        3.97711        1        -0.225613        -1.019672        -0.855775
Mo        4.57420        8.41574        3.70386        1        0.527023        0.055247        0.443788
Mo        8.86083        9.90415        3.82242        1        -0.558141        0.684637        1.567321
Mo        11.33324        1.70467        3.96797        1        -0.473021        -0.255452        -0.466773
Mo        8.94082        3.27014        3.81696        1        0.485845        0.377151        1.431402
Mo        11.31363        5.21163        4.00293        1        0.913774        -0.614197        0.429434
Mo        8.86382        6.74779        3.81036        1        0.225274        -0.740457        -0.391266
Mo        11.26240        8.51970        3.97470        1        0.682306        1.344345        2.152354
Mo        15.58123        0.08101        3.89607        1        -0.386879        0.675045        -1.001016
Mo        17.79922        1.77999        4.18506        1        0.611473        -0.203157        -2.157265
Mo        15.56829        3.18487        3.73599        1        -1.059995        1.813912        -0.536724
Mo        17.62506        5.26513        4.07995        1        1.316964        -1.874207        -0.121837
Mo        15.33651        7.40120        3.87189        1        2.597295        -0.609876        -0.195873
Mo        17.90906        8.82231        4.17714        1        1.030781        0.105001        0.169120
Te        0.54984        1.64544        5.31890        2        0.213869        0.387965        1.055910
Te        4.32494        3.40483        5.96874        2        -1.009777        -0.415420        -1.157209
Te        6.40333        10.13063        2.16144        2        -0.583624        -0.208531        0.956551
Te        2.69223        1.75312        1.75163        2        1.163326        1.173846        0.473596
Te        0.57247        5.30574        5.83435        2        0.506011        -0.623534        -1.172908
Te        4.08066        6.66744        5.73310        2        0.112636        0.783634        0.817204
Te        6.58848        3.10024        2.49088        2        -1.554530        0.717397        -0.587319
Te        2.56257        5.16146        1.99968        2        0.698361        0.176812        0.451487
Te        0.54810        8.69923        5.32579        2        0.247213        0.876217        0.634454
Te        4.17806        10.03476        5.75324        2        -0.344659        -0.079581        1.204148
Te        6.40782        6.71545        2.31446        2        -0.220271        -0.047815        -0.088628
Te        2.39480        8.61259        1.81235        2        1.022074        -0.043436        0.327615
Te        7.17825        1.70066        5.47322        2        0.320697        -0.963889        -0.573914
Te        10.59365        3.41877        5.96500        2        0.263513        0.456719        -0.332964
Te        13.00498        10.29480        2.33481        2        -0.179414        0.183205        0.505326
Te        9.43159        1.40607        2.04226        2        0.911385        0.371328        -1.455070
Te        7.41932        4.96411        5.40721        2        -0.879328        0.433650        -0.235610
Te        10.42683        6.91240        5.96130        2        0.737069        -0.220145        0.116482
Te        13.15252        3.52198        2.32760        2        -1.074577        -0.335849        0.305769
Te        9.72791        4.91799        1.92138        2        -0.334762        0.574354        -0.770211
Te        7.25107        8.32816        5.47924        2        -0.326866        0.487063        -0.794553
Te        10.51187        0.09961        6.01417        2        0.199185        -0.797244        -1.057639
Te        12.96395        7.03236        2.46130        2        -0.161131        -0.019946        -0.639748
Te        9.76914        8.37101        1.91031        2        -0.793347        -0.180547        -1.728010
Te        13.78778        1.82154        5.21505        2        0.456727        -0.136028        0.837412
Te        16.82004        3.42395        6.06679        2        0.870702        0.866960        -0.020491
Te        19.65332        0.46511        2.32314        2        -0.536555        -0.828106        0.708234
Te        16.27043        1.71265        1.58484        2        0.332924        -0.060720        1.725747
Te        14.08703        5.37800        5.02422        2        -0.851085        -1.222494        0.940380
Te        17.58046        6.88805        5.95493        2        -1.296875        1.396489        1.811208
Te        19.55298        3.53526        2.58269        2        -0.098763        0.091830        0.383314
Te        16.02894        5.46461        2.03423        2        -0.099492        -0.791949        -0.478841
Te        13.89531        8.84854        5.44265        2        -0.913532        -0.050859        0.706047
Te        17.30284        0.17389        6.17942        2        -0.637942        -0.724762        0.170313
Te        19.37093        6.99034        2.75840        2        0.841601        -0.359626        -0.825907
Te        16.65158        8.78313        1.96681        2        -1.424127        0.091043        -1.203025
