54
Lattice="20.641237959 0.000008540 -0.000615361 -0.000005198 11.916711949 0.000045896 0.042448411 0.000094922 30.000000000" Properties=species:S:1:pos:R:3:tags:I:1:forces:R:3 energy=-307.41169066 stress= -24.74984 -25.23045 0.17492 -0.43358 1.32552 -0.01471 pbc="T T T"
Mo        2.65015        0.10010        4.04756        1        0.663447        -0.384343        0.315293
Mo        6.13086        2.11135        3.96679        1        -1.282874        -0.469969        0.194568
Mo        2.51174        3.82135        4.13585        1        -0.143991        0.887724        -0.683459
Mo        5.98610        6.07419        3.89988        1        0.276557        -0.155136        0.202965
Mo        2.50229        7.84273        3.86978        1        0.423437        0.811180        0.366867
Mo        6.08770        10.10807        3.97012        1        -0.646790        -0.763791        0.485855
Mo        9.48638        0.06606        3.80398        1        0.327152        -0.402079        0.080689
Mo        12.92351        1.95728        3.77343        1        -0.175790        -0.457196        0.563661
Mo        9.49029        4.05047        3.96406        1        -0.476629        -0.790545        -0.147645
Mo        12.96144        5.92695        3.87515        1        -0.117167        0.101488        0.300790
Mo        9.45486        7.84949        4.15049        1        0.468073        0.130665        -0.454103
Mo        12.97267        9.96560        3.71436        1        -0.175881        0.127291        0.588981
Mo        16.46008        0.03442        3.87264        1        -0.643301        0.268974        0.311040
Mo        19.84294        1.78307        3.97348        1        0.034025        0.893201        -0.627890
Mo        16.37819        3.96177        3.95432        1        -0.559410        -0.121499        -0.208147
Mo        19.76066        5.83142        3.85025        1        0.772302        0.579076        -0.630398
Mo        16.55512        7.85952        3.97461        1        -0.667141        0.562871        -0.222578
Mo        19.76501        9.87410        3.85640        1        0.870695        0.515711        0.129934
Te        1.42002        1.91197        5.81193        2        -0.188986        -0.184784        -0.409995
Te        4.72886        4.16990        5.69026        2        0.804353        -0.343811        -0.068515
Te        1.58516        1.89824        2.28551        2        -0.559407        0.160353        0.392234
Te        4.95503        0.05698        2.29322        2        -0.073016        0.494812        0.317413
Te        1.29149        6.00138        5.65080        2        0.259380        -0.527871        -0.239780
Te        4.76618        7.97522        5.61341        2        0.217945        0.166258        -0.340611
Te        1.53825        5.75812        2.25498        2        -0.450779        0.010346        0.339940
Te        4.80621        4.05024        2.38115        2        0.081820        -0.121429        -0.074433
Te        1.48604        10.00694        5.63772        2        -0.302417        -0.421395        -0.493584
Te        5.10636        0.08907        5.79109        2        -0.395245        0.237810        -0.753400
Te        1.62089        10.03245        2.28817        2        -0.589186        -0.242953        0.214437
Te        4.86034        8.13573        2.29115        2        0.078427        -0.358530        -0.085246
Te        8.35561        1.98079        5.51212        2        0.400991        0.226104        0.887799
Te        11.75314        3.82788        5.49822        2        0.444287        0.486631        0.559394
Te        8.25636        2.02040        2.27719        2        0.399151        0.445571        -0.672059
Te        11.83567        11.86171        2.01397        2        -0.297618        0.297584        0.458936
Te        8.23770        5.87233        5.69127        2        0.011122        0.269184        -0.187569
Te        11.87776        8.01782        5.52229        2        0.082722        -0.171316        0.246154
Te        8.51904        5.98960        2.26108        2        -0.832430        0.219869        0.177881
Te        11.72057        3.96167        2.27755        2        0.194439        0.251935        -0.718278
Te        8.38987        9.99839        5.55577        2        0.061624        0.111582        0.820417
Te        11.67427        0.03278        5.50041        2        0.597086        -0.123638        -0.453385
Te        8.36377        9.80308        2.43607        2        0.000203        0.175532        -1.030776
Te        11.75967        7.92474        2.26232        2        -0.135013        -0.176146        -0.056497
Te        15.10435        1.97768        5.64538        2        0.339104        -0.011565        -0.730914
Te        18.64294        3.97607        5.54966        2        0.085417        -0.634993        0.176497
Te        15.21958        2.00408        2.21519        2        0.323407        0.115282        0.022740
Te        18.68040        11.79556        2.17736        2        0.143026        0.403731        0.016915
Te        15.25723        5.95244        5.60078        2        0.006545        -0.000899        0.172347
Te        18.88429        7.84549        5.48348        2        -0.645317        0.129045        0.858730
Te        15.22337        6.00386        2.29318        2        0.368219        -0.251175        -0.253434
Te        18.57504        3.94793        2.19503        2        0.232129        -0.574233        0.260439
Te        15.25559        9.96818        5.48134        2        0.086896        -0.197887        0.256605
Te        18.56629        11.85974        5.57993        2        0.529277        -0.289039        0.327401
Te        15.38135        9.97147        2.28741        2        -0.048855        -0.489504        -0.513786
Te        18.74113        7.94030        2.16023        2        -0.156235        -0.429755        -0.009962
