54
Lattice="19.173937585 0.000456147 -0.025753600 -0.000245476 11.340344112 0.000007040 0.013560576 0.000001770 30.000000000" Properties=species:S:1:pos:R:3:tags:I:1:forces:R:3 energy=-311.00618409 stress= -5.75303 -13.76913 -6.78288 -2.53503 -1.69116 0.97717 pbc="T T T"
Mo        2.26575        0.37981        3.60500        1        0.015485        0.452640        0.019686
Mo        4.42354        1.90001        3.80039        1        0.725915        1.762220        0.642170
Mo        2.17476        3.75813        3.48895        1        -0.069886        0.163191        -0.120686
Mo        4.31516        5.68329        3.90090        1        1.441053        -1.568998        0.621142
Mo        2.26592        7.30024        3.78900        1        -0.473568        0.707722        -1.715801
Mo        4.54650        9.98788        4.25334        1        0.016094        -1.252040        -1.683988
Mo        8.78858        11.21156        3.91788        1        -1.446447        1.114319        -0.230692
Mo        10.96602        1.78689        3.75601        1        -0.357443        0.068470        3.025537
Mo        8.70386        3.91293        4.08698        1        -1.567562        0.619326        -2.796892
Mo        11.00627        5.75691        4.11434        1        -1.719233        0.611877        0.024985
Mo        8.39925        7.61858        4.14827        1        0.748746        0.015579        -0.469806
Mo        10.75276        9.33573        4.26835        1        -0.779216        -0.137310        1.110153
Mo        14.83950        11.19100        3.76214        1        0.378137        -0.508437        -0.046288
Mo        17.14419        1.61025        3.76682        1        0.205966        1.457495        -0.011711
Mo        14.93076        3.57644        3.90703        1        0.357964        -1.123385        -1.091926
Mo        17.23323        5.68278        3.88146        1        -0.856492        -0.055440        0.310382
Mo        15.12672        7.37992        3.82293        1        -0.542288        -0.026981        0.558682
Mo        17.29296        9.36064        4.06378        1        -1.368245        -0.275353        -0.150070
Te        0.53128        2.04335        5.16761        2        0.669409        -0.690799        -0.754677
Te        3.59164        3.79535        5.81326        2        0.539824        0.112492        -1.050540
Te        6.22411        0.19412        2.57736        2        -0.137804        -0.898923        0.193076
Te        2.91397        2.01060        1.41621        2        -0.045865        -0.044362        1.526549
Te        0.54534        5.68824        5.06529        2        0.887092        -0.347676        0.320881
Te        4.08837        7.50586        5.76032        2        -0.518247        1.258226        0.647300
Te        6.33767        3.92525        2.52856        2        -1.150713        -0.054950        0.056279
Te        3.02483        5.71057        1.57606        2        -0.809596        -0.127529        0.747251
Te        0.93989        9.62529        4.92743        2        -0.329671        -0.681670        0.074150
Te        3.83106        0.47929        5.97957        2        -0.588373        -0.576738        0.101202
Te        5.82126        7.69242        2.60029        2        0.842264        0.440536        0.587916
Te        3.17443        9.72369        1.92016        2        -0.324493        -0.475228        1.112099
Te        7.04038        2.04030        5.27376        2        0.075975        -0.669390        0.052076
Te        10.42789        3.93948        5.91137        2        0.922365        -1.547654        1.592619
Te        12.16491        11.00476        2.58365        2        0.984697        0.683355        -0.369513
Te        9.08464        2.01656        1.90946        2        -0.068755        -0.270244        0.690950
Te        6.97044        5.75387        5.54767        2        0.026728        -0.678764        -0.271514
Te        10.34783        7.45869        6.17025        2        -1.271584        0.169477        -0.157904
Te        12.23936        3.84629        2.40990        2        0.639795        -0.115432        0.341034
Te        8.98780        5.76948        2.07712        2        0.396775        0.060934        0.980707
Te        7.07648        9.40284        5.94054        2        0.135637        0.629340        -1.618804
Te        10.35275        0.18748        6.09903        2        -0.094817        -0.411759        -1.007633
Te        11.97632        7.68571        2.68723        2        2.242634        -0.634449        -2.019781
Te        9.10866        9.31760        1.97033        2        -0.155004        0.113539        1.218753
Te        13.28622        1.65505        5.31143        2        0.469350        0.487864        -0.453144
Te        16.98711        3.65741        5.73651        2        -1.196343        -0.044183        -0.478680
Te        18.60002        11.12345        2.40552        2        0.917383        0.473437        -0.401108
Te        15.27346        1.51896        1.75480        2        0.101241        0.942915        0.876560
Te        13.37125        6.14271        5.68085        2        0.320781        -1.211301        -0.519938
Te        16.73291        7.27825        6.17313        2        -0.047635        0.793444        -1.714636
Te        18.77265        3.67997        2.34584        2        -0.637744        0.085640        0.092045
Te        15.20593        5.31453        1.95871        2        0.528091        0.858723        0.139450
Te        13.23992        8.97156        5.63520        2        0.688596        1.357617        -0.435502
Te        16.56746        0.20117        5.80976        2        -0.037021        -1.862996        0.829536
Te        18.65489        7.45606        2.52798        2        0.900661        0.591388        -0.219777
Te        15.44145        9.20687        1.82654        2        0.384265        0.242359        1.301690
