54
Lattice="19.174335959 0.000456436 -0.025753600 -0.000245188 12.055168952 0.000007040 0.013560858 0.000001769 30.000000000" Properties=species:S:1:pos:R:3:tags:I:1:forces:R:3 energy=-311.35960395 stress= -7.59540 -14.29959 0.97220 -0.65548 0.06584 1.81438 pbc="T T T"
Mo        2.48066        0.23435        3.53166        1        -0.586602        -1.217794        0.039393
Mo        4.48313        2.39244        4.08458        1        -0.459499        -1.054221        0.411224
Mo        2.30134        4.34679        4.14935        1        -2.255921        -0.500108        -0.929561
Mo        4.63466        5.78322        4.36304        1        -1.084972        0.410406        -0.493064
Mo        2.11108        7.74473        3.99055        1        0.630227        0.452310        0.973455
Mo        4.37904        9.66126        4.25936        1        0.306047        0.630102        0.768874
Mo        8.25581        11.32282        3.86815        1        -0.390596        -0.483645        -0.885029
Mo        11.03300        2.61392        3.67534        1        -0.077460        0.416361        1.998003
Mo        8.51905        4.14945        3.73008        1        0.848802        0.616799        -0.899987
Mo        11.01112        6.01221        3.98892        1        -1.083297        0.308778        -0.568008
Mo        8.60176        7.87554        3.91045        1        0.972274        -0.736606        1.252082
Mo        10.71665        9.68621        4.02676        1        0.268552        0.028064        0.016668
Mo        14.80488        0.00479        3.80809        1        1.160967        -0.710905        -0.265225
Mo        17.34630        1.71604        3.97224        1        -1.029066        -0.850506        -1.839382
Mo        15.22745        3.90080        3.40534        1        -0.246446        1.086974        0.950327
Mo        16.94343        6.01856        4.27575        1        0.362704        0.808946        -0.509435
Mo        15.05299        8.41717        3.67682        1        -0.500925        0.420402        -0.483475
Mo        17.36718        10.48404        3.83005        1        -0.320954        -0.711366        -0.406956
Te        0.68494        2.02032        4.99619        2        0.973537        -0.251742        0.133104
Te        3.80400        3.92562        6.17427        2        1.121541        -0.072555        1.020627
Te        5.49678        11.93558        2.93921        2        -0.225231        0.146122        -0.607830
Te        2.58731        2.49348        2.03807        2        0.602008        0.101829        0.401928
Te        0.58724        6.09314        5.57621        2        -0.635449        -0.197193        -0.136381
Te        3.81441        7.89821        6.11386        2        -0.236532        -0.707348        0.623464
Te        5.77033        4.10898        2.44679        2        1.068307        0.202169        0.138168
Te        2.89648        6.02322        2.25607        2        0.354341        0.041552        -1.602263
Te        0.88472        10.12966        5.00119        2        -0.142406        0.523458        -0.465628
Te        3.61359        0.09981        5.90960        2        0.641907        -0.048319        -0.336412
Te        6.07576        7.84912        3.01080        2        -1.158934        -0.216544        -1.141845
Te        2.87987        9.75013        2.15745        2        -0.637390        0.355798        -0.442920
Te        7.23211        1.89014        4.62648        2        -0.372972        -0.180441        0.520642
Te        10.13648        4.21753        5.86843        2        1.072295        -0.759540        -0.754591
Te        12.07591        0.14121        3.02030        2        0.679987        -0.397015        -0.591396
Te        9.28447        2.12684        1.90620        2        -0.981570        -0.067076        -0.015716
Te        7.23379        5.79602        5.46761        2        -0.514818        0.137355        0.490837
Te        10.47148        7.75595        5.98360        2        -0.401601        0.646070        -0.345292
Te        12.39785        4.30887        2.26187        2        1.142491        0.058076        -0.305870
Te        9.13017        6.10331        1.98253        2        0.456351        -0.619395        -0.514959
Te        7.07330        9.59452        5.44384        2        -0.594065        0.536614        0.515762
Te        10.16122        11.95571        5.42190        2        0.219260        0.297822        0.540500
Te        12.47197        8.13043        2.59486        2        -0.301727        0.092860        -0.434058
Te        9.01725        9.49609        1.83913        2        0.104791        1.382780        0.603884
Te        13.60598        2.27652        4.98975        2        -0.409804        0.174983        0.159460
Te        16.61262        3.61457        5.71503        2        -0.271745        0.918460        0.290665
Te        18.97259        0.07436        2.13928        2        -0.270596        0.042054        0.969442
Te        15.46596        1.76671        1.83948        2        0.613617        -0.011402        -0.298232
Te        13.65386        6.16234        5.00284        2        1.169315        -0.349026        0.211580
Te        16.55097        8.63416        5.77614        2        0.787538        -0.878354        0.308157
Te        18.43279        3.98732        2.83972        2        0.036713        0.899500        0.045821
Te        15.53329        6.36038        1.94151        2        0.476229        -0.646094        0.318846
Te        13.35526        10.09463        5.27040        2        0.137803        -0.278243        -0.031350
Te        16.64133        12.02694        5.85954        2        -0.336869        0.174818        0.213480
Te        18.70671        7.92403        2.80087        2        -0.633206        0.163508        0.465691
Te        15.56998        10.31769        1.72127        2        0.004552        -0.140422        0.957433
