54
Lattice="18.429676749 0.000008540 -0.000615361 -0.000005198 11.703913521 0.000045896 0.042448411 0.000094922 30.000000000" Properties=species:S:1:pos:R:3:tags:I:1:forces:R:3 energy=-316.39179813 stress= -7.93194 -17.09085 -2.71184 0.14781 0.16153 -0.19457 pbc="T T T"
Mo        2.53494        11.51743        3.76853        1        -1.154422        1.589947        0.959383
Mo        5.41135        2.11703        3.60608        1        -0.465369        0.264733        0.505001
Mo        2.08381        3.96183        4.04092        1        0.601562        -0.566539        -1.038268
Mo        5.39448        5.86761        3.76042        1        0.127597        0.252396        0.515388
Mo        2.40008        7.75783        3.86537        1        -0.024638        0.155588        0.449918
Mo        5.60333        9.83472        3.94063        1        -0.541844        -0.607992        -0.859893
Mo        8.42105        0.13186        3.96006        1        0.249802        0.071819        -0.031412
Mo        11.61207        1.93345        3.89802        1        -0.550709        -0.007071        0.544309
Mo        8.55898        3.94269        3.73945        1        -0.475459        -0.017755        0.546308
Mo        11.50681        5.80884        3.90012        1        1.171363        -0.081813        -0.642891
Mo        8.41197        7.70583        4.06292        1        1.144277        0.174625        -1.565271
Mo        11.17456        9.69836        4.08286        1        1.810803        -0.182950        -0.070419
Mo        14.28797        11.57410        4.13377        1        0.811737        0.295256        0.103590
Mo        17.53550        1.76543        4.05749        1        -0.614572        0.342498        -0.164470
Mo        14.69941        3.92229        4.05871        1        -1.331342        -0.054391        0.005868
Mo        17.64408        5.93593        4.06142        1        0.316068        0.210245        -0.126174
Mo        14.45392        8.01565        3.84130        1        1.471373        -0.938985        0.778025
Mo        17.77984        9.73761        3.95754        1        -0.614278        -0.938472        -0.076594
Te        1.24645        1.79832        5.71797        2        0.569022        -0.231686        -0.515714
Te        4.36998        3.93048        5.54930        2        -0.075016        -0.059190        -0.399617
Te        1.13115        1.77275        2.28141        2        0.542469        0.217876        0.000535
Te        4.60706        0.02439        1.96424        2        -0.064901        -0.344350        0.348393
Te        1.46073        5.91045        5.80558        2        -0.782023        0.386443        -0.488959
Te        4.62561        7.74509        5.59838        2        -0.603159        0.588050        -0.338992
Te        1.18217        5.87353        2.17708        2        0.275813        0.007787        0.479877
Te        4.14282        4.18122        2.07995        2        -0.152997        -1.023382        0.140980
Te        1.47043        9.69087        5.62995        2        0.451543        0.141501        0.017463
Te        4.60156        0.15327        5.40048        2        0.124101        0.128855        0.883184
Te        1.47345        9.75917        2.13003        2        -0.580386        -0.858994        -0.387152
Te        4.47938        7.94547        2.09556        2        0.306976        -0.240278        0.340647
Te        7.39868        2.26468        5.47017        2        0.056370        -0.850632        0.297843
Te        10.58278        3.89752        5.59478        2        -0.211658        -0.324219        0.067900
Te        7.51181        2.03499        1.92669        2        0.281045        -0.016872        0.537273
Te        10.41718        0.04852        2.20750        2        0.568047        -0.056442        0.299924
Te        7.41554        5.84397        5.60797        2        -0.207459        -1.176219        0.418930
Te        10.46098        7.46895        5.74802        2        0.003135        0.946390        0.319639
Te        7.52823        5.79061        2.09990        2        -0.081489        0.804459        -0.255000
Te        10.66207        3.81955        2.09481        2        0.427694        0.230804        -0.157612
Te        7.61923        9.85938        5.72704        2        -0.281669        -0.357917        0.172656
Te        10.50488        11.67760        5.83194        2        -0.465527        0.965563        -0.754069
Te        7.74994        9.62424        2.32000        2        -0.779339        0.892006        -0.590363
Te        10.60891        7.80787        2.19381        2        -1.019855        -0.617737        0.386464
Te        13.52730        1.99809        5.83613        2        0.342298        -0.065097        -0.467401
Te        16.73811        3.95635        5.77753        2        0.251961        -0.419070        0.277757
Te        13.80185        1.89522        2.26832        2        -0.546347        0.244490        0.372159
Te        16.36879        11.37578        2.35628        2        0.609311        1.060213        -0.196505
Te        13.69107        5.97637        5.64292        2        -0.460746        -0.129469        -0.329536
Te        16.58858        7.93463        5.73315        2        0.184992        -0.051814        -0.727566
Te        13.73868        5.90349        2.17891        2        -0.442959        -0.201436        0.488374
Te        16.69614        3.91329        2.38636        2        0.748936        -0.258921        -0.653898
Te        13.36668        9.56706        5.89241        2        -0.338183        0.450841        -0.854229
Te        16.49680        11.51286        5.74038        2        0.435877        0.074376        0.201627
Te        13.31039        9.88120        2.27204        2        -0.468983        -0.187666        -0.096151
Te        16.78737        7.80319        2.06799        2        -0.581551        0.367396        1.315052
