54
Lattice="19.173937585 0.000456147 -0.025753600 -0.000245476 10.309403738 0.000007040 0.013560576 0.000001770 30.000000000" Properties=species:S:1:pos:R:3:tags:I:1:forces:R:3 energy=-315.16167644 stress= -1.08474 -0.87348 -7.56782 3.07618 2.92726 -1.04834 pbc="T T T"
Mo        2.33777        0.18628        3.94117        1        -1.007619        1.180453        1.737853
Mo        4.55224        1.80553        4.09807        1        -0.491305        0.188215        0.897366
Mo        1.94591        3.73723        3.99715        1        1.212661        -0.009845        -0.181967
Mo        4.34573        5.33720        4.20789        1        0.549131        -0.851045        0.719393
Mo        2.03914        7.22052        4.25729        1        -0.352164        -1.324360        -1.699914
Mo        4.44204        8.68618        4.29152        1        1.262338        -1.490837        -0.176613
Mo        8.61765        0.00104        3.69436        1        -0.082722        -0.774707        0.468913
Mo        10.91750        1.25984        3.82988        1        -1.712410        2.381603        0.838291
Mo        8.61928        3.32018        3.72592        1        -0.370739        0.849166        -0.029849
Mo        10.90009        4.80385        3.68221        1        0.025688        1.108078        0.730925
Mo        8.53884        6.64548        3.63833        1        1.081246        0.015517        1.209276
Mo        10.85704        8.31240        3.97501        1        0.066829        0.441527        -0.593290
Mo        15.08140        0.14838        3.65917        1        -0.086641        0.367922        -0.646588
Mo        17.32989        2.07565        3.99382        1        -0.071438        -1.237448        -1.539577
Mo        14.92948        3.44629        3.44631        1        0.614576        -0.892544        1.533639
Mo        17.30620        5.23813        3.93559        1        -1.414051        -1.135083        -0.097375
Mo        14.78350        6.42666        3.78584        1        0.023472        1.422902        -0.736452
Mo        17.19602        8.86677        4.17101        1        -0.425759        -0.517353        -0.876191
Te        0.62343        1.69000        5.56345        2        -0.347252        1.336605        -0.154995
Te        3.59934        3.58561        6.17475        2        0.339991        -0.848458        -0.825484
Te        6.00435        0.03933        2.44730        2        -0.077497        -0.065854        0.633584
Te        2.81792        2.05730        2.00820        2        0.018350        -0.713990        0.305349
Te        0.24284        5.36097        5.61343        2        1.385045        -0.265919        -0.021333
Te        3.64256        6.73564        6.34684        2        0.616439        1.412818        -0.079051
Te        6.08476        3.81201        2.59840        2        -0.619139        -1.679891        -0.394775
Te        3.00690        5.28254        1.94277        2        -1.354327        0.624052        0.962615
Te        0.48039        8.94103        5.65422        2        0.136932        -0.493343        0.303440
Te        3.91628        10.21032        6.30854        2        -0.229291        1.416713        -0.576662
Te        5.97581        6.86636        2.49547        2        -0.071436        0.757887        0.153125
Te        2.78565        8.71711        2.19610        2        0.316920        -0.743612        -1.645674
Te        7.04394        1.74791        5.54309        2        0.198128        -0.324506        -0.902948
Te        10.36966        3.36404        5.86470        2        -0.606416        -1.559401        -0.873711
Te        12.60538        10.30764        2.34481        2        0.193249        -1.783029        -0.907613
Te        8.99954        1.77080        1.52119        2        0.410660        -0.763095        1.314795
Te        6.97631        5.00439        5.50156        2        0.305315        0.292015        -0.453213
Te        10.27641        6.51614        5.90751        2        -0.180583        0.125868        -1.474331
Te        12.51410        3.08559        2.12423        2        -0.509247        0.710923        -0.128008
Te        9.18500        5.08832        1.56957        2        0.073433        -0.541168        0.397820
Te        7.25520        8.33502        5.37788        2        -1.121879        0.991741        -0.123032
Te        10.04796        9.93740        6.07894        2        0.635251        0.675237        -1.692800
Te        12.53899        6.70389        2.15468        2        -0.809315        0.114641        0.623492
Te        9.34210        8.48568        1.69194        2        -0.252194        0.241325        0.949748
Te        13.30415        1.60675        5.11760        2        0.466108        -0.316509        0.743295
Te        16.30830        3.57294        6.00026        2        0.523572        0.360486        -1.350098
Te        18.93694        0.10433        2.59107        2        -0.088349        0.425433        0.038414
Te        16.02713        1.79073        1.49696        2        -0.581130        -0.488479        1.727848
Te        13.27330        4.78080        5.28981        2        -0.152799        0.488773        -0.346451
Te        16.25136        6.83410        5.82974        2        1.100890        0.842600        1.609000
Te        18.88640        3.59246        2.13628        2        -0.011611        0.177146        1.302560
Te        15.77342        5.26353        1.67760        2        0.153877        -0.921971        -0.625075
Te        13.32867        8.35080        5.36904        2        0.154889        0.436610        -0.715241
Te        16.43958        0.44162        5.94647        2        0.014621        -1.105993        0.397553
Te        18.78760        7.07408        2.68787        2        1.062757        0.320763        -0.494633
Te        15.61112        8.37536        1.90812        2        0.066102        1.138909        0.797904
