54
Lattice="19.173937585 0.000456147 -0.025753600 -0.000245476 11.340344112 0.000007040 0.013560576 0.000001770 30.000000000" Properties=species:S:1:pos:R:3:tags:I:1:forces:R:3 energy=-316.08206588 stress= -5.63993 -14.20624 -0.64224 -0.88136 0.38196 0.51960 pbc="T T T"
Mo        2.03455        11.21442        3.83166        1        0.337657        0.003234        0.520418
Mo        4.30784        1.62834        3.81464        1        0.845891        0.078425        0.509031
Mo        2.18355        3.65726        3.77074        1        -0.492695        -0.100595        -0.856780
Mo        4.34204        5.72603        4.05819        1        0.970802        0.233769        1.419576
Mo        2.13487        7.66883        3.74807        1        0.653636        0.664196        0.929489
Mo        4.43259        9.59869        3.98562        1        -1.261480        -1.513785        0.893063
Mo        8.51457        10.97125        3.66011        1        1.183515        -1.839362        -1.185021
Mo        10.75197        1.97352        3.93403        1        0.758545        0.636266        -0.015887
Mo        8.62251        3.90728        3.74008        1        -0.316878        0.529290        -0.683889
Mo        10.85649        5.76381        4.08833        1        1.081350        -0.424099        -0.275198
Mo        8.62560        7.34787        3.79069        1        -0.785576        0.825319        0.206697
Mo        10.81704        9.30876        4.00686        1        0.670106        0.299429        -0.282518
Mo        14.96446        0.06869        3.92496        1        0.222861        0.356284        -0.264313
Mo        17.21035        2.16063        4.07165        1        0.211174        -0.003550        -0.876783
Mo        14.98897        3.99216        3.84421        1        -0.379633        -0.770238        0.783617
Mo        17.23287        5.76390        4.05198        1        0.889179        0.336426        0.858893
Mo        14.96718        7.71470        4.00925        1        0.212483        -0.051036        -1.270891
Mo        17.24303        9.37169        4.13776        1        -0.392970        -0.072588        -0.019581
Te        0.65534        1.73773        5.36757        2        -0.327491        1.088125        -0.220712
Te        3.80531        3.53264        5.82005        2        0.578513        0.537888        -0.194593
Te        5.77283        11.05601        2.33539        2        1.176252        0.748186        -0.615076
Te        2.48356        1.73461        1.83868        2        0.164057        0.255091        0.067385
Te        0.73120        5.73571        5.21850        2        -0.445343        -0.243479        0.207946
Te        3.81549        7.66246        6.03933        2        -0.189539        -0.210527        -1.442965
Te        5.92016        3.64932        2.69715        2        -0.282932        0.678826        -0.085564
Te        2.79338        5.71181        1.97012        2        -0.278447        -0.271901        -0.606657
Te        0.48354        9.41413        5.52188        2        0.872217        -0.158056        -0.641961
Te        3.83530        0.15750        5.92671        2        -0.059635        -1.220623        -0.169350
Te        6.05909        7.39048        2.52789        2        -0.490394        0.078028        0.412648
Te        2.61990        9.51449        1.82924        2        0.298293        -0.256516        0.246648
Te        7.24657        1.64794        4.65644        2        -1.233438        1.146959        0.899623
Te        10.24741        3.83478        5.88955        2        -0.060522        -0.122488        0.097908
Te        12.41819        0.02228        2.52549        2        -0.012717        -0.227630        0.216863
Te        9.07947        1.73757        1.88521        2        0.002318        0.422950        0.045245
Te        6.95563        5.43316        5.52364        2        0.276159        0.446111        -1.089380
Te        10.25043        7.59912        5.92828        2        -0.211502        -0.145588        0.897256
Te        12.46233        3.84335        2.60911        2        -0.207093        0.239226        -0.113437
Te        9.45291        5.78347        1.80378        2        -0.468737        -1.304765        0.130235
Te        7.05361        9.29943        5.27778        2        -0.366471        0.248117        -0.136302
Te        10.27813        0.08798        5.69115        2        -0.285408        -0.786250        0.776651
Te        12.65701        7.59320        2.65388        2        -1.105497        0.077029        -0.499490
Te        9.34162        9.09821        1.75741        2        -0.318254        0.640352        0.479506
Te        13.47317        1.94424        5.25218        2        -0.822396        0.320795        0.200994
Te        16.60870        3.91632        5.99052        2        0.267376        0.428774        0.178700
Te        18.60312        11.25249        2.75251        2        0.452148        0.892137        -0.799156
Te        15.46754        2.09065        1.92840        2        0.394525        -0.530761        0.807821
Te        13.48827        5.77664        5.46122        2        -0.380105        -0.182252        -0.022043
Te        16.59183        7.69694        6.08202        2        0.552194        -0.765415        0.411675
Te        18.86404        3.99978        2.46898        2        -0.529348        -0.644299        0.338543
Te        15.56556        5.71498        2.01719        2        -0.035656        1.340645        -0.895687
Te        13.28795        9.44764        5.52481        2        0.405158        0.386218        -0.443736
Te        16.83475        0.28614        5.90290        2        -0.744201        -1.046984        0.295015
Te        18.87081        7.60177        2.27420        2        -0.785213        0.125062        1.090569
Te        15.57112        9.71376        2.02786        2        -0.190636        -1.176776        -0.217216
