54
Lattice="19.174335959 0.000456436 -0.025753600 -0.000245188 12.055168952 0.000007040 0.013560858 0.000001769 30.000000000" Properties=species:S:1:pos:R:3:tags:I:1:forces:R:3 energy=-311.22271052 stress= -11.48625 -18.31833 -4.00361 0.42556 -0.68462 0.19137 pbc="T T T"
Mo        2.51646        0.02024        3.72367        1        -0.791902        -0.518278        -0.726859
Mo        4.55530        2.22077        3.87628        1        -0.733919        -0.207460        0.983012
Mo        2.24654        4.06882        3.80536        1        -0.947489        0.017753        0.124157
Mo        4.38604        6.05399        4.05980        1        -0.736465        -1.070283        0.164441
Mo        2.00020        7.70219        4.03897        1        0.111619        0.139804        -0.110984
Mo        4.40028        9.41875        4.06313        1        0.139669        1.651586        -0.143477
Mo        7.85378        11.55264        4.02672        1        0.540551        -0.817806        0.711126
Mo        10.99343        2.51251        3.87416        1        -0.437372        0.760409        -1.134807
Mo        8.66308        4.58119        3.81459        1        0.307348        -0.362233        -0.113872
Mo        10.93384        6.21825        3.95315        1        0.009640        -0.204297        0.090154
Mo        8.44595        7.85271        3.76529        1        0.190325        0.478746        0.643284
Mo        10.74973        9.95065        4.05270        1        -0.457627        -0.573215        0.258206
Mo        14.87581        12.05192        3.68001        1        0.697693        -0.649151        0.104164
Mo        17.35950        1.98299        4.05855        1        0.462698        -1.360359        0.252655
Mo        15.36727        3.77104        3.59300        1        -1.739012        1.754022        2.755113
Mo        16.89134        5.93795        4.31262        1        1.180462        1.551260        0.152229
Mo        15.11323        8.18832        3.82399        1        -0.180378        0.542527        0.070642
Mo        17.22218        10.08407        4.01693        1        0.249021        0.746348        0.795102
Te        0.81672        1.95779        5.26396        2        0.179041        -0.052093        -0.588651
Te        3.76124        3.97930        5.99093        2        0.702660        -0.003983        -0.927261
Te        5.55700        11.86113        2.40740        2        0.015285        -0.033570        0.685147
Te        2.68095        1.96568        1.86502        2        0.234419        0.875362        0.368390
Te        0.47479        5.83411        5.59835        2        -0.044850        0.309017        -0.632441
Te        3.79633        7.80522        6.01256        2        -0.280635        -0.246503        0.953857
Te        6.04971        4.22583        2.59830        2        -0.201810        0.050511        -0.274841
Te        2.50849        6.05627        1.97920        2        0.332668        -0.484900        0.069558
Te        0.86686        10.16622        5.14759        2        -0.164665        -0.423291        -0.330773
Te        4.19661        11.97632        5.75678        2        -0.307881        0.151339        -0.449552
Te        5.81208        7.80247        2.45949        2        0.492998        0.187825        -0.275469
Te        2.61878        9.53242        2.02873        2        0.045766        0.899053        0.802062
Te        7.14916        2.10519        4.87025        2        -0.074137        0.106136        -0.157283
Te        10.52843        4.18857        5.90721        2        -0.489126        0.532402        -0.694217
Te        12.17569        12.03653        2.47473        2        0.122397        0.419048        0.715038
Te        9.06338        2.65955        1.92384        2        0.882739        -0.176665        0.949812
Te        6.86928        6.10126        5.34339        2        0.788094        -0.270072        0.210751
Te        10.14463        7.95346        5.89357        2        0.334633        0.311980        -0.293798
Te        12.71230        4.12646        2.63215        2        -0.061298        0.123011        -0.034880
Te        9.36044        6.32664        1.78053        2        -0.186628        -0.417122        0.261583
Te        6.88626        9.61894        5.63823        2        0.253432        0.410476        -0.952034
Te        10.20306        0.29210        5.31711        2        -0.158150        -0.772175        -0.241266
Te        12.18565        8.36100        2.29290        2        0.716873        -0.423906        0.743905
Te        8.87421        10.00098        2.11618        2        0.083585        -0.144378        -0.443186
Te        13.64326        1.98136        5.11117        2        -0.330365        0.519376        -0.294540
Te        16.69653        3.86617        6.00228        2        -0.074893        -0.686378        0.057305
Te        18.81093        12.03588        2.68147        2        0.384031        0.119852        0.364698
Te        15.77885        1.96900        1.93028        2        0.142578        -1.937133        -2.424049
Te        13.94443        5.91485        5.24411        2        0.062841        0.277653        -0.513021
Te        16.83709        8.21997        6.16824        2        -0.648880        -0.074043        -1.503026
Te        18.60417        4.29706        2.73323        2        0.162530        -0.854675        0.162345
Te        15.63988        6.09745        1.96878        2        -0.184189        0.179331        0.038805
Te        13.47928        10.11753        5.22095        2        -0.494014        -0.505097        -0.341382
Te        16.40371        12.02646        5.89295        2        0.585365        0.082060        -0.518719
Te        18.61137        7.98708        2.86271        2        -0.419588        -0.507573        0.266616
Te        15.66356        9.93597        1.82346        2        -0.292188        0.577883        0.345208
