54
Lattice="19.173937585 0.000456147 -0.025753600 -0.000245476 10.927967962 0.000007040 0.013560576 0.000001770 30.000000000" Properties=species:S:1:pos:R:3:tags:I:1:forces:R:3 energy=-315.08469282 stress= -3.96648 -8.08744 -3.89247 1.82531 0.62499 0.08138 pbc="T T T"
Mo        1.82355        0.36341        3.53764        1        3.181062        -0.293423        0.189028
Mo        4.26766        1.81437        3.78089        1        1.473764        0.289143        -1.910827
Mo        2.15041        3.33856        3.69862        1        -0.791973        0.990353        -0.399156
Mo        4.57401        5.62925        3.89080        1        -0.952594        -1.011773        -0.651498
Mo        2.30139        7.22559        3.73971        1        -0.638126        -0.800498        0.588879
Mo        4.25075        9.62706        3.73530        1        1.923007        -1.906667        1.615162
Mo        8.59188        10.90333        3.51035        1        -0.115656        0.672508        0.283284
Mo        10.77103        1.76527        4.02259        1        0.140323        -0.343730        -0.606775
Mo        8.49236        3.53042        3.86255        1        0.558563        -0.433221        -1.773595
Mo        10.70446        5.31211        4.18394        1        0.309938        -0.583801        0.994114
Mo        8.50734        7.77503        3.75836        1        1.453356        -0.215552        -0.120950
Mo        11.07146        9.30767        3.93986        1        -1.399351        0.630480        0.185771
Mo        14.95571        0.23540        4.01997        1        -0.873718        -2.011532        -1.502362
Mo        17.24913        1.51731        4.20031        1        1.117140        2.655406        -0.770886
Mo        14.86907        3.55915        4.14094        1        0.418954        -0.256580        1.182648
Mo        17.27254        5.05987        4.27041        1        -0.207824        0.279743        -0.197333
Mo        14.92841        7.04436        4.13348        1        0.567964        -0.786148        -0.078552
Mo        17.31174        9.32293        4.10102        1        -0.039251        -0.338921        1.092287
Te        0.74740        1.64603        5.56487        2        -0.750030        0.609114        0.016044
Te        3.74522        3.64184        5.72375        2        1.316890        0.527371        0.662933
Te        6.06483        10.91878        2.01910        2        -0.426549        0.301041        0.505662
Te        2.71867        1.91924        1.41805        2        0.157666        -0.494510        1.107757
Te        0.80339        5.08967        5.48897        2        -0.471414        0.822149        -0.673940
Te        3.97630        7.48490        5.85240        2        -0.066469        0.211572        -1.027327
Te        6.03555        3.77849        2.27057        2        -0.115788        -0.360750        0.765403
Te        2.67964        5.36567        1.80466        2        0.575555        0.076284        0.661007
Te        0.76115        9.19190        4.99871        2        -0.282749        -0.260432        0.196388
Te        3.87759        0.16676        5.79427        2        -0.946738        0.346954        0.583293
Te        6.06706        7.60948        2.40795        2        -0.260215        -0.121970        0.086571
Te        2.80746        8.98313        1.80217        2        -1.493534        0.563340        -1.629753
Te        6.81127        1.73668        5.02432        2        0.124977        0.210371        0.305506
Te        10.10776        3.25734        6.10832        2        -0.013182        1.397878        -0.467550
Te        12.53451        0.20671        2.36624        2        0.075873        -0.285370        0.448623
Te        9.10207        2.00390        1.61936        2        0.532742        -0.359416        1.588532
Te        7.15478        5.61543        4.95807        2        -0.138721        0.495798        0.498217
Te        10.44170        7.49788        5.91603        2        -1.036398        -0.825409        -0.603653
Te        12.52371        3.63016        2.64287        2        -1.079519        0.092147        0.513515
Te        9.17889        5.64071        1.96645        2        -0.078398        -0.180855        0.859290
Te        6.77681        9.32965        5.22526        2        0.583878        0.233494        -0.326048
Te        10.02862        10.87271        5.94180        2        0.091082        -0.156420        -1.175688
Te        12.40808        7.12386        2.89938        2        0.375713        -0.029893        -0.703029
Te        9.69249        9.21550        1.62875        2        -0.900204        -0.048911        0.848221
Te        13.33509        1.55504        5.60665        2        -0.903213        1.023823        0.320549
Te        16.61794        3.48777        6.31554        2        -0.067622        -0.463743        -0.854154
Te        18.73014        0.16757        2.22881        2        -1.569373        -0.537439        -0.197723
Te        15.48255        1.89827        2.14508        2        0.627024        0.122410        -1.085641
Te        13.37685        5.26326        5.89220        2        -0.227919        0.103235        -1.087291
Te        16.77475        7.16986        6.10126        2        -0.007560        0.321246        -0.866569
Te        18.78771        3.60369        2.52422        2        -0.655188        -0.406589        0.116335
Te        15.43990        5.25440        2.17434        2        0.727044        0.746479        0.161774
Te        13.43066        9.01031        5.35534        2        0.147926        0.542013        0.313979
Te        16.45953        0.00767        6.09299        2        0.632820        -1.244724        1.978504
Te        18.64629        7.12051        2.86505        2        0.293979        0.241665        0.240596
Te        15.62263        8.98879        2.18917        2        -0.888396        0.213553        -0.186478
