54
Lattice="20.707852593 0.000456147 -0.025753600 -0.000245476 11.134156037 0.000007040 0.013560576 0.000001770 30.000000000" Properties=species:S:1:pos:R:3:tags:I:1:forces:R:3 energy=-312.24400215 stress= -12.49938 -9.94343 -0.14304 -1.78274 0.31819 0.35766 pbc="T T T"
Mo        2.41400        0.25431        3.94068        1        0.515031        0.613802        -2.344847
Mo        4.90850        1.81245        3.89702        1        0.058794        0.796692        0.897157
Mo        2.42179        3.74539        3.78222        1        -0.548291        -0.246454        -0.706359
Mo        5.02742        5.58697        4.06308        1        0.071727        0.616003        -1.880714
Mo        2.63111        8.06155        3.70953        1        -0.904598        -1.741930        1.021349
Mo        4.88540        9.82935        3.81463        1        0.285706        0.016363        0.438433
Mo        9.04754        0.06701        3.77354        1        0.555400        0.543744        1.273502
Mo        11.56196        1.72685        4.15349        1        0.661813        -0.092320        0.145366
Mo        9.41756        3.48303        3.94143        1        -0.511295        0.538166        1.455099
Mo        11.79428        5.18349        4.27826        1        -0.122185        -0.257543        -0.477291
Mo        9.10765        7.79329        3.84124        1        1.155403        0.305405        1.429697
Mo        11.54532        9.55984        4.06712        1        -0.569319        0.411233        -1.022585
Mo        15.89125        0.08769        3.86343        1        0.319885        -0.355459        -0.446364
Mo        18.68433        1.52398        3.77922        1        -0.696217        0.585211        1.000690
Mo        16.07337        3.51449        3.80522        1        -0.652026        -1.116122        1.196090
Mo        18.58201        5.08877        3.90937        1        -0.592594        -0.192221        0.322544
Mo        15.97929        6.63529        3.98287        1        -0.521293        0.638906        -1.102945
Mo        18.38934        9.44234        3.81597        1        2.463459        1.087990        1.245060
Te        0.85803        1.84795        5.40284        2        -0.563322        1.277088        -0.258516
Te        4.12910        3.93807        5.76934        2        -0.093332        -1.401132        1.428825
Te        6.40959        0.12824        2.07199        2        0.179952        0.523252        0.692021
Te        3.19453        2.11245        1.81939        2        -0.417469        -0.434028        0.614891
Te        0.58728        5.71383        4.81474        2        0.460113        -0.018192        -0.028409
Te        4.48152        7.83056        5.53224        2        -0.017540        -0.663784        1.077001
Te        6.73246        3.72575        2.94403        2        0.025427        0.283452        -0.730605
Te        3.26402        5.80692        2.00742        2        -0.091481        0.032312        0.792047
Te        1.11344        9.57779        5.33023        2        -0.676861        -1.164397        0.545384
Te        4.13154        0.18844        5.91974        2        0.734821        0.275083        0.192288
Te        6.62769        7.76754        2.73019        2        -0.822197        -0.570953        -0.166886
Te        2.95959        9.70485        1.88879        2        0.726768        0.990318        -1.958028
Te        7.45531        1.75581        5.40877        2        0.008123        0.263376        -0.381828
Te        10.99883        3.40624        6.25547        2        -0.033827        0.563158        -1.024333
Te        13.07320        11.03770        2.51035        2        0.807509        0.815615        -0.210436
Te        9.90669        1.85343        1.99751        2        0.382164        0.004586        -0.984819
Te        7.88507        5.64775        5.18230        2        -0.313557        0.014646        -0.264267
Te        11.17621        7.67856        5.79040        2        -0.768294        -1.764454        0.312480
Te        13.50785        3.44834        2.65860        2        -1.242480        0.467095        0.337276
Te        10.02889        5.62421        2.27594        2        -0.002590        -0.192915        0.057102
Te        7.31740        9.65325        5.35616        2        0.535868        -0.341548        -0.346205
Te        10.64712        11.10739        6.04565        2        0.175650        0.101236        -0.637707
Te        13.28777        7.17084        2.72000        2        -0.262208        -0.012833        0.657345
Te        9.79790        9.54088        1.91814        2        0.589396        -0.916391        -0.425374
Te        14.34082        1.60138        5.47608        2        -0.071901        0.184748        -0.336853
Te        17.80582        3.40735        5.83984        2        0.564729        -0.082451        -0.474655
Te        20.44273        11.01234        2.59529        2        -0.962732        0.044705        0.338746
Te        16.77552        1.59668        1.85740        2        0.085418        0.314274        0.201066
Te        14.46793        5.15530        5.57283        2        -0.167015        -0.205897        -0.237445
Te        17.94714        7.21779        5.51024        2        0.755738        0.516940        0.895336
Te        20.15162        3.65296        2.34435        2        0.705143        -0.805099        -0.060054
Te        16.77292        5.16437        1.93206        2        0.340079        0.477779        -0.868457
Te        14.51157        9.04129        4.83201        2        -0.379974        -0.232280        0.299028
Te        17.72782        0.08397        5.93444        2        0.115198        -0.770021        -1.350398
Te        20.33566        7.46155        2.60783        2        -0.316910        -0.039976        0.471866
Te        16.61523        8.84727        2.16157        2        -0.965215        0.296164        -0.611178
