54
Lattice="20.641237959 0.000008540 -0.000615361 -0.000005198 11.916711949 0.000045896 0.042448411 0.000094922 30.000000000" Properties=species:S:1:pos:R:3:tags:I:1:forces:R:3 energy=-300.66248359 stress= -22.29582 -22.25013 -3.03674 0.47116 -2.93578 -0.07404 pbc="T T T"
Mo        2.76739        0.20283        3.77914        1        -1.316975        -1.011944        1.338546
Mo        6.02286        1.93407        3.79309        1        0.216606        -0.250750        1.125171
Mo        2.63580        3.87287        3.99616        1        -0.322980        0.672630        0.587532
Mo        5.61772        5.63674        4.24927        1        0.932207        2.404339        -0.369179
Mo        2.27943        7.96573        3.93811        1        -0.475420        -0.300448        -0.244819
Mo        5.66263        10.02553        3.86502        1        0.768889        -0.075917        -0.404488
Mo        9.73376        0.21057        4.23832        1        -0.268267        -1.717588        -1.008303
Mo        12.98833        1.83268        4.13829        1        0.253459        1.629261        -0.597566
Mo        9.41216        3.79414        3.86036        1        -1.442001        0.329100        0.349755
Mo        12.44652        6.03490        3.87332        1        1.491525        -0.946344        0.013917
Mo        9.43294        8.20056        3.94209        1        0.338940        -1.079099        1.230682
Mo        13.31419        9.75367        3.67436        1        -0.572581        0.909110        1.734145
Mo        16.55501        0.35676        3.79842        1        0.252101        -1.262742        0.287922
Mo        19.86992        2.09387        3.89200        1        -0.103254        -0.174085        -0.805706
Mo        16.71784        3.84491        3.73042        1        -1.254948        0.634609        0.171964
Mo        19.96233        5.79441        3.68870        1        0.268157        0.140257        1.534264
Mo        16.65562        7.63555        3.93283        1        -0.917198        0.913149        1.791105
Mo        19.96847        10.02150        3.87443        1        -2.334272        -0.025968        1.369677
Te        1.40892        1.85402        5.61169        2        0.339934        0.622838        -0.135412
Te        4.85176        3.71525        5.78173        2        -0.470846        -0.895508        0.155617
Te        1.52569        2.09140        2.27520        2        -0.301300        0.194968        -0.754361
Te        4.80495        0.15611        2.06187        2        0.757381        -0.484436        -0.101321
Te        1.49115        5.90880        5.68653        2        -0.285691        -0.369144        -1.095750
Te        4.51551        7.89142        5.57177        2        0.321343        0.189630        0.302727
Te        1.45284        6.03794        1.96103        2        0.147295        -0.411385        1.138935
Te        4.79429        3.99608        2.34137        2        0.092282        -0.632560        -0.734687
Te        1.53030        10.05771        5.52576        2        -0.098625        0.575624        0.298278
Te        4.85113        11.85941        5.65823        2        0.013688        0.632761        -0.614711
Te        1.23358        10.20385        2.25093        2        2.095888        -0.408283        -1.502807
Te        4.40583        7.91084        2.38488        2        1.318651        0.045926        -0.510672
Te        8.48634        1.99939        5.69452        2        -0.971707        0.288857        0.127303
Te        11.35512        3.85452        5.71693        2        1.302535        0.182370        -0.280360
Te        8.46426        1.70159        2.23595        2        -0.227002        0.746518        0.360881
Te        11.94036        0.00629        2.32197        2        0.212104        -0.276084        0.340566
Te        8.38557        6.60548        5.96140        2        -0.443759        -0.826891        -0.860070
Te        11.98155        8.02765        5.60421        2        -0.616395        0.450318        -0.128060
Te        7.86670        5.74532        2.57315        2        0.751025        0.455475        0.088653
Te        11.57867        3.85350        2.36790        2        0.755333        -0.125100        -0.463459
Te        8.14360        10.09682        5.55935        2        0.008137        0.166885        0.103858
Te        12.11762        11.81208        5.71660        2        -0.145443        -0.776489        -0.336709
Te        8.53027        10.04645        2.33660        2        -0.809225        0.651418        -0.226193
Te        11.65250        8.11501        2.29974        2        0.140098        -0.358814        -0.972396
Te        15.40433        2.04214        5.62360        2        -0.037601        0.230848        -0.351265
Te        18.84848        4.01988        5.60943        2        -0.187010        -0.120101        -0.966978
Te        15.02260        2.20493        2.12398        2        0.772925        -0.658772        0.765647
Te        18.79443        0.01694        2.00313        2        -0.005352        0.557351        1.086317
Te        15.03496        5.83814        5.27471        2        0.300700        -0.398457        0.168142
Te        19.20597        7.81056        5.65465        2        -0.936402        0.041017        -1.226110
Te        15.21962        5.78096        2.16470        2        0.098033        0.186330        0.340456
Te        18.79891        4.16605        1.81489        2        -0.013003        -1.125525        1.240392
Te        15.54475        9.60776        5.76301        2        -0.055892        0.141931        -1.310996
Te        18.73977        0.16441        5.56055        2        0.043897        -0.140604        -0.601633
Te        15.78931        9.91519        2.45971        2        -0.633906        -0.106360        -0.499670
Te        18.57579        7.59461        2.20728        2        1.237920        0.974390        -0.948831
