54
Lattice="19.535457354 0.000008540 -0.000615361 -0.000005198 10.639921383 0.000045896 0.042448411 0.000094922 30.000000000" Properties=species:S:1:pos:R:3:tags:I:1:forces:R:3 energy=-319.49636766 stress= -13.92671 -3.60028 -3.81862 -0.60988 -0.96543 0.08540 pbc="T T T"
Mo        2.45355        0.04727        3.94713        1        0.781991        -0.683522        -0.207375
Mo        5.88466        1.81793        3.90212        1        -0.616482        -0.713726        -0.433699
Mo        2.70735        3.53424        3.93577        1        -0.521089        0.164662        -0.044715
Mo        5.76566        5.19198        3.89352        1        0.208142        1.177643        1.654864
Mo        2.54254        7.12934        3.94806        1        0.078359        0.322682        -0.561250
Mo        5.75833        8.83924        3.96813        1        -1.345483        0.615061        0.810499
Mo        8.92094        0.03082        3.96330        1        0.215807        -1.104531        -0.031720
Mo        12.27560        1.87532        3.78246        1        -0.385188        0.471681        0.650861
Mo        8.99814        3.32414        3.82288        1        0.228516        0.514999        0.295665
Mo        12.16356        5.40185        3.81406        1        -0.057475        0.137196        0.194389
Mo        9.13205        7.05782        4.03006        1        -0.924556        0.223670        -0.122972
Mo        12.14867        8.86027        4.05474        1        0.288336        0.565696        1.121290
Mo        15.29008        10.62880        3.95081        1        1.016413        -0.066052        -0.187457
Mo        18.76615        1.85545        3.77453        1        0.130257        -0.302583        0.510449
Mo        15.47531        3.47836        3.88204        1        0.728066        0.410672        -0.338839
Mo        18.84334        5.36466        3.84871        1        0.556875        -0.815329        0.933173
Mo        15.35520        7.01589        3.99770        1        0.422989        -0.107905        0.560705
Mo        18.78249        8.98541        4.06320        1        0.247495        -0.405959        -0.649425
Te        1.37761        1.82969        5.62338        2        -0.218799        0.257103        0.094282
Te        4.86750        3.44541        5.83254        2        -0.671521        0.528527        -0.740284
Te        1.50387        1.76396        2.08383        2        -0.257980        0.367100        0.435737
Te        4.57729        10.60574        2.09238        2        0.400360        0.257697        1.101339
Te        1.54644        5.39568        5.67076        2        -0.565214        -0.792675        -0.080557
Te        4.68974        7.05704        5.67869        2        0.013525        -0.316035        0.195935
Te        1.54775        5.29397        2.05237        2        -0.158426        0.237782        1.035886
Te        4.74609        3.58966        2.12281        2        -0.116463        -0.902826        -0.626391
Te        1.51886        8.93290        5.83942        2        -0.536953        -0.105515        -0.726067
Te        4.68850        0.11528        5.75134        2        -0.256907        -0.533045        -0.916769
Te        1.37086        8.85619        2.17068        2        -0.184312        0.259835        0.571311
Te        4.69537        7.08173        2.19642        2        -0.194331        -0.151252        -0.144057
Te        7.86638        1.60467        5.75800        2        0.267146        1.212942        0.099980
Te        11.15789        3.67475        5.54850        2        -0.433483        -0.918389        0.056573
Te        7.91735        1.55605        2.01091        2        -0.182811        0.766644        0.157328
Te        11.09664        10.57322        2.25919        2        -0.144265        0.753084        -0.345186
Te        7.97301        5.12475        5.69385        2        -0.049043        0.220436        -0.550177
Te        11.16185        7.04165        5.87622        2        0.046284        0.221391        -0.682146
Te        7.90530        5.29460        2.25451        2        0.547679        -0.096571        -0.430522
Te        11.07998        3.61680        1.86097        2        0.144872        -0.198709        1.351169
Te        7.84168        8.84868        5.76679        2        0.475698        -0.313367        -0.186358
Te        11.09896        0.27424        5.73354        2        0.151088        -0.805845        -0.608981
Te        7.72810        8.81584        2.31544        2        1.770993        -0.269573        -0.999487
Te        11.16665        7.37170        2.13901        2        -0.744449        -1.587978        -0.176740
Te        14.37493        1.86143        5.66564        2        -0.615287        -0.686251        0.250491
Te        17.67444        3.53794        5.65292        2        0.198394        0.424694        -0.694028
Te        14.37893        1.71389        2.10081        2        0.116880        0.184327        -0.530017
Te        17.55530        10.59075        2.11622        2        0.075738        0.240750        0.757639
Te        14.25029        5.09975        5.76323        2        0.348158        1.052513        -1.041220
Te        17.70343        7.06367        5.70427        2        -0.349276        0.175680        -0.007159
Te        14.30251        5.23626        2.13609        2        0.487581        0.434098        0.087240
Te        17.80686        3.62830        2.01315        2        -0.741048        0.059009        0.237915
Te        14.28815        8.87170        5.80959        2        0.169451        -0.293982        -0.233505
Te        17.50647        0.17571        5.60192        2        0.369911        -0.255618        0.214529
Te        14.22926        8.80011        2.27929        2        0.289153        -0.114103        -0.367992
Te        17.64416        7.17633        2.34817        2        -0.477201        0.296966        -0.704752
