54
Lattice="20.324373841 0.000456147 -0.025753600 -0.000245476 10.927967962 0.000007040 0.013560576 0.000001770 30.000000000" Properties=species:S:1:pos:R:3:tags:I:1:forces:R:3 energy=-315.02630806 stress= -11.90205 -10.36069 -3.13351 0.00562 1.36753 -0.03919 pbc="T T T"
Mo        2.39479        10.87395        3.84677        1        0.025444        -0.542422        0.206902
Mo        4.71946        1.79462        4.02688        1        -0.180360        0.646269        0.523514
Mo        2.38033        4.05740        3.80932        1        -0.307049        0.161433        -0.046505
Mo        4.79619        5.64077        3.86489        1        -0.424363        -0.187527        0.931960
Mo        2.35201        7.31234        3.71098        1        1.549120        0.337539        0.761141
Mo        4.78671        9.07614        3.94658        1        -0.004606        0.400661        0.262048
Mo        9.00673        0.04154        4.14559        1        0.369291        -0.137051        -1.324614
Mo        11.48843        1.61022        4.22355        1        -0.703160        -0.445253        0.297918
Mo        8.94441        3.67918        3.81289        1        0.559649        0.245473        -0.609963
Mo        11.39677        5.60107        3.94806        1        0.078038        -0.834048        0.249774
Mo        9.07459        7.12382        3.78335        1        0.963769        0.400012        1.232202
Mo        11.46677        8.96948        4.20992        1        -0.275299        0.454330        -0.466405
Mo        15.68869        10.80861        3.64760        1        0.918281        -0.667393        0.218668
Mo        18.24258        1.56574        3.82277        1        1.078726        -0.019601        0.292281
Mo        15.81064        3.19494        4.01811        1        -0.948631        -0.485827        -1.708746
Mo        18.37362        5.64343        3.86931        1        -0.606805        1.055117        0.699753
Mo        15.90160        7.58349        3.87547        1        -0.725777        -0.061128        -1.544440
Mo        18.42959        9.16219        3.87795        1        -0.732469        -0.569716        -0.397348
Te        0.73513        1.86933        5.04976        2        -0.115548        0.405590        -0.281668
Te        4.05840        3.80641        5.88545        2        0.373496        -0.041408        -0.785758
Te        6.49415        0.17856        2.80548        2        0.118554        -0.957198        -0.494377
Te        2.86114        1.98846        2.13646        2        0.013445        -0.098958        -0.625470
Te        0.78122        5.58524        5.37238        2        -0.083361        -0.130504        -0.086246
Te        3.91121        7.48580        5.97596        2        0.567856        -0.766953        -1.408985
Te        6.41614        3.72295        2.29080        2        -0.240718        0.046492        0.867003
Te        3.10554        5.55254        1.68092        2        0.121136        0.345852        0.851242
Te        0.62978        9.37671        5.31527        2        0.261014        -0.468467        -0.049887
Te        4.26298        10.90713        5.95626        2        -0.487268        -0.043149        -0.553743
Te        6.66352        7.30265        2.49963        2        -1.299274        0.294015        -0.627959
Te        2.88756        9.24115        1.81997        2        0.666923        -0.367897        0.255134
Te        7.35415        1.89083        5.28511        2        -0.204063        0.324749        0.397755
Te        10.55268        3.74958        5.96406        2        0.620486        -0.283929        -0.909852
Te        13.09726        10.82330        2.60456        2        -0.573102        -0.098363        -0.222428
Te        9.94045        1.72582        2.10637        2        -0.807706        0.190585        -0.171194
Te        7.33094        5.52142        5.24522        2        -0.156875        -0.347371        0.154738
Te        10.76974        7.17491        6.07605        2        -0.290984        -0.114332        -0.503873
Te        12.88853        3.32088        2.59473        2        0.284217        1.164151        0.413310
Te        9.66984        5.46563        1.77989        2        0.325662        -0.508452        0.548475
Te        7.51020        8.91371        5.34854        2        -0.562614        0.498308        0.079364
Te        10.76712        10.77644        6.15874        2        0.114714        0.074340        0.290016
Te        13.22172        7.37583        2.80618        2        -0.249701        -0.297793        -0.568931
Te        9.70116        9.18744        2.11703        2        0.230325        0.060687        0.285187
Te        14.03791        1.53577        5.29472        2        0.761700        0.301241        0.273905
Te        17.83420        3.61757        5.63287        2        0.128791        -0.284715        0.570473
Te        19.86986        10.91425        2.23668        2        0.240347        0.025700        0.349117
Te        16.54909        1.71113        1.83958        2        -0.678360        0.257720        -0.220558
Te        14.21832        5.23315        4.95108        2        0.164041        0.824570        0.352732
Te        17.50632        7.35059        5.91991        2        0.680346        0.017483        -0.257980
Te        19.60188        3.72139        2.49868        2        0.898917        -0.604366        -0.028465
Te        16.29988        5.34845        2.17277        2        0.142807        0.116204        0.361741
Te        14.14041        9.01966        5.37691        2        0.326161        0.285976        0.206188
Te        17.49690        10.82772        5.70157        2        -0.373549        0.237400        0.930062
Te        20.16643        7.27702        2.96077        2        -0.830291        0.387233        -1.140362
Te        16.85728        9.12913        1.53674        2        -0.725553        -0.179736        2.171744
