54
Lattice="19.173937585 0.000456147 -0.025753600 -0.000245476 10.721779888 0.000007040 0.013560576 0.000001770 30.000000000" Properties=species:S:1:pos:R:3:tags:I:1:forces:R:3 energy=-315.09448065 stress= -3.78760 -3.95158 -1.11846 3.71739 -2.12945 -2.57476 pbc="T T T"
Mo        2.19977        0.08872        4.01803        1        -0.109609        -0.351556        0.380899
Mo        4.40920        2.00917        4.23850        1        0.089103        -1.380902        -0.211683
Mo        1.88374        3.62107        4.05547        1        2.066781        -1.002023        0.085678
Mo        4.27254        5.34431        4.30747        1        1.966384        -0.878669        -1.002578
Mo        2.04849        6.84570        3.98047        1        1.657240        0.497285        -0.000828
Mo        4.34895        8.84803        4.40443        1        0.193593        -0.422860        -0.301851
Mo        8.61364        10.64830        3.51060        1        0.592603        0.683774        2.350200
Mo        10.84641        1.79760        3.79165        1        -0.917645        1.203076        -0.015708
Mo        8.54660        3.71088        3.61311        1        0.494356        0.405102        0.521589
Mo        10.99911        5.36809        3.74197        1        -0.965827        -0.943930        -1.162571
Mo        8.60730        7.27876        3.76226        1        0.439409        -0.726309        -0.864008
Mo        11.13611        8.79574        3.89979        1        -1.275631        0.168512        -1.643397
Mo        14.81882        0.09826        3.65556        1        1.200793        -0.386524        -1.219087
Mo        17.12786        1.91177        3.94115        1        2.419156        -1.428571        1.218534
Mo        15.07161        3.55850        3.72366        1        -1.829338        0.813374        -0.924474
Mo        17.19498        5.33829        4.18634        1        0.287086        0.755624        -1.246448
Mo        15.02737        7.30958        3.74954        1        -0.810974        0.614794        2.586649
Mo        17.32052        9.11326        4.10285        1        -0.738430        -1.308867        -1.715705
Te        0.36005        1.64232        5.49549        2        0.482458        0.478808        -0.234070
Te        3.81468        3.53181        6.26910        2        -0.486571        0.128915        -0.114433
Te        6.02725        0.11147        2.84584        2        -1.372822        -0.709519        -0.377102
Te        2.62832        1.72375        2.04245        2        0.588038        0.562886        0.420387
Te        0.57620        5.41400        5.56022        2        -1.478378        -0.924544        1.294366
Te        3.66081        6.83134        6.30459        2        -0.173313        1.936008        -0.034154
Te        5.90869        3.65178        2.60136        2        -0.112456        0.098793        0.048901
Te        2.87226        5.11445        2.04697        2        -0.307576        0.488151        -0.039444
Te        0.63561        8.82415        5.36532        2        -0.229814        0.771532        0.263759
Te        3.91294        0.00952        6.41384        2        -0.361670        0.067157        -1.856395
Te        5.90588        7.03109        2.58984        2        -0.226512        0.721251        0.692422
Te        2.84604        8.69280        2.13194        2        0.038630        1.068016        0.669486
Te        7.13715        1.93276        5.37249        2        -0.112263        -0.138330        -0.546611
Te        10.22029        3.55840        5.80740        2        0.126419        0.099838        -1.159819
Te        12.41652        0.20906        2.37492        2        0.397130        -1.171737        -0.911855
Te        8.84152        1.88639        1.53739        2        0.897701        -0.060152        1.315764
Te        7.26992        5.54491        5.53140        2        -0.589162        -0.817848        -0.613241
Te        10.46621        6.99177        5.68501        2        -0.422970        0.530908        1.320031
Te        12.47621        3.58279        2.11967        2        0.161339        -0.194601        0.684820
Te        8.98502        5.67878        1.58599        2        0.568920        -1.072401        1.270569
Te        7.06140        8.77159        5.42174        2        -0.163552        1.047060        -0.153786
Te        10.33620        10.62764        5.71513        2        -0.389812        0.190270        -0.544066
Te        12.59337        6.87927        1.98054        2        -0.592415        1.195939        1.038284
Te        9.38420        8.96890        1.67528        2        0.176220        -0.295194        0.270172
Te        13.50216        1.85831        5.09521        2        -2.145524        -0.009027        1.299972
Te        16.47719        3.56014        5.94157        2        0.338131        -0.445938        1.546175
Te        18.88060        0.00571        2.33121        2        -0.162829        -0.035238        1.086448
Te        15.84335        2.10826        1.76310        2        -1.006509        -1.665991        -1.902322
Te        13.37837        5.17768        5.16125        2        -0.196885        1.011815        0.325123
Te        16.50883        7.14683        5.99626        2        0.349908        0.781350        0.006856
Te        18.83483        3.77326        2.46790        2        -0.467846        -0.634808        0.100701
Te        15.51582        5.61041        2.04678        2        1.351216        -2.320730        -2.448384
Te        13.46047        8.75235        5.38944        2        -0.352183        0.913616        -0.221741
Te        16.24685        0.05036        5.80887        2        1.036678        0.450334        1.219510
Te        18.94650        6.92836        2.48759        2        -0.860497        0.580920        0.079054
Te        15.53227        8.96332        1.85201        2        0.982530        1.046273        -0.609782
