54
Lattice="19.174335959 0.000456436 -0.025753600 -0.000245188 11.952133320 0.000007040 0.013560858 0.000001769 30.000000000" Properties=species:S:1:pos:R:3:tags:I:1:forces:R:3 energy=-314.41271198 stress= -9.44221 -16.02278 -0.12108 -0.84688 0.54670 -0.51133 pbc="T T T"
Mo        2.17339        11.86282        3.81602        1        -1.173062        -0.598932        -0.165527
Mo        4.64390        1.74387        3.70665        1        -0.070672        -0.263548        0.302236
Mo        2.43513        4.00850        3.31771        1        -0.209695        0.467257        -0.432118
Mo        4.33641        6.35512        3.91499        1        -0.395644        0.330924        -0.713429
Mo        2.10679        8.31084        3.64195        1        -0.572605        -0.184137        1.651218
Mo        4.32361        9.92856        3.88598        1        1.124217        1.325430        -0.087416
Mo        8.20107        0.63043        4.01921        1        -1.710187        0.474646        -0.091627
Mo        10.80167        2.21017        4.02945        1        -0.431218        -0.471589        1.162272
Mo        8.36572        4.01071        3.85963        1        0.203174        0.475937        0.364491
Mo        10.93567        5.74876        4.11882        1        -0.862954        0.139556        0.489609
Mo        8.57712        7.69060        3.84699        1        -0.148297        0.773316        0.225999
Mo        11.05587        9.30806        4.09737        1        0.084398        -0.086373        -0.583639
Mo        14.98551        0.24457        3.82816        1        -0.225569        0.605559        0.836141
Mo        17.24525        2.22207        4.01398        1        0.698966        -0.265376        -0.328445
Mo        15.01609        3.84161        3.96392        1        -0.379608        -0.158016        -0.809532
Mo        17.42722        5.66567        4.05110        1        -1.162858        -0.126597        0.273789
Mo        15.17921        7.57619        3.68665        1        0.310202        0.026173        1.308099
Mo        16.92894        9.99337        4.33443        1        0.523760        -0.724152        0.358941
Te        0.86961        2.16998        4.91747        2        0.021168        -0.100612        0.131422
Te        3.90697        4.14350        5.40325        2        0.388164        -0.686343        0.980104
Te        5.99144        0.03196        2.10526        2        0.181415        0.349319        0.858557
Te        2.69136        1.72716        1.85858        2        0.156149        0.313241        -0.396185
Te        0.94882        5.96830        4.81704        2        -0.031335        0.038090        0.216384
Te        3.71284        8.20191        5.83619        2        0.065553        -0.269848        0.077721
Te        5.66978        4.11722        2.40973        2        0.099261        0.068125        0.135606
Te        2.59682        6.37355        1.78644        2        0.375862        -0.491854        0.032120
Te        0.63069        10.04386        5.43271        2        -0.411104        -0.016379        -0.493761
Te        3.95343        0.09597        5.72801        2        0.392699        -0.434030        0.369047
Te        6.05596        8.01903        2.57175        2        -0.241712        -0.117500        -0.271980
Te        2.55759        10.12640        1.82717        2        0.328326        0.090082        -0.954847
Te        7.05774        2.37063        5.80680        2        -0.060617        -0.655658        -1.417802
Te        10.06760        3.90062        5.97352        2        0.382202        0.245788        -0.106073
Te        12.22599        11.76038        2.99674        2        0.367000        0.393728        0.387531
Te        9.04649        2.15234        2.04391        2        -0.194631        0.370862        -0.918460
Te        6.78387        6.08375        5.32135        2        0.655599        0.116977        -0.092285
Te        10.19089        7.71411        5.99383        2        0.102358        -0.629497        0.292378
Te        12.36493        3.82153        2.54005        2        0.444721        0.371670        -0.271856
Te        9.20695        5.95293        2.02396        2        0.055466        -0.811202        -0.400361
Te        6.96799        10.15508        4.96446        2        0.251380        -0.391643        0.084485
Te        10.16590        11.74117        5.54863        2        0.677947        0.320927        0.032226
Te        12.57089        7.55372        2.74545        2        0.029762        0.471737        -0.339563
Te        9.19446        9.99639        2.41287        2        -0.073363        -0.333570        0.340111
Te        13.32359        2.12869        5.33026        2        0.258043        -0.620277        -0.130878
Te        16.76886        3.86376        6.06524        2        0.037077        0.625197        -0.149036
Te        18.56356        11.87006        2.80778        2        -0.079833        0.162052        0.262762
Te        15.59148        2.00140        1.87160        2        -0.264200        0.099357        0.453043
Te        13.51178        5.79910        5.41304        2        0.362666        0.179798        -0.367043
Te        16.67491        7.59037        6.00304        2        0.196511        0.297153        -0.971027
Te        18.79778        3.96316        2.52987        2        0.737789        -0.258624        -0.528443
Te        15.69361        5.54432        1.94720        2        -0.060032        0.469046        -0.034024
Te        14.24907        9.86335        5.35231        2        -0.046515        -0.129842        -0.198069
Te        16.76583        0.29344        5.90187        2        -0.332593        0.010946        0.098306
Te        18.44782        8.06560        2.80986        2        -0.247783        0.062155        0.125778
Te        15.46487        10.12685        2.14594        2        -0.107588        -0.815807        -0.625766
