54
Lattice="18.429676749 0.000008540 -0.000615361 -0.000005198 10.852719811 0.000045896 0.042448411 0.000094922 30.000000000" Properties=species:S:1:pos:R:3:tags:I:1:forces:R:3 energy=-317.10116362 stress= 2.87463 -4.07209 1.97899 0.80348 2.96175 -0.77227 pbc="T T T"
Mo        2.24489        0.04900        3.91187        1        1.534213        -1.566870        1.112728
Mo        5.53688        1.51697        4.10731        1        -0.384301        1.728706        -1.324166
Mo        2.24389        3.52007        3.90387        1        0.903577        -0.218468        0.952414
Mo        5.42368        5.39707        3.77611        1        -0.446550        -0.760598        2.189261
Mo        2.49523        7.09679        3.94367        1        -0.026374        0.158021        -0.235922
Mo        5.37916        8.79300        3.73132        1        -3.431914        0.466573        -0.573861
Mo        8.47722        10.79207        3.89256        1        -0.490766        0.297834        0.699612
Mo        11.58868        1.92251        3.83937        1        -0.694110        -0.650440        1.322276
Mo        8.26239        3.54649        4.04954        1        1.009491        -1.701191        -0.976233
Mo        11.56958        5.69805        4.00237        1        -0.557973        -0.983741        0.458871
Mo        8.33667        7.10580        3.93976        1        0.337065        -0.066992        -0.515307
Mo        11.45815        9.13935        3.89092        1        -0.179693        0.187773        0.377884
Mo        14.88950        0.10377        3.86851        1        -2.348863        1.482611        0.385506
Mo        17.89221        1.81898        3.90562        1        -0.365159        -0.601356        0.552744
Mo        14.63565        3.78078        3.92373        1        0.530748        -0.343254        0.590247
Mo        17.89455        5.70904        4.06251        1        -0.361173        -1.654986        -0.173290
Mo        14.70122        7.53488        3.88640        1        -2.953145        -1.833614        -1.029280
Mo        17.61064        9.02151        3.85977        1        -0.159712        0.647894        -0.149648
Te        1.32479        1.78925        5.89248        2        0.350863        -0.166696        -0.745214
Te        4.41632        3.48254        5.75924        2        -0.011627        -0.117687        -1.138155
Te        1.42866        1.66524        2.11677        2        -0.536636        1.232639        -1.462322
Te        4.41590        0.12178        2.05848        2        -0.378244        -1.453562        0.774852
Te        1.58407        5.37803        5.79388        2        -1.032965        0.009022        0.219531
Te        4.37395        7.00424        5.81864        2        0.625085        0.570311        -0.820189
Te        1.44970        5.41318        2.15581        2        -0.775537        -0.268749        -0.306297
Te        4.40721        3.46434        2.15926        2        0.013883        -0.395018        0.725368
Te        1.16196        8.92166        5.57517        2        0.994440        0.199123        0.572967
Te        4.41547        10.54104        5.66153        2        -1.018360        0.193091        0.055826
Te        1.37262        8.83952        2.16122        2        -0.304355        0.910762        0.154995
Te        4.35333        6.97168        1.93278        2        0.195884        0.818709        -0.105949
Te        7.59989        1.69948        5.87274        2        -0.518685        -0.811751        0.039108
Te        10.50516        3.59202        5.63090        2        -0.046439        1.112899        0.536691
Te        7.36972        1.64209        2.07054        2        0.191137        0.412716        0.875712
Te        10.38630        0.36409        2.04362        2        0.724901        -1.688944        -0.023482
Te        7.33459        5.23888        5.72737        2        -0.318393        1.267490        0.921597
Te        10.17621        7.27838        5.88905        2        1.357450        0.226392        -0.829816
Te        7.48242        5.15464        2.16971        2        -0.335893        1.321545        -1.477847
Te        10.38205        3.81927        2.35882        2        0.736284        -0.001845        -0.785688
Te        7.06194        8.90362        5.54618        2        3.317438        0.196258        1.765398
Te        10.60763        10.85213        5.73799        2        -0.468436        0.391454        -0.598581
Te        7.37082        8.93367        2.08393        2        1.190529        -0.021696        -0.485558
Te        10.47445        7.24829        2.14996        2        -0.226550        0.635134        -0.084595
Te        13.42602        2.11861        5.81046        2        1.549875        -0.943846        -0.660728
Te        16.89614        3.70752        5.66121        2        -0.750554        0.224002        -0.091753
Te        13.68309        1.92424        2.22476        2        0.494967        0.291772        -0.968799
Te        16.87249        0.14124        1.99189        2        -0.368188        -0.689653        0.287456
Te        13.62366        5.50144        5.74665        2        0.146277        1.000982        -0.196815
Te        16.37861        7.36150        5.74436        2        2.635429        0.112130        1.355570
Te        13.65172        5.57267        2.14301        2        -0.209721        0.514459        0.235739
Te        16.87656        3.64536        2.23896        2        -0.439518        1.099445        0.179822
Te        13.66078        9.24579        5.67454        2        -0.566148        0.293106        -0.278900
Te        16.75726        0.08308        5.64636        2        0.659699        -0.228116        0.944267
Te        13.43626        9.49163        2.10757        2        0.961333        -1.583893        -0.240141
Te        16.68238        7.16106        2.22991        2        0.251986        0.739135        -2.024550
