54
Lattice="20.641237959 0.000008540 -0.000615361 -0.000005198 10.639921383 0.000045896 0.042448411 0.000094922 30.000000000" Properties=species:S:1:pos:R:3:tags:I:1:forces:R:3 energy=-304.91897743 stress= -13.21203 -3.25371 1.44337 0.43548 -0.30469 -0.04144 pbc="T T T"
Mo        2.63873        10.41910        4.04003        1        0.488705        1.004037        -0.352536
Mo        6.38711        1.80062        3.88293        1        0.453680        -1.219270        0.300483
Mo        3.02156        3.22890        4.19096        1        -0.717241        0.417716        0.286397
Mo        6.38175        5.16427        3.85943        1        -0.372713        0.794978        -0.501194
Mo        2.68929        6.99274        4.28631        1        0.969287        -1.091414        0.476556
Mo        6.34139        8.84727        3.58084        1        0.493466        -0.294865        -0.126120
Mo        10.14144        0.45410        3.83278        1        0.517548        0.526170        1.564879
Mo        13.02810        1.62104        4.13531        1        -0.426126        2.347239        -0.046324
Mo        9.34131        3.91352        4.02201        1        1.527671        -0.042945        -0.324792
Mo        12.89012        5.25897        3.89603        1        0.114347        1.783433        0.807224
Mo        9.88754        7.30832        3.91499        1        -0.851090        -0.316889        -1.781396
Mo        12.87058        8.95045        4.00096        1        0.550592        -0.614360        0.268269
Mo        16.02589        0.47483        4.16589        1        1.112319        -0.270570        -1.400047
Mo        19.12324        1.85441        3.61968        1        1.480967        -3.024787        -0.651863
Mo        15.74863        3.58271        3.95294        1        1.923096        0.150110        0.071228
Mo        19.28076        4.81427        3.70869        1        0.391307        0.524048        -0.333489
Mo        16.19903        7.21650        3.80093        1        1.235766        -1.058193        0.710127
Mo        19.65633        8.59406        3.72678        1        0.048319        0.067240        0.378933
Te        1.18764        1.67491        5.70431        2        0.733462        -0.343491        -1.443640
Te        5.51394        3.43830        5.76572        2        -1.476540        0.318458        0.336731
Te        1.73998        1.53701        2.03230        2        -0.084205        0.395574        1.577471
Te        4.89821        10.59724        2.06573        2        0.448697        -0.117432        0.569769
Te        1.43828        5.15434        5.89135        2        0.476256        -0.643343        -0.315748
Te        5.15075        6.95210        5.32942        2        0.210441        1.199301        1.682966
Te        1.40211        5.28147        2.79423        2        -0.678697        -2.130039        -1.331348
Te        5.14251        3.38356        2.31787        2        -1.038163        0.636812        -1.556374
Te        1.37933        8.65677        5.63696        2        -1.402592        1.373456        1.654775
Te        5.34851        10.54501        5.37867        2        -1.179404        -0.609599        0.981614
Te        1.54523        8.49751        2.39744        2        -0.476727        0.877571        -0.909662
Te        4.68088        6.83487        2.36239        2        1.052471        0.448576        -1.318003
Te        8.42829        2.31710        5.89127        2        0.156430        -1.447672        -0.535692
Te        11.66483        3.52284        5.75872        2        -0.122074        0.271867        -0.683440
Te        8.56192        1.85098        2.28939        2        -0.305562        1.651620        -0.973070
Te        12.22492        0.15237        2.14126        2        -1.249565        -1.329104        -0.674922
Te        8.27775        5.88005        5.77118        2        1.039228        -0.530891        -0.652004
Te        11.64796        6.99113        5.86254        2        1.276214        0.240908        -0.986793
Te        8.50748        5.65040        2.07696        2        0.061952        -0.069475        0.416425
Te        11.77148        3.44416        2.30542        2        -0.961691        0.099233        0.397199
Te        8.95733        9.29596        5.34860        2        -1.317326        -0.123608        0.876704
Te        12.28248        0.01381        5.97731        2        -2.134754        -0.878831        0.732436
Te        8.94897        9.44210        2.01729        2        -0.430831        -1.860529        0.475528
Te        12.22154        7.18890        2.03127        2        -1.639246        -0.192173        0.693512
Te        14.87075        2.01554        6.10281        2        0.584505        0.098015        -0.548947
Te        18.13409        3.08036        5.52955        2        -0.751786        2.063312        1.056883
Te        14.69840        2.02223        2.18568        2        1.789083        -0.883538        -1.049363
Te        18.11848        10.06676        2.11736        2        1.026880        2.378144        0.343202
Te        15.04565        5.61028        5.54110        2        -0.513580        -0.595684        1.196315
Te        18.56575        6.79152        5.39930        2        -0.486339        -0.098593        0.527469
Te        14.97637        5.53072        2.04860        2        0.078184        -0.650805        0.350457
Te        17.98950        3.35599        1.75001        2        -0.086516        0.252394        0.960106
Te        15.14740        9.04093        5.60267        2        -0.218438        -0.504542        0.958737
Te        18.42037        10.26941        5.65432        2        0.349825        0.952389        -1.124896
Te        15.23959        9.13859        2.38817        2        -1.806023        0.833973        -1.090571
Te        18.37921        6.89162        2.02644        2        0.242346        -0.757722        0.047572
