54
Lattice="18.429676749 0.000008540 -0.000615361 -0.000005198 12.767905659 0.000045896 0.042448411 0.000094922 30.000000000" Properties=species:S:1:pos:R:3:tags:I:1:forces:R:3 energy=-303.43782151 stress= -13.18166 -24.56376 -2.75793 -1.42467 -1.06016 0.16697 pbc="T T T"
Mo        2.06871        0.14650        3.86698        1        0.193898        -0.008353        0.426879
Mo        5.56188        1.95674        3.64330        1        0.062462        1.365261        1.697135
Mo        2.45841        4.03423        4.15292        1        0.260886        1.847520        -1.107302
Mo        5.71739        6.57036        3.79828        1        -2.116515        -0.551461        1.404654
Mo        1.92052        8.34438        3.97527        1        1.146061        0.511021        -0.381257
Mo        5.11512        10.75377        3.99798        1        0.168203        -1.390464        -1.128023
Mo        8.33573        12.49074        3.63250        1        1.743841        0.809475        0.705689
Mo        11.50711        1.92889        3.77791        1        -0.840290        0.537579        0.179820
Mo        8.51169        4.21119        3.66790        1        0.680301        1.176463        1.001029
Mo        11.60218        6.46109        4.05158        1        0.609446        1.230910        -1.422836
Mo        8.55803        8.51952        3.53213        1        -0.178115        0.554858        2.717307
Mo        11.68909        10.86439        3.85707        1        -1.216969        -0.453646        0.054236
Mo        14.51197        0.01151        4.00957        1        -0.494635        0.495032        -0.208487
Mo        17.64138        2.17627        4.01772        1        -0.157960        0.037861        0.664155
Mo        14.28066        3.96174        4.07637        1        0.888785        2.006209        -0.004887
Mo        17.66544        6.27791        4.32416        1        -1.646133        -0.402401        0.786298
Mo        14.50733        8.46805        4.22040        1        -0.147562        0.224942        0.295049
Mo        17.40094        10.37744        3.71524        1        0.732908        1.961939        1.192780
Te        1.50283        2.22111        5.65209        2        -1.272926        -1.503674        1.120696
Te        4.73391        4.11402        5.57703        2        0.497554        0.116211        0.005925
Te        1.17964        2.42778        2.19077        2        0.627060        -0.809591        0.304769
Te        4.20311        0.02428        2.23428        2        0.381314        -0.257676        -0.851542
Te        1.48542        6.40765        5.84269        2        -0.152484        -0.903015        0.435667
Te        4.14014        8.54923        5.64796        2        0.489923        0.339055        -0.689210
Te        1.14472        5.90110        2.63200        2        1.028758        1.015480        -1.670473
Te        4.89847        4.34956        2.43059        2        -1.119325        -0.413970        -0.883108
Te        0.86280        10.78491        5.74072        2        0.847487        -0.206190        -1.411629
Te        4.51154        0.17080        5.45427        2        -0.805579        -0.266314        0.415577
Te        1.22996        10.68462        2.15870        2        -0.421429        -0.376359        0.627438
Te        4.18116        8.34153        2.23981        2        -0.317923        0.546962        0.499752
Te        7.71473        2.06898        5.47121        2        -0.364228        -0.301430        -0.729236
Te        10.71482        4.37685        5.37377        2        -0.787467        -1.540083        0.304676
Te        7.76129        2.11580        2.17242        2        -0.123083        -1.115465        -1.528770
Te        10.60427        12.59349        1.80283        2        -0.333878        0.299011        1.792838
Te        7.83267        6.46324        5.38739        2        0.105942        0.065406        0.332065
Te        10.48785        8.90924        5.59705        2        0.363349        -0.735131        -1.012064
Te        7.58956        6.55201        2.04069        2        0.822243        -0.840511        -1.591956
Te        10.71910        4.50999        2.02000        2        0.078253        -0.472711        0.878537
Te        7.37990        10.44245        5.35832        2        0.233115        0.200743        0.214449
Te        10.42619        12.72309        5.64391        2        -0.116906        -0.014746        -1.658984
Te        7.33239        10.35826        2.03604        2        -0.891982        1.121180        -0.083058
Te        10.74315        8.77724        2.15577        2        1.046265        -0.382991        -0.149640
Te        13.52468        2.06971        5.66288        2        -0.696272        -1.210685        0.599930
Te        16.62604        4.17257        5.91620        2        -0.352969        -0.410860        -0.617296
Te        13.61288        2.02809        2.17845        2        0.134280        -0.098894        0.122420
Te        16.57857        0.16561        2.29279        2        0.701205        -0.341742        -0.207804
Te        13.54931        6.26580        6.00100        2        -0.033550        0.515068        -1.424535
Te        16.80856        8.63803        5.81571        2        -0.652083        -0.735824        -0.451037
Te        13.85720        6.67153        2.25427        2        -1.718821        -0.824105        1.123366
Te        16.46464        4.23565        2.53910        2        0.548651        0.039043        -0.246218
Te        13.47011        10.81590        5.87461        2        0.756273        -0.221187        -0.817245
Te        16.61470        12.72585        5.59467        2        0.610255        0.085925        0.210725
Te        13.81090        10.82422        2.21478        2        0.094350        -0.795719        0.629420
Te        16.55434        8.07435        2.51322        2        1.011980        0.528206        -0.451503
