54
Lattice="19.173937585 0.000456147 -0.025753600 -0.000245476 10.927967962 0.000007040 0.013560576 0.000001770 30.000000000" Properties=species:S:1:pos:R:3:tags:I:1:forces:R:3 energy=-316.06418983 stress= -3.64837 -6.31096 -0.21543 -1.40801 -0.49367 0.83723 pbc="T T T"
Mo        2.15601        0.37105        3.72490        1        0.738165        -0.376115        1.416999
Mo        4.61964        2.15778        4.17552        1        -1.287520        -0.932973        -1.065588
Mo        2.28530        3.89506        3.88933        1        -0.971487        -0.588480        -0.192485
Mo        4.47194        5.35813        4.14160        1        0.210337        1.953976        -1.246025
Mo        2.17837        7.13515        3.72144        1        -0.406776        -0.137303        1.572765
Mo        4.25113        9.10118        4.09027        1        0.799786        0.882320        -0.784059
Mo        8.53103        0.10375        3.76661        1        1.045315        0.037006        -0.108227
Mo        10.90702        1.84669        3.86090        1        0.285321        -0.495597        -0.157353
Mo        8.67037        3.50294        3.70645        1        -0.473440        0.725542        -1.742881
Mo        10.76288        5.24871        3.99375        1        0.743826        -0.419140        -1.142948
Mo        8.56709        7.08872        3.50866        1        -0.619431        0.385145        0.188259
Mo        10.89301        8.83550        3.95066        1        0.179315        0.933173        0.871460
Mo        15.21308        10.90358        3.81554        1        -1.419280        0.349903        -0.181237
Mo        17.29369        2.13216        4.31379        1        0.095629        -1.163693        -2.164265
Mo        14.90880        3.59908        3.91636        1        -0.326592        0.726385        -1.330451
Mo        17.11690        5.38877        4.12025        1        0.895762        0.118305        -1.263381
Mo        14.65409        6.89425        4.02732        1        1.424287        1.318064        -1.115730
Mo        17.31363        8.73466        3.94546        1        -0.342745        -0.293527        1.391849
Te        0.75264        2.23211        5.44106        2        -0.466810        -0.890902        0.169913
Te        3.75230        3.72214        6.10078        2        0.466231        0.186988        1.009143
Te        5.99528        0.10863        2.69687        2        -0.363065        0.059921        -0.104941
Te        2.86879        2.05732        1.88699        2        0.614756        0.416372        0.187137
Te        0.56442        5.83903        5.61830        2        0.361390        -0.989934        -0.894119
Te        3.77086        7.47118        6.03637        2        -0.221246        -1.460468        -0.218654
Te        6.10930        3.79613        2.48163        2        -0.438491        -0.684033        -0.127052
Te        2.91293        5.52750        1.80355        2        0.268122        -0.351062        0.007434
Te        0.76646        9.22665        5.04098        2        -0.313096        -0.412308        -0.001855
Te        3.59860        0.05606        6.06069        2        0.582543        0.666215        -1.302433
Te        5.77272        7.34976        2.41923        2        0.704775        -0.011708        0.250189
Te        2.67732        9.10053        1.86395        2        0.081297        0.727971        0.637143
Te        7.19854        2.03591        5.34866        2        -0.978564        -1.181928        0.602471
Te        10.13047        3.41451        5.89835        2        0.811154        0.284972        0.452900
Te        12.56138        10.80663        2.40199        2        0.000134        0.159534        0.729202
Te        9.30923        1.78985        1.63937        2        -0.386251        -0.321637        0.944498
Te        7.12337        5.45916        5.02191        2        -0.729036        -0.262629        1.373422
Te        9.98017        7.04555        5.70806        2        0.324495        0.618554        1.694961
Te        12.38323        3.71779        2.19830        2        0.288865        -0.616363        1.074184
Te        9.18842        5.25536        1.65143        2        0.362734        0.316520        0.310172
Te        7.03147        9.14010        5.21035        2        -0.271320        -0.323779        -0.174190
Te        10.38453        10.76807        5.78305        2        -0.413328        0.451317        -0.257818
Te        12.27985        7.13197        2.45302        2        1.006875        -0.367639        -0.196571
Te        9.30612        9.07015        1.95513        2        -0.703427        0.704788        -1.796227
Te        13.31823        1.89406        5.29083        2        0.149565        -0.760735        0.258361
Te        16.40755        3.80668        6.08017        2        0.072250        -0.493839        1.738101
Te        18.71740        10.82420        2.78126        2        -0.308374        1.289651        -0.118781
Te        15.76064        1.87463        1.96200        2        0.065176        -0.002753        0.681435
Te        13.26499        5.44581        5.67354        2        -0.662573        -0.948224        -0.286384
Te        16.58065        7.08383        5.95151        2        -0.458057        1.532056        1.124644
Te        18.88740        3.83831        2.60180        2        -0.330097        -0.749830        0.058865
Te        15.46737        5.44810        1.92937        2        0.047529        -0.424430        0.460598
Te        13.47470        9.07000        5.48420        2        -0.207318        0.034537        -0.740347
Te        16.70816        10.75518        5.95569        2        0.512641        0.370191        -0.222408
Te        18.66457        6.98215        2.35616        2        0.495398        0.681813        0.010270
Te        15.55130        8.94187        2.03965        2        -0.537091        -0.245029        -0.266027
