54
Lattice="20.324373841 0.000456147 -0.025753600 -0.000245476 10.927967962 0.000007040 0.013560576 0.000001770 30.000000000" Properties=species:S:1:pos:R:3:tags:I:1:forces:R:3 energy=-315.95216431 stress= -12.78724 -6.39220 -1.10227 0.17787 -1.50300 -0.45528 pbc="T T T"
Mo        2.34360        0.42710        3.94040        1        -0.211832        -0.356451        -0.009058
Mo        4.75245        1.81463        3.94394        1        -0.326736        0.918157        -0.535714
Mo        2.25524        3.87650        3.93868        1        0.531421        -0.447248        -0.184250
Mo        4.84611        5.24861        4.07296        1        -0.375854        1.357266        0.134402
Mo        2.35149        7.16331        3.80607        1        0.022550        -0.292115        0.383185
Mo        4.68243        9.34903        4.01293        1        0.318712        0.631347        -0.185268
Mo        9.11222        10.92456        3.61600        1        -0.772179        -0.052083        1.312397
Mo        11.45625        1.51943        3.85083        1        0.074654        -0.125115        -0.050168
Mo        9.11221        3.46077        3.77663        1        -0.459487        -0.215079        -0.136226
Mo        11.42239        5.61322        4.00247        1        0.101485        0.467987        -0.399796
Mo        9.21635        7.53745        3.84575        1        -1.101514        -0.776568        -0.378392
Mo        11.40572        9.02153        3.92178        1        1.124942        0.034927        -0.236648
Mo        15.93468        10.57115        3.71065        1        -0.255297        -0.656048        0.292817
Mo        18.21532        1.38406        4.01778        1        0.320768        0.747824        -0.316167
Mo        15.60672        3.83285        3.90484        1        0.928969        0.061274        -0.987284
Mo        18.26449        5.73593        4.04159        1        -1.005108        -0.151840        0.061028
Mo        15.82908        7.22561        3.75679        1        0.330085        0.053954        0.148525
Mo        18.38523        8.97653        4.08271        1        -0.542536        0.239379        -0.100444
Te        0.65745        1.91642        5.53773        2        0.430373        0.066364        -0.570623
Te        4.11766        3.60505        5.94120        2        -0.464082        -0.178198        0.327101
Te        6.28659        0.14771        2.45809        2        0.266945        -0.401535        -0.360088
Te        2.79812        2.13880        1.86021        2        0.474946        -0.244062        0.911345
Te        0.55635        5.65742        5.27269        2        0.474674        -0.129387        0.052470
Te        4.04553        7.38882        5.87700        2        0.135907        -0.345326        -0.458000
Te        6.30862        3.75840        2.53563        2        0.872180        -0.613362        -0.740556
Te        3.27364        5.59309        1.87267        2        -0.398099        -0.565851        0.432314
Te        0.99700        9.12021        5.37600        2        -0.586197        0.460010        -0.716692
Te        4.18904        0.14639        5.93523        2        -0.492651        -0.124139        0.553241
Te        6.45172        7.46850        2.93138        2        -0.461835        -0.788147        -0.130762
Te        2.88573        9.20539        2.00680        2        0.075985        0.506883        0.813017
Te        7.35728        1.90283        5.15794        2        0.216261        -0.412754        0.391823
Te        10.84632        3.46961        5.76854        2        0.198842        0.186755        -0.148088
Te        13.13748        10.67348        2.53328        2        0.405704        0.145531        -0.759857
Te        9.72906        1.76592        1.77993        2        0.211245        0.639750        -0.700703
Te        7.64501        5.45220        5.43985        2        -0.118393        0.057025        -0.702779
Te        10.87041        7.33162        5.97051        2        -0.021342        -0.155850        0.051758
Te        12.99320        3.54796        2.93096        2        -0.312327        0.797082        -1.303856
Te        9.51523        5.43739        1.96341        2        0.738205        0.571259        0.661570
Te        7.50577        9.26945        5.11422        2        -0.527607        0.125920        0.337150
Te        10.77070        10.83046        5.77733        2        -0.210101        -0.143092        0.872467
Te        13.18327        7.17904        2.32878        2        -0.476226        0.083543        0.676489
Te        9.69245        9.17930        1.74289        2        0.298033        -0.603276        -0.262233
Te        14.22956        1.63227        4.83700        2        0.211726        -0.443351        0.945148
Te        17.48251        3.37431        5.68777        2        0.145573        1.371772        0.618252
Te        20.06173        0.08487        2.79565        2        0.385632        -1.016642        -0.558489
Te        16.52781        1.69723        2.04137        2        -0.398062        0.478513        -0.181534
Te        14.02849        5.51431        5.22791        2        0.065033        0.338386        0.310449
Te        17.39757        7.34142        6.12934        2        0.329408        -0.223222        -1.551848
Te        19.75211        3.64431        2.97288        2        -0.013677        -0.113953        -0.109872
Te        16.45620        5.38178        1.85335        2        0.548969        -0.067201        0.695316
Te        14.31537        9.01597        5.25213        2        -0.641552        -0.107395        0.312281
Te        17.47016        10.79221        5.96741        2        -0.202607        -0.773983        0.255629
Te        19.99522        7.22410        2.51950        2        -0.180084        0.378372        0.293233
Te        16.70576        8.92696        1.74875        2        0.285647        -0.207727        0.929012
