54
Lattice="18.429676749 0.000008540 -0.000615361 -0.000005198 11.065518238 0.000045896 0.042448411 0.000094922 30.000000000" Properties=species:S:1:pos:R:3:tags:I:1:forces:R:3 energy=-316.38313388 stress= -0.92132 -6.23808 -0.49400 0.58197 0.05363 -0.55648 pbc="T T T"
Mo        2.23383        10.81032        3.74537        1        -0.318709        0.093168        -1.076994
Mo        5.40602        1.71882        3.86236        1        -0.592247        -0.035663        0.244445
Mo        2.62579        3.52329        3.80900        1        -1.648824        1.136844        1.108309
Mo        5.48160        5.51062        4.06763        1        -0.806412        0.737170        -1.411258
Mo        2.44985        7.55394        3.70039        1        -0.760294        -1.289675        1.954300
Mo        5.49023        8.93981        3.99050        1        -0.449019        0.256228        -0.418894
Mo        8.34643        11.05255        3.81681        1        -0.492233        0.135155        2.365895
Mo        11.26716        1.99227        3.99495        1        2.840030        0.566245        0.107770
Mo        8.25624        3.83339        3.96466        1        -0.346125        -0.635707        0.409904
Mo        11.32127        5.74820        3.92076        1        -0.051332        -1.125350        0.341516
Mo        8.34677        7.60265        4.06032        1        1.041306        0.108732        -1.589986
Mo        11.56215        9.39876        3.99923        1        1.728206        0.236874        -1.898210
Mo        14.67044        0.11245        4.00170        1        0.777393        -0.136076        -1.489427
Mo        17.90223        1.65590        3.95249        1        0.202189        1.697457        -0.135283
Mo        14.55586        3.85464        4.08878        1        0.342792        -1.179816        0.181710
Mo        17.86147        5.62778        4.06424        1        -1.134595        0.157143        -0.200973
Mo        14.52115        7.21888        3.81837        1        1.368002        0.444879        0.840182
Mo        17.65729        8.89005        3.76572        1        0.190274        1.702786        0.259154
Te        1.69965        1.65526        5.50815        2        -1.100245        0.339895        0.909736
Te        4.54043        3.71546        5.76492        2        -0.151810        -1.119594        -0.142885
Te        1.36742        1.89695        1.92957        2        0.385045        -0.748716        0.840163
Te        4.53998        10.63327        2.15480        2        -1.077689        1.561407        -0.139682
Te        1.49259        5.51646        5.92715        2        0.021753        -0.198430        -1.768653
Te        4.20281        7.27475        5.73655        2        0.935462        0.233177        0.233539
Te        1.40240        5.54107        2.32099        2        0.616483        -0.540879        -1.226416
Te        4.57051        3.59176        2.08861        2        0.203348        0.538199        -0.118124
Te        1.14514        9.01052        5.64109        2        0.797379        0.666341        -0.556828
Te        4.25377        10.78908        5.45988        2        0.465271        0.382135        1.040604
Te        1.29382        9.09948        1.79658        2        -0.180433        0.115780        0.580321
Te        4.55896        7.30679        2.08451        2        -0.334930        -0.698035        -0.267515
Te        7.29641        1.68481        5.73210        2        0.487021        0.675989        -0.327722
Te        10.24735        3.70603        5.72732        2        0.228275        1.021021        0.451387
Te        7.38501        1.89310        2.10579        2        0.331030        -0.105121        -0.052602
Te        10.42421        0.21888        2.30726        2        0.835407        -0.999366        -2.217217
Te        7.52456        5.84414        5.85914        2        -0.518884        -1.184861        -0.085399
Te        10.47833        7.79196        5.72205        2        -0.057136        -1.613565        0.743219
Te        7.37166        5.68363        2.13864        2        0.739496        0.119988        0.683827
Te        10.25229        3.77821        2.19236        2        0.590549        0.563935        -0.137376
Te        7.28767        9.35933        5.85356        2        0.955582        -0.055994        0.196084
Te        10.55829        0.05667        5.63738        2        -1.393861        0.518889        1.559392
Te        7.37161        9.26117        2.10504        2        0.787638        -0.452152        -0.465767
Te        10.49672        7.71569        2.20284        2        -0.565514        -0.704485        0.029340
Te        13.63311        1.88191        5.88396        2        -0.517531        0.248992        -0.956798
Te        16.86376        3.76988        5.73603        2        -0.233394        -0.894731        0.259544
Te        13.67578        2.05197        2.32239        2        -1.020729        -0.607063        -0.104943
Te        16.86106        11.06251        2.10561        2        -0.922527        -0.518301        0.510092
Te        13.24364        5.37817        5.79869        2        0.641927        1.686175        -0.003234
Te        16.62756        7.31969        5.79833        2        -0.469925        -0.158150        -0.868852
Te        13.43824        5.43187        2.15692        2        -0.305456        0.295194        -0.092540
Te        16.77195        3.69094        2.48080        2        -0.025100        0.079649        -0.888721
Te        13.87896        9.24224        5.60236        2        -1.350916        -0.545681        0.406195
Te        16.80124        11.01692        5.66668        2        0.072191        -0.668441        0.003648
Te        13.70792        9.23115        2.04560        2        -0.376175        0.423351        1.155273
Te        16.67716        7.20287        1.89580        2        -0.403204        -0.523520        1.247980
