54
Lattice="19.904050889 0.000008540 -0.000615361 -0.000005198 11.491115093 0.000045896 0.042448411 0.000094922 30.000000000" Properties=species:S:1:pos:R:3:tags:I:1:forces:R:3 energy=-312.76324393 stress= -19.00192 -20.35423 -3.23226 1.08421 -0.08266 -0.46069 pbc="T T T"
Mo        2.60307        11.48821        3.97093        1        -0.449256        0.561215        -0.378596
Mo        5.95995        1.80757        3.81825        1        -0.756855        -0.182519        -0.897125
Mo        2.62096        3.81771        3.78425        1        -1.167202        0.099584        0.754366
Mo        5.97940        5.38329        3.69277        1        -0.179630        0.638987        0.992141
Mo        2.63366        7.46966        3.97178        1        -0.329787        1.148711        -0.515687
Mo        6.08038        9.52912        3.78594        1        -0.069869        -1.386411        -0.700092
Mo        9.21618        11.22669        3.92517        1        0.180449        1.809733        0.336179
Mo        12.47189        2.05646        4.04476        1        -0.716269        -0.689063        -0.400919
Mo        9.17109        3.77837        3.88448        1        0.279521        -1.156572        0.902661
Mo        12.54651        5.77263        4.15284        1        -1.178673        -0.005723        -0.115162
Mo        9.29320        7.40015        3.89450        1        -0.074583        -0.068104        -0.058809
Mo        12.42879        9.65061        3.97965        1        0.617271        -1.432754        -0.746804
Mo        15.58195        0.35872        3.99705        1        0.338895        -0.840560        0.257438
Mo        18.90184        2.19688        3.75309        1        -0.200306        0.118104        0.383738
Mo        15.66728        3.92123        4.06719        1        0.001272        0.506758        -0.441858
Mo        18.93654        5.72060        4.07673        1        0.008663        0.883674        -0.366674
Mo        15.83119        7.96196        3.92218        1        -0.793675        -0.059586        1.413477
Mo        19.17651        9.68252        3.96320        1        -0.542638        -0.222810        0.180462
Te        1.20728        2.08029        5.50323        2        0.620792        -0.267457        -0.201293
Te        4.76526        3.60620        5.52134        2        0.155094        0.327277        -0.077538
Te        1.21282        1.98779        2.17970        2        0.792592        -0.264252        -0.216983
Te        4.82057        11.30975        2.10638        2        -0.140528        0.510097        0.112376
Te        1.38184        5.82144        5.71737        2        0.218589        -0.794153        -0.385212
Te        5.02942        7.41340        5.34777        2        -0.313320        0.176148        0.339891
Te        1.23037        5.69970        2.27335        2        0.425719        0.242296        0.165177
Te        4.71756        3.63299        2.00144        2        0.190174        -0.254553        0.102661
Te        1.55060        9.71371        5.76736        2        -0.049664        -0.600359        -0.427779
Te        4.91756        11.40748        5.42354        2        -0.179273        -0.264092        1.065766
Te        1.49200        9.55383        2.40126        2        0.305487        -0.315775        -0.756983
Te        4.98766        7.37870        1.97633        2        -0.498748        0.504275        0.909624
Te        8.00186        1.62365        5.63711        2        0.584517        0.572262        -0.469539
Te        11.22128        3.82647        5.85217        2        0.333449        0.007956        -0.979594
Te        8.13869        1.79513        2.11035        2        0.255865        -0.157853        0.634686
Te        11.34900        0.11033        2.23568        2        0.473630        -0.246519        0.408454
Te        8.01929        5.49785        5.69972        2        0.027905        0.264503        -0.927989
Te        11.32570        7.56981        5.82780        2        0.255738        0.339449        -0.969984
Te        8.13386        5.50040        2.12234        2        0.438401        0.486059        -0.548202
Te        11.40765        3.91431        2.25182        2        0.162572        -0.077514        0.742489
Te        8.18367        9.27830        5.57599        2        -0.261844        0.172030        0.387236
Te        11.32495        11.26397        5.68770        2        -0.258953        1.460799        0.583971
Te        8.38766        9.45928        2.19622        2        -0.740870        -1.036671        -0.823022
Te        11.57188        7.42817        2.06684        2        -0.515581        0.722936        1.629896
Te        14.50496        2.06892        5.83245        2        0.290978        0.317399        -0.038596
Te        17.76693        3.81115        5.83071        2        0.643427        0.288045        -0.869816
Te        14.55888        2.10126        2.16421        2        -0.032040        0.413084        0.703359
Te        17.80068        0.03211        2.32299        2        0.386749        0.564561        -0.853660
Te        14.73375        5.93606        5.86874        2        0.094798        0.047088        -0.891413
Te        18.00255        7.85593        5.66171        2        0.053593        -0.160386        0.217315
Te        14.57010        6.00692        2.42451        2        0.938962        -0.498879        -0.339096
Te        17.70757        4.28168        2.08403        2        0.147385        -1.195796        1.000627
Te        14.65782        9.86610        5.77544        2        -0.133228        -0.310490        -0.750857
Te        17.93660        0.24458        5.43791        2        0.134206        -0.072257        1.151247
Te        14.66511        9.92255        2.31956        2        -0.427591        -0.571718        -0.357775
Te        17.92723        7.79821        2.23759        2        0.670358        -0.030431        0.142047
