54
Lattice="18.429676749 0.000008540 -0.000615361 -0.000005198 10.639921383 0.000045896 0.042448411 0.000094922 30.000000000" Properties=species:S:1:pos:R:3:tags:I:1:forces:R:3 energy=-319.09415838 stress= 1.85633 1.88419 1.51708 0.73401 -0.45206 0.37506 pbc="T T T"
Mo        2.21781        10.57171        3.99375        1        -1.091483        0.610203        1.184875
Mo        5.61564        1.99271        4.03299        1        -1.974169        -0.849276        -0.920714
Mo        2.27309        3.42624        3.98249        1        0.915109        0.294429        -0.875815
Mo        5.15405        5.24145        4.05289        1        1.204993        0.085332        -0.558327
Mo        2.42066        7.08718        3.97743        1        0.790212        1.453057        2.473928
Mo        5.45460        8.57685        3.90298        1        0.556605        1.009865        1.734186
Mo        8.30141        10.56952        3.75139        1        -0.302819        0.461838        -1.034573
Mo        11.50820        2.02542        3.87288        1        1.335867        0.369624        -0.405381
Mo        8.66119        3.42552        3.86401        1        -0.119480        -0.705276        0.228170
Mo        11.55033        5.28957        3.71310        1        -0.522629        0.087857        1.096843
Mo        8.38409        7.00389        3.93602        1        0.163422        2.663625        -2.394979
Mo        11.52643        8.97450        3.82495        1        -0.203590        -1.857670        -0.792441
Mo        14.50007        0.16588        3.97215        1        0.784233        -1.399531        -0.429955
Mo        17.84786        1.78976        4.01964        1        0.000422        -0.255344        0.329114
Mo        14.85006        3.53088        3.87813        1        -0.801941        0.382798        1.536865
Mo        17.64998        5.23218        4.07449        1        0.128614        1.020760        -1.506397
Mo        14.69131        7.24428        3.88294        1        -1.652434        -0.448422        0.468975
Mo        17.76678        8.72896        3.96931        1        -0.765337        0.840701        0.645644
Te        1.44231        1.75023        5.88100        2        -0.910327        -0.351113        -0.039084
Te        4.25947        3.43790        5.84089        2        0.347077        0.358571        0.424659
Te        1.45231        1.64283        1.93205        2        -0.512513        0.319547        1.577383
Te        4.34857        10.59054        2.55159        2        1.345417        0.726894        -2.124206
Te        1.30992        5.37396        5.76355        2        0.098063        -0.767017        0.106108
Te        4.43434        6.99586        5.91372        2        -0.338610        0.485368        -0.039450
Te        1.39764        5.50438        2.26777        2        -1.313137        -2.266290        -0.678757
Te        4.36817        3.61117        2.14250        2        -0.658183        -0.917117        -0.009513
Te        1.29360        8.81262        5.88223        2        0.099971        -0.096978        -0.328085
Te        4.37984        10.57749        5.67641        2        0.654081        -0.042358        -0.019339
Te        1.37943        8.76927        2.24277        2        -0.485547        0.441378        -1.274361
Te        4.36727        7.00948        2.15536        2        -0.143669        -0.461681        -1.060763
Te        7.60079        1.70039        5.63609        2        0.360715        0.236526        1.513508
Te        10.66811        3.69750        5.80721        2        -0.532611        -0.182733        -0.685389
Te        7.37552        1.85713        1.99195        2        0.298160        -0.654828        0.055075
Te        10.48288        0.26024        2.09569        2        -0.037399        -1.062301        -0.451744
Te        7.50254        5.23188        5.49228        2        -1.042773        -1.120131        2.356792
Te        10.48269        7.04371        5.54657        2        0.634053        0.532211        0.276854
Te        7.34266        5.08937        2.26987        2        -0.487539        1.116579        -0.561046
Te        10.45054        3.60063        1.86480        2        0.767379        0.016697        0.269024
Te        7.45164        8.95412        5.73884        2        0.123230        -1.103920        -0.239948
Te        10.44246        0.09944        5.34131        2        -0.088869        0.218920        2.295635
Te        7.29738        8.75530        1.84510        2        0.459067        -0.174223        1.280661
Te        10.29301        7.02307        1.98396        2        0.905284        0.688810        0.481478
Te        13.58539        1.82076        5.82072        2        -0.185107        0.825672        -0.630990
Te        16.66619        3.59116        5.98107        2        0.308598        -0.830783        -0.996297
Te        13.63661        1.93849        2.13426        2        -0.091527        -0.362556        -0.518212
Te        16.67710        10.63324        2.19362        2        0.143216        0.130443        0.889738
Te        13.57442        5.39671        5.68566        2        0.346748        -0.233277        -1.131949
Te        16.56093        7.02148        5.72633        2        0.650472        0.512298        0.835686
Te        13.72220        5.36592        2.11706        2        0.281789        -0.090010        -0.109417
Te        16.99367        3.44646        2.15367        2        -0.968597        0.555665        -0.243960
Te        13.56449        8.93074        5.72102        2        -0.474564        0.162256        -0.142575
Te        16.63423        10.61774        5.80104        2        0.271920        0.130069        -0.982896
Te        13.53376        8.97163        2.12604        2        0.523686        0.411977        -0.578058
Te        16.59824        7.18913        2.10660        2        1.211723        -0.930359        -0.292579
