54
Lattice="19.166863819 0.000008540 -0.000615361 -0.000005198 11.065518238 0.000045896 0.042448411 0.000094922 30.000000000" Properties=species:S:1:pos:R:3:tags:I:1:forces:R:3 energy=-314.99690961 stress= -12.24143 -11.13078 -6.62477 0.79776 1.67621 0.04711 pbc="T T T"
Mo        2.30288        0.11412        4.05440        1        0.194887        0.514600        0.739932
Mo        5.42490        1.99816        3.95479        1        1.157564        -0.184417        -0.484482
Mo        2.49359        3.87982        3.83404        1        0.688251        -2.331800        0.705209
Mo        5.66567        5.34178        3.66359        1        0.341484        0.808836        0.930000
Mo        2.44456        7.50497        4.11894        1        0.423855        -0.521945        -0.482607
Mo        5.65670        9.20729        4.24959        1        -0.470465        0.806203        -2.786661
Mo        8.64068        0.01168        3.90159        1        -0.047167        -0.000027        0.251990
Mo        11.83696        1.77797        3.95590        1        1.129661        -0.957054        0.578667
Mo        8.99824        3.79003        3.76844        1        -0.320381        -0.857509        -0.834456
Mo        11.93082        5.48403        3.85437        1        -1.855370        -0.136610        -1.628799
Mo        8.83317        7.62411        3.71814        1        0.890663        -0.276947        0.523902
Mo        12.20936        9.06590        3.88644        1        -0.472602        1.344532        0.035834
Mo        15.39463        10.80731        3.91978        1        -0.651176        2.383047        0.057551
Mo        18.54056        1.90941        4.03487        1        0.146070        1.414141        -0.141783
Mo        15.14131        3.51799        3.87435        1        0.337277        0.032911        0.463969
Mo        18.23122        5.35678        3.99952        1        1.291962        0.613308        0.299837
Mo        15.21250        7.21489        3.87626        1        -0.365930        1.012020        -0.296795
Mo        18.25648        9.22312        4.05109        1        1.134586        -0.449128        -0.021833
Te        1.57671        2.11824        5.91601        2        -0.563722        -0.632768        -1.557618
Te        4.68391        3.86893        5.79597        2        -0.457411        -0.112253        -1.225331
Te        1.33502        1.97446        1.95071        2        0.263118        -0.079837        1.974874
Te        4.42323        11.01244        2.38514        2        0.337875        -0.030233        0.128965
Te        1.44482        5.35803        5.71696        2        -0.986270        1.743914        0.396049
Te        4.66400        7.35436        5.73740        2        -0.330125        -1.334427        0.224792
Te        1.35578        5.78232        2.38737        2        -0.645249        -0.299923        -0.986539
Te        4.39089        3.52904        1.92742        2        0.742216        0.713162        0.445813
Te        1.11813        9.14926        5.75704        2        0.894591        0.729005        0.937046
Te        4.54491        0.17791        5.83255        2        -0.344382        -0.434167        -0.371208
Te        1.34474        9.35565        2.38091        2        -0.363854        -0.588767        -0.464643
Te        4.62499        7.30367        2.12555        2        -0.426184        0.703172        0.985218
Te        7.71606        2.05524        5.60740        2        -0.055128        -0.234053        -0.731029
Te        10.87752        3.61460        5.74655        2        0.319897        0.344697        -0.568453
Te        7.67868        2.03968        2.02462        2        -0.213618        -0.603695        1.197497
Te        10.91791        10.93547        2.24671        2        -0.336628        0.144605        0.289506
Te        7.98471        5.60843        5.31576        2        -1.199287        0.400777        0.888754
Te        10.91567        7.43391        5.60430        2        0.115944        -0.473498        -0.383227
Te        7.98933        5.72477        1.90703        2        -0.608041        -0.718291        0.586857
Te        11.08277        3.49214        2.03488        2        -0.281770        0.690765        0.154837
Te        7.76161        9.16226        5.82878        2        0.296505        0.392139        -0.388475
Te        10.56940        10.80444        5.84380        2        1.562871        0.901419        -1.488212
Te        7.53454        9.34157        2.14048        2        -0.240295        0.363040        0.050806
Te        10.98192        7.57109        1.94417        2        0.375361        -0.913291        0.746782
Te        14.20965        1.58578        5.68334        2        -0.685376        0.602212        -0.857515
Te        17.30661        3.52138        5.96614        2        -0.417886        0.475989        -1.635519
Te        14.03080        1.54153        2.06485        2        0.414141        0.428627        1.515135
Te        17.55091        0.12329        2.34281        2        -0.343574        -0.539964        -1.177515
Te        13.80553        5.58853        5.54142        2        2.323444        -0.886943        1.203273
Te        17.14643        7.18462        5.71480        2        0.395321        0.279182        0.265482
Te        14.07718        5.33307        2.10207        2        0.284689        0.432485        0.280599
Te        17.31163        3.65322        2.07248        2        -0.159676        -0.335690        1.198358
Te        14.22856        9.35619        5.77172        2        -0.132469        -1.937760        -0.239132
Te        17.49072        0.13529        5.74564        2        -0.616804        -0.641558        0.585779
Te        14.55446        9.14217        2.05125        2        -1.288207        -0.799583        0.130105
Te        17.55401        7.41848        2.20449        2        -1.193779        -0.978132        -0.058045
