54
Lattice="19.940895089 0.000456147 -0.025753600 -0.000245476 10.309403738 0.000007040 0.013560576 0.000001770 30.000000000" Properties=species:S:1:pos:R:3:tags:I:1:forces:R:3 energy=-317.45110339 stress= -9.30701 -1.79011 -0.88799 1.71303 -0.93736 -0.28812 pbc="T T T"
Mo        2.27291        10.25654        4.10680        1        -0.620408        0.676322        -1.110720
Mo        4.47479        1.48291        4.36371        1        1.224170        0.889095        -0.177239
Mo        2.25640        3.45952        3.92262        1        -0.126607        1.545548        -1.013409
Mo        4.41960        5.22461        4.26328        1        2.284867        0.522503        0.410878
Mo        2.21992        6.88043        4.02098        1        -0.405709        -0.149380        0.285032
Mo        4.63398        8.57418        4.36908        1        -0.244359        0.006357        -0.124177
Mo        8.79776        10.23052        4.02353        1        0.829611        -0.147990        -0.091298
Mo        11.42146        1.80087        3.87685        1        -0.425191        -0.585157        -0.556076
Mo        8.69495        3.29901        4.14327        1        1.491094        0.160534        0.266303
Mo        11.41770        5.17022        3.64139        1        -1.046365        0.375510        1.952341
Mo        8.80997        6.89371        3.90132        1        0.570120        0.401193        -1.016290
Mo        11.26017        8.62650        3.86688        1        -0.131951        -0.294860        -0.359241
Mo        15.61958        10.23836        3.58940        1        -0.603385        0.292593        0.972859
Mo        18.04421        1.79814        3.77679        1        0.023593        -0.606889        0.411325
Mo        15.58803        3.57425        3.50702        1        0.000307        -0.846132        1.015679
Mo        17.96255        5.21547        3.89442        1        -0.180342        -1.301056        -2.094554
Mo        15.64036        6.86628        3.48872        1        -1.061139        0.186896        1.219627
Mo        17.95516        8.63540        3.91338        1        0.839988        -0.523449        -0.911944
Te        0.66035        1.89174        5.27618        2        -1.777474        -1.453129        1.003879
Te        3.68191        3.47301        6.16219        2        0.543470        -0.366130        0.275881
Te        6.21994        10.18348        2.72833        2        0.173470        0.191750        0.383695
Te        3.06455        1.84642        2.06347        2        -0.182349        -1.227707        -0.142712
Te        0.32518        5.08385        5.36530        2        1.184024        0.545438        0.517136
Te        3.82566        6.91138        6.27536        2        -0.238185        -0.299066        0.037365
Te        6.19554        3.26195        3.10109        2        -0.498920        0.684218        -0.936880
Te        3.05694        5.34027        2.03659        2        -0.439695        -0.896955        -0.572424
Te        0.53835        8.49029        5.42223        2        -0.578265        0.788045        0.531870
Te        3.81115        0.04110        6.40814        2        -0.138220        -1.032916        -0.074870
Te        6.12042        6.97904        2.52723        2        0.222609        -0.324831        0.917667
Te        2.98068        8.62856        2.17677        2        0.331054        0.213881        -0.379048
Te        7.14096        1.48234        5.61951        2        0.171596        0.360469        0.295021
Te        10.96714        3.39073        5.90785        2        -0.724293        1.018247        -0.652386
Te        12.80876        10.29366        2.28414        2        0.760868        0.245827        -0.384693
Te        9.36726        1.76187        2.01720        2        0.199867        -0.453479        0.644212
Te        7.20388        5.33424        5.43425        2        -0.777380        -1.114685        0.649647
Te        10.68587        6.86299        5.82227        2        0.343684        -0.451252        -0.496041
Te        12.99587        3.55098        2.07783        2        0.001240        -0.874840        0.395188
Te        9.20673        4.99300        2.02422        2        0.111024        0.294977        -0.326682
Te        7.48767        8.34007        5.90835        2        -0.551385        0.995450        -0.900362
Te        10.99507        0.05168        5.94098        2        -0.852950        -0.133948        -0.700431
Te        13.03846        6.84423        2.09213        2        -0.519203        0.406349        0.272239
Te        9.40714        8.64795        1.87010        2        -0.132875        -0.259580        0.576813
Te        14.09591        1.76420        5.10094        2        -0.609341        0.130389        -0.187213
Te        17.18381        3.36279        5.78082        2        -0.104491        0.407282        -0.621635
Te        19.70912        0.01406        2.12475        2        -0.056471        -0.055549        1.481693
Te        16.31609        1.63659        1.70503        2        0.050768        0.790757        -0.434173
Te        13.76868        5.24656        5.06946        2        1.105517        -0.191236        -0.265341
Te        17.19140        6.77717        5.72104        2        -0.675933        1.407268        1.388749
Te        19.69709        3.64221        2.32734        2        0.145557        -0.876436        -0.069320
Te        16.40077        5.20973        1.60666        2        0.328982        -0.291870        -0.558649
Te        13.76669        8.55096        4.94402        2        1.146712        -0.072145        0.581361
Te        17.25762        10.28848        5.84050        2        -0.002296        0.552511        -0.766817
Te        19.78493        6.82844        2.36888        2        -0.365383        0.570656        0.350969
Te        16.45237        8.59112        1.69407        2        0.014443        0.154438        -0.916659
