54
Lattice="19.535457354 0.000008540 -0.000615361 -0.000005198 10.639921383 0.000045896 0.042448411 0.000094922 30.000000000" Properties=species:S:1:pos:R:3:tags:I:1:forces:R:3 energy=-314.50617848 stress= -12.38970 -1.43204 -2.17902 -0.69442 2.61249 -0.54109 pbc="T T T"
Mo        2.44909        10.62401        4.00566        1        0.451951        0.168036        0.621059
Mo        5.53528        1.84444        4.07521        1        0.569463        0.350118        0.211960
Mo        1.96335        3.59349        4.01738        1        2.516798        -1.662595        1.019786
Mo        5.87437        5.46494        3.97045        1        -1.100871        -1.071407        1.320285
Mo        2.13883        7.23989        4.07859        1        0.520789        -0.323323        -0.413354
Mo        5.72967        9.13293        4.06618        1        -0.015270        -0.570070        -0.921720
Mo        9.01417        10.55637        4.02092        1        1.036210        -0.403492        -0.100659
Mo        12.16786        1.67544        3.86812        1        0.184608        0.532943        -0.291162
Mo        9.26883        3.22640        4.02544        1        -0.584865        0.127841        -0.203451
Mo        12.53148        5.06583        3.78726        1        -1.618276        2.287827        -0.549326
Mo        9.05738        7.00630        3.75066        1        0.126883        -1.032380        0.939905
Mo        12.50235        9.01877        3.98280        1        -0.567447        0.139205        -1.409815
Mo        15.63993        10.44980        3.81645        1        0.439748        0.607289        -1.001945
Mo        18.37268        1.82407        3.95022        1        1.589852        0.241203        -0.920743
Mo        15.34927        3.64163        3.73403        1        2.619311        0.894502        1.045208
Mo        18.77035        5.24452        3.88935        1        0.951198        0.793256        0.553580
Mo        15.66581        7.08486        3.75874        1        -0.675053        -0.754875        -0.193240
Mo        18.94695        9.12447        3.81028        1        0.099297        -0.244254        2.928953
Te        1.03815        1.72774        5.94150        2        0.160814        0.568066        -1.459151
Te        4.13956        3.61654        5.80941        2        1.214319        0.281260        -0.973379
Te        0.96955        1.52112        2.40270        2        1.240918        2.071671        -0.729672
Te        4.67976        0.22433        2.17711        2        -0.550250        -0.658750        0.306553
Te        1.22215        5.24357        5.92855        2        -0.645489        1.194407        -0.435519
Te        4.47027        7.32115        5.70674        2        0.252192        -0.510239        -0.083657
Te        1.44502        5.25894        2.19098        2        -1.045802        1.497425        -1.037895
Te        4.45152        3.73850        2.37891        2        -0.131109        -0.341424        0.214509
Te        1.21051        9.21296        5.89150        2        0.433121        -1.591193        -0.286935
Te        4.55866        0.09653        5.91952        2        -0.195375        0.131412        -0.439689
Te        1.35808        9.08266        2.05500        2        1.478598        -1.299231        -0.016170
Te        4.63427        7.20530        2.33613        2        -0.431990        0.598220        0.221855
Te        7.68310        1.52948        5.86906        2        0.868420        0.544169        -0.982573
Te        11.44639        3.53054        5.73712        2        -0.414033        -0.295199        -0.076148
Te        8.00691        1.62116        2.17197        2        -0.610974        0.131313        0.863540
Te        11.21241        10.56480        2.07915        2        -0.387945        -0.060529        0.620835
Te        8.09098        4.94765        5.70215        2        -0.118192        1.460890        -0.241536
Te        11.32450        7.14718        5.45743        2        -0.348291        -0.975195        0.247932
Te        7.96281        4.87258        2.28368        2        0.219538        1.366281        -0.322559
Te        11.30917        3.50297        2.01074        2        -0.652365        -0.814925        0.224359
Te        7.97767        8.66765        5.61969        2        -0.130250        -0.114692        0.543066
Te        11.20385        0.11990        5.96797        2        -0.125720        -0.790690        -1.549489
Te        7.93152        8.87025        2.17367        2        -0.354660        -0.130519        -0.023782
Te        11.38881        7.13110        2.13881        2        -0.331036        -0.217434        0.592292
Te        14.33793        1.59178        5.41019        2        0.712028        0.738171        0.771555
Te        17.50901        3.60774        5.68963        2        -1.036560        0.556074        -0.058856
Te        14.49381        1.84231        2.15722        2        -1.093736        -2.036121        -1.066534
Te        17.79577        10.53112        2.02547        2        -1.914847        1.575885        -1.041770
Te        14.42172        5.39027        5.56132        2        1.010049        -0.164043        0.648181
Te        17.88792        7.21514        5.57488        2        -0.748315        -0.134961        -0.446945
Te        14.32960        5.32394        1.70288        2        1.035717        -0.073575        1.420831
Te        17.71421        3.64397        2.02877        2        -1.232919        -0.200901        -0.011975
Te        14.63444        8.78256        5.59833        2        -0.002619        -0.172184        0.883885
Te        17.67446        0.11899        5.65075        2        -1.347089        -1.631194        1.349793
Te        14.53017        8.72365        1.97780        2        -0.200465        0.878849        0.289218
Te        18.00874        7.27920        2.17474        2        -1.051054        -1.484028        -0.515262
