54
Lattice="18.429676749 0.000008540 -0.000615361 -0.000005198 10.639921383 0.000045896 0.042448411 0.000094922 30.000000000" Properties=species:S:1:pos:R:3:tags:I:1:forces:R:3 energy=-322.10759812 stress= 0.51088 0.07663 -1.57823 -1.75829 0.92076 0.17663 pbc="T T T"
Mo        2.35642        10.63991        4.04550        1        -0.079866        0.085466        -1.864414
Mo        5.46816        1.73169        3.82151        1        0.148822        0.444742        0.806845
Mo        2.28375        3.54590        3.93696        1        -0.307847        0.255615        -0.081182
Mo        5.39562        5.35280        3.98378        1        -0.247952        0.016505        -0.751022
Mo        2.33784        7.00722        3.93282        1        -0.361876        0.214328        0.111618
Mo        5.38433        8.96957        3.96428        1        0.036748        -0.494653        0.035209
Mo        8.66139        10.62930        3.95683        1        -0.625432        -0.119608        -0.482082
Mo        11.48978        1.68527        3.94791        1        0.742319        0.060928        0.286501
Mo        8.51064        3.58027        3.78201        1        0.248380        0.176608        0.439141
Mo        11.54521        5.25346        3.98708        1        0.058228        0.614156        0.384342
Mo        8.42648        7.14137        4.01962        1        -0.179018        -0.944395        -0.169131
Mo        11.50658        8.88278        4.02036        1        0.008806        0.133689        -0.095558
Mo        14.69783        0.02997        3.97026        1        -0.034131        0.110531        0.768261
Mo        17.70144        1.69533        3.85829        1        -0.614013        0.375025        0.341212
Mo        14.65114        3.56517        3.91064        1        0.196787        -0.155284        0.021600
Mo        17.63241        5.24419        3.80371        1        0.515839        0.498021        0.332597
Mo        14.58708        7.17414        3.88048        1        -0.267154        -0.252770        0.888419
Mo        17.69278        8.89866        3.86868        1        -0.371350        -0.215903        0.084447
Te        1.21224        1.74581        5.74771        2        0.673967        0.236895        0.142818
Te        4.36618        3.50057        5.71435        2        0.116562        0.121393        -0.252483
Te        1.28424        1.77933        2.17621        2        0.818406        -0.452436        -0.592440
Te        4.40362        10.63107        2.08558        2        -0.422151        0.026666        0.053791
Te        1.18397        5.29098        5.72200        2        0.320478        0.020587        -0.214823
Te        4.36763        7.14909        5.82269        2        -0.000374        -0.126262        -0.591832
Te        1.25681        5.35921        2.00094        2        0.298541        -0.529366        0.649042
Te        4.38269        3.54365        2.18956        2        -0.166262        0.335138        -0.450503
Te        1.24153        8.78382        5.65334        2        0.520688        0.196100        0.865590
Te        4.39233        0.17651        5.74103        2        0.265016        -0.704994        0.433112
Te        1.34806        8.81928        2.15771        2        0.139733        0.362631        -0.044958
Te        4.34198        7.14884        2.16232        2        0.603804        -0.204003        0.087454
Te        7.57594        1.80974        5.60234        2        -0.664838        -0.084191        0.222753
Te        10.38997        3.43176        5.72967        2        0.760160        0.696698        -0.131595
Te        7.59570        1.76219        2.05516        2        -0.226639        -0.528392        -0.012174
Te        10.63794        10.53349        2.04334        2        -0.430278        0.344997        0.522280
Te        7.41181        5.22221        5.70260        2        0.458414        0.500189        0.189123
Te        10.48663        7.09257        5.84827        2        0.019258        -0.282721        -0.527199
Te        7.38381        5.30971        2.00982        2        0.116506        0.625495        0.914648
Te        10.71386        3.55770        2.09524        2        -0.886751        -0.420566        -0.020259
Te        7.37991        9.00736        5.81180        2        0.577820        -0.421337        -0.374599
Te        10.56626        0.04328        5.93940        2        -0.020196        -0.484061        -0.818652
Te        7.52270        8.84560        2.17526        2        -0.439982        0.500999        0.156570
Te        10.44391        7.02386        2.18176        2        0.380218        0.336652        0.624896
Te        13.64554        1.81623        5.80648        2        -0.270640        0.019545        -0.762540
Te        16.80172        3.50591        5.65828        2        -1.007126        0.109365        0.105463
Te        13.60881        1.72291        2.19464        2        -0.133632        0.405025        -0.180027
Te        16.67702        10.55689        2.09239        2        -0.231587        0.454936        -0.593118
Te        13.68319        5.33969        5.69974        2        -0.361703        0.095870        0.233082
Te        16.65394        7.19320        5.60732        2        -0.017128        -0.931703        0.406459
Te        13.55762        5.39803        2.13507        2        0.065509        -0.417279        -0.029357
Te        16.62174        3.40379        1.99450        2        0.036327        0.447367        0.372342
Te        13.57272        8.93071        5.78356        2        0.322802        -0.221612        -0.191532
Te        16.74127        0.09113        5.79158        2        -0.228280        -0.820791        -0.276280
Te        13.57851        8.99985        2.21972        2        -0.328383        -0.543007        -0.615879
Te        16.57210        7.03294        2.08729        2        0.460115        0.547005        -0.348498
