54
Lattice="20.272644424 0.000008540 -0.000615361 -0.000005198 10.639921383 0.000045896 0.042448411 0.000094922 30.000000000" Properties=species:S:1:pos:R:3:tags:I:1:forces:R:3 energy=-317.39311302 stress= -19.86443 -5.01196 -1.63027 0.22333 0.24106 0.12848 pbc="T T T"
Mo        2.62690        0.02102        3.89372        1        -0.064336        -0.062512        0.843434
Mo        5.96915        1.74160        3.94398        1        0.387108        0.649677        -0.016373
Mo        2.54055        3.38383        3.94889        1        0.172679        0.165043        -0.439283
Mo        5.94590        5.32306        3.91272        1        0.009804        -0.041502        0.648776
Mo        2.80603        7.10140        4.00400        1        -0.248747        -0.239065        -0.396308
Mo        6.04321        8.89542        3.98359        1        -0.794375        0.120099        -0.245837
Mo        9.37236        10.51692        3.74397        1        -0.144441        0.816018        0.405975
Mo        12.57765        1.61351        3.88839        1        0.856179        0.489569        0.456263
Mo        9.29609        3.47327        3.77793        1        -0.105334        0.545032        1.403163
Mo        12.64039        5.16576        3.92755        1        0.603825        0.590783        -0.704937
Mo        9.38283        6.98640        3.86287        1        0.803762        -0.272197        0.131516
Mo        12.65846        8.91351        3.93858        1        0.389029        -0.058797        -0.709551
Mo        16.12176        0.22253        4.01213        1        -0.053337        -0.519094        -0.786703
Mo        19.57006        1.84523        4.04628        1        -0.772984        0.121489        -0.399160
Mo        15.95301        3.64372        3.93318        1        0.516776        0.420901        0.020167
Mo        19.44590        5.39211        3.93436        1        0.732130        0.071369        0.287139
Mo        16.12541        7.11133        3.94220        1        0.107199        -0.096663        -0.452392
Mo        19.45451        8.94884        4.04412        1        0.074197        -0.168010        0.145075
Te        1.39446        1.67346        5.76222        2        0.381631        0.073611        -0.168643
Te        4.71189        3.51271        5.67046        2        0.506246        0.110858        -0.098797
Te        1.51401        1.66515        2.03053        2        -0.550562        0.442269        0.897112
Te        4.85906        0.09592        2.17299        2        -0.088534        -0.911308        0.184327
Te        1.59486        5.22607        5.62852        2        -0.823660        0.498349        0.386961
Te        4.94733        7.11443        5.75427        2        0.048632        0.053763        -0.072220
Te        1.65872        5.36800        2.24899        2        -0.882626        -0.371138        -0.065011
Te        4.69584        3.52377        2.25545        2        0.505092        -0.047183        -0.339991
Te        1.45648        8.78592        5.69486        2        0.320746        0.490275        -0.023784
Te        4.77916        0.15085        5.79584        2        0.235764        -0.927614        -0.775093
Te        1.39265        8.82582        2.32904        2        0.350129        -0.029803        -0.360337
Te        5.00612        7.09569        2.12678        2        -0.751114        0.460644        0.422282
Te        8.19804        1.66020        5.59582        2        0.194614        0.151361        -0.564357
Te        11.47952        3.46306        5.63931        2        -0.409283        -0.433519        -0.127938
Te        8.26892        1.79359        2.01340        2        -0.865102        -0.832357        0.181456
Te        11.51910        10.55299        2.04108        2        0.236065        -0.241128        0.066250
Te        8.18273        5.28515        5.62679        2        0.104677        -0.411897        -0.166826
Te        11.75742        7.06445        5.61533        2        -1.197702        -0.289162        0.528821
Te        8.08080        5.36610        2.14251        2        0.343414        -0.887913        -0.252801
Te        11.46922        3.34134        2.13411        2        0.341194        0.657224        -0.138440
Te        8.33932        8.79858        5.51250        2        -0.476996        0.013695        1.153774
Te        11.35544        10.57103        5.71678        2        0.563484        0.036096        -0.582926
Te        8.12037        8.63876        2.18890        2        0.245573        1.040485        -0.842353
Te        11.66535        7.02408        2.11249        2        -0.424873        0.024993        0.552336
Te        14.85810        1.95262        5.69045        2        -0.491202        -0.723634        0.077959
Te        18.19560        3.65833        5.71702        2        0.352104        -0.109091        -0.550392
Te        15.01875        1.91347        2.13180        2        -0.776043        -0.722914        0.178723
Te        18.37602        0.15049        2.33396        2        -0.171862        -0.232839        -0.335658
Te        14.85278        5.34782        5.71623        2        0.017783        0.417700        -0.250733
Te        18.39072        7.14916        5.77657        2        -0.418768        -0.248923        -0.371197
Te        14.75349        5.35716        2.15063        2        0.719850        0.247695        0.309137
Te        18.15963        3.62914        2.22757        2        0.818353        -0.010971        0.447590
Te        15.01004        8.95981        5.58997        2        -0.537089        -0.035761        0.555673
Te        18.23298        0.06476        5.82025        2        0.548923        0.404620        -0.319698
Te        14.91223        8.97704        2.24553        2        0.429260        0.082647        0.227307
Te        18.48760        7.22794        2.19408        2        -0.808789        -0.256840        0.068074
