54
Lattice="19.173937585 0.000456147 -0.025753600 -0.000245476 10.515591813 0.000007040 0.013560576 0.000001770 30.000000000" Properties=species:S:1:pos:R:3:tags:I:1:forces:R:3 energy=-317.70297429 stress= -2.50086 -3.07674 -4.96226 -1.55969 -1.23835 0.49261 pbc="T T T"
Mo        2.16786        0.09866        3.84026        1        -0.623204        -0.771024        1.611721
Mo        4.36730        1.81039        3.96212        1        0.698300        -0.121910        0.099314
Mo        2.14355        3.46532        3.76559        1        0.017804        -0.007673        0.694974
Mo        4.57637        5.16387        4.07441        1        -0.837631        0.091705        -0.486015
Mo        2.25492        7.01391        3.86815        1        -0.147758        -0.000289        -0.614688
Mo        4.48361        8.56679        4.02805        1        -0.160950        1.292348        -0.442527
Mo        8.31718        0.05580        3.78830        1        1.350114        -0.749612        -1.472632
Mo        10.82812        1.80063        3.96813        1        -0.141444        -0.386625        0.781682
Mo        8.68126        3.44914        3.77236        1        -0.773047        1.049046        -0.145776
Mo        11.00011        5.27097        3.99568        1        -1.521349        0.626176        1.633051
Mo        8.66809        7.07095        3.85589        1        -0.869244        -0.392526        0.719340
Mo        10.88690        8.85057        3.94306        1        -1.459305        -1.290615        1.318089
Mo        14.95799        10.41613        3.74113        1        0.329349        0.507415        -0.213324
Mo        17.24391        1.78528        3.86605        1        -0.300608        0.339332        0.866356
Mo        15.03327        3.36651        3.83576        1        -1.938619        -0.531493        -1.882707
Mo        17.20071        5.31830        4.12038        1        0.346154        -0.219965        0.261443
Mo        15.00796        7.11740        3.91503        1        -0.166473        -0.391393        -1.406736
Mo        17.25181        8.55399        4.04694        1        1.300511        1.086977        -0.692410
Te        0.44743        1.81800        5.45054        2        0.541572        0.003240        -0.736598
Te        3.94083        3.48996        6.00779        2        -0.799674        -0.326678        -0.113233
Te        5.92821        0.14520        2.32339        2        -0.045247        -0.611204        0.500537
Te        2.74396        1.55298        1.78780        2        0.013265        2.000994        -0.160402
Te        0.61566        5.40140        5.35374        2        -0.222172        -1.019511        0.213058
Te        3.96564        6.91558        6.03138        2        -0.301222        -0.025530        0.051629
Te        6.16664        3.65055        2.22476        2        -0.302193        -0.562129        1.057829
Te        2.86920        5.22138        1.88711        2        0.103575        0.182546        0.189944
Te        0.67367        8.71491        5.47011        2        -0.459860        0.242688        -0.318040
Te        3.76831        10.41349        6.05403        2        0.280917        0.568801        -1.317842
Te        5.98476        6.78473        2.42836        2        0.995755        1.440486        0.066000
Te        2.61890        8.92586        1.86160        2        0.761968        -1.578751        0.425211
Te        6.96945        1.95122        5.17296        2        -0.868227        -0.462287        0.993890
Te        10.26569        3.53386        6.01934        2        0.027800        -0.198722        -0.551148
Te        12.41199        10.47327        2.64654        2        0.451751        0.783748        -1.708400
Te        9.22575        1.83980        1.73712        2        0.025984        -0.843938        0.370980
Te        7.09727        5.36621        5.56689        2        0.188640        -0.174872        -0.951577
Te        10.33027        7.09953        6.15510        2        -0.105520        -0.261960        -1.772011
Te        12.35986        3.58843        2.43841        2        1.069957        -1.053794        -0.327717
Te        9.31391        5.31868        1.90612        2        -0.025658        -0.020178        -0.071182
Te        6.89878        8.96634        5.61165        2        0.087428        -0.752221        -1.209509
Te        9.93635        10.40009        5.86835        2        0.710518        1.049247        0.457455
Te        12.49226        7.07939        2.65455        2        0.570285        0.025498        -1.003080
Te        8.82638        8.63977        1.72715        2        0.793261        1.204946        1.008992
Te        13.22883        1.55871        5.44128        2        0.698100        0.724476        -0.515407
Te        16.48304        3.42628        5.97936        2        0.858258        0.299937        0.373003
Te        18.81617        0.03030        2.54181        2        0.198569        -0.593466        -0.377588
Te        15.49931        1.55703        1.65840        2        0.172046        0.833896        1.116903
Te        13.42499        5.24021        5.22520        2        0.394228        -0.313274        0.920689
Te        16.52346        7.18832        6.17490        2        0.265781        -1.339626        -0.304252
Te        18.68722        3.60362        2.32845        2        0.713187        -0.128132        0.527143
Te        15.70474        5.08911        1.87170        2        -0.425913        0.895515        0.675947
Te        13.47385        8.80332        5.46980        2        -0.746382        -0.063129        -0.001390
Te        16.60857        10.47268        5.80611        2        0.156106        0.440049        0.624837
Te        18.92309        6.97039        2.38535        2        -0.338643        0.098528        0.655505
Te        15.78926        8.73344        1.77031        2        -0.546616        -0.584259        0.566352
