54
Lattice="19.557416337 0.000456147 -0.025753600 -0.000245476 10.515591813 0.000007040 0.013560576 0.000001770 30.000000000" Properties=species:S:1:pos:R:3:tags:I:1:forces:R:3 energy=-318.01803407 stress= -5.91803 -3.71419 1.24114 1.11554 0.22092 -1.06313 pbc="T T T"
Mo        2.08318        0.14437        3.96708        1        0.426483        -0.568274        -1.319815
Mo        4.55049        1.64984        4.17008        1        0.075049        0.577233        -0.435246
Mo        2.14686        3.58530        3.83052        1        0.255685        -0.002713        -1.272043
Mo        4.61539        5.23277        3.89729        1        -0.139354        0.352720        0.215135
Mo        2.27534        7.03075        3.81999        1        -0.368536        -0.405325        1.360366
Mo        4.62577        8.84086        4.05888        1        -0.444877        -0.856538        -0.709617
Mo        8.72775        0.01419        3.72320        1        -0.139984        0.418679        1.065415
Mo        10.92094        1.78190        3.98960        1        1.700471        0.067819        -0.739556
Mo        8.78019        3.42218        3.78195        1        -0.618760        0.033241        0.937694
Mo        11.10737        5.41172        4.09393        1        0.061272        -1.760860        -2.642986
Mo        8.69199        7.07634        3.85199        1        0.269402        0.130799        -1.455756
Mo        10.99116        8.96066        3.92642        1        1.579454        -1.841772        0.025747
Mo        15.10439        0.03685        4.00117        1        1.341268        0.736219        -1.050556
Mo        17.59941        1.79348        4.12036        1        -0.370336        -0.834728        -1.478774
Mo        15.16581        3.46236        3.93418        1        0.131431        -0.237515        -2.220920
Mo        17.50402        5.28839        3.88584        1        1.500503        -0.270712        0.775285
Mo        15.17533        6.86495        3.71030        1        1.288970        0.311394        1.018035
Mo        17.49170        8.76800        4.09608        1        1.246922        -0.705538        -0.265272
Te        0.61288        1.89991        5.32626        2        -0.840629        -0.204586        1.173616
Te        3.66304        3.69789        5.93189        2        1.173455        -0.971166        0.457180
Te        6.27865        10.38223        2.41546        2        -0.881824        0.679529        0.223219
Te        2.93533        1.69802        1.93140        2        0.083107        0.631371        0.520834
Te        0.50083        5.38157        5.36901        2        0.356032        -0.359515        -0.315829
Te        4.05322        7.04307        6.02180        2        -0.219587        -0.462463        -1.180540
Te        6.31549        3.23778        2.41515        2        -0.873721        0.548912        0.576646
Te        2.77698        5.30696        1.81651        2        0.355826        -0.223736        0.222039
Te        0.64636        8.80202        5.43882        2        -0.539731        -0.412319        -0.042467
Te        3.64052        10.35714        6.01134        2        1.159637        0.919908        1.166327
Te        6.14840        6.97663        2.29570        2        0.128386        0.153053        0.625008
Te        2.71738        8.87762        2.03523        2        0.833466        0.055643        -0.673722
Te        7.15390        1.65375        5.56118        2        -0.083104        0.299549        -1.006231
Te        10.55594        3.57333        5.93081        2        -0.795483        -0.241625        0.345901
Te        12.78931        10.47575        2.39881        2        -0.614811        0.555630        0.291515
Te        9.29054        1.75911        1.75246        2        0.498077        0.087803        0.074125
Te        7.14846        5.25235        5.19595        2        -0.564287        -0.491907        0.493088
Te        10.39599        6.99747        5.86163        2        -0.089217        1.972134        2.118221
Te        12.62941        3.51024        2.46368        2        0.294520        -0.149736        0.264812
Te        9.31273        5.39929        1.99291        2        0.622821        -1.100294        -1.027734
Te        7.23147        8.70485        5.23448        2        -1.467774        1.111781        1.194682
Te        10.41746        10.50726        5.91030        2        -0.423626        0.565615        0.678924
Te        12.79770        6.93517        2.48477        2        -0.966261        0.275748        -0.626654
Te        9.42582        8.82158        1.82955        2        -0.371892        -0.553646        -0.729026
Te        13.49009        1.92784        5.47587        2        0.088119        -0.964064        -0.199270
Te        16.98544        3.57191        5.90138        2        -0.215371        -0.080453        1.096725
Te        19.24828        10.43557        2.43192        2        -0.662396        0.247828        0.662466
Te        15.94068        1.68231        1.82172        2        -0.252788        0.305687        1.865820
Te        13.63617        5.21732        5.42093        2        0.139217        0.803694        0.040779
Te        16.94263        6.79693        6.00384        2        -0.592110        1.235491        -0.819471
Te        19.25531        3.38405        2.50365        2        -0.551627        0.403375        -0.303281
Te        15.97315        5.05977        1.75948        2        -0.828068        0.474518        0.287405
Te        13.51012        8.81582        5.19648        2        -0.022059        -0.663396        0.894325
Te        17.09175        10.38474        6.06256        2        -0.693637        1.090731        0.295552
Te        19.27719        6.98300        2.50818        2        -0.401026        0.336204        -0.245049
Te        15.96650        8.95423        1.97149        2        -0.560705        -1.003662        -0.204469
