54
Lattice="19.174335959 0.000456436 -0.025753600 -0.000245188 12.055168952 0.000007040 0.013560858 0.000001769 30.000000000" Properties=species:S:1:pos:R:3:tags:I:1:forces:R:3 energy=-313.72366944 stress= -9.92914 -17.63923 -1.43152 -0.41681 -0.63604 0.34521 pbc="T T T"
Mo        2.15962        0.08478        3.75588        1        -0.035906        0.307713        -0.807948
Mo        4.57368        2.15645        4.02509        1        -0.920362        0.622343        -1.106734
Mo        2.28438        3.84400        3.87192        1        -0.560338        -0.252398        -0.351622
Mo        4.55825        5.72720        3.93414        1        -0.124175        -0.419691        0.237198
Mo        2.43833        7.67383        3.63850        1        0.373634        0.040971        -0.221983
Mo        4.19771        9.96200        4.12782        1        -1.198016        -0.218560        0.697949
Mo        8.41969        11.84350        3.77542        1        0.405717        0.483024        0.520225
Mo        10.77465        2.18661        4.07489        1        0.231885        -0.206035        0.634827
Mo        8.77737        4.48288        3.52550        1        -0.122289        -0.525146        0.541905
Mo        10.78894        6.52993        4.04510        1        -0.672975        0.124852        -0.695112
Mo        8.49211        8.29785        3.80624        1        -0.089801        0.104104        0.342757
Mo        10.79534        9.98251        4.07429        1        -0.231978        0.100451        0.059811
Mo        14.86866        11.62572        3.82893        1        0.930709        0.847655        0.800273
Mo        16.97608        1.67753        4.14224        1        0.604611        -0.229910        0.144434
Mo        14.79460        4.42156        3.84356        1        -0.053466        -0.050233        -0.245415
Mo        17.28501        6.21022        4.06004        1        -0.396173        -0.103486        -0.339754
Mo        15.03659        8.15200        3.84014        1        -0.217319        -0.031767        0.810620
Mo        17.39567        9.58166        4.01927        1        -0.092723        0.278244        0.537162
Te        0.60256        1.89008        5.18620        2        0.027839        -0.324868        0.192168
Te        3.99209        3.96891        5.94486        2        0.086904        0.073149        0.149665
Te        5.59079        11.92070        2.82933        2        0.907666        0.283105        -0.406564
Te        2.77783        1.95943        1.83727        2        0.276191        0.017594        0.812057
Te        0.84905        5.97611        5.09718        2        -0.387374        0.010703        0.347812
Te        4.02702        7.71903        5.84128        2        0.052390        -0.144762        -0.282944
Te        6.13466        4.03434        2.41185        2        -0.162142        0.284332        -0.023387
Te        2.80934        5.59314        1.88414        2        -0.000939        0.282034        -0.503542
Te        1.58403        9.77782        5.38801        2        -0.211387        0.301951        -0.432369
Te        3.78701        0.21121        5.78378        2        0.656524        -0.124599        0.728114
Te        5.76604        8.04893        2.62885        2        -0.159445        0.095466        0.050491
Te        2.59666        9.94113        1.88869        2        0.334943        0.058060        0.668963
Te        7.28410        2.14301        4.69857        2        -0.114444        0.252526        0.445158
Te        10.21762        4.43679        5.82402        2        0.049898        -0.452867        -0.559413
Te        12.29579        12.02543        2.84680        2        -0.360960        -0.177810        -0.036534
Te        9.07310        2.07152        2.08145        2        0.145046        -0.199642        -0.405444
Te        7.08139        6.12953        5.11809        2        0.409150        -0.228545        -0.057071
Te        10.18438        8.25456        6.01361        2        -0.438528        -0.069612        0.012164
Te        12.10150        4.26508        2.73878        2        0.106509        0.247986        0.101698
Te        9.18324        6.54567        1.79627        2        0.126294        -0.203780        0.229449
Te        6.78649        10.14278        5.26147        2        0.360405        -0.235781        0.084394
Te        10.15465        0.08807        5.88946        2        -0.057876        -0.175207        -0.654761
Te        12.38612        8.24178        2.52930        2        0.155300        0.122959        -0.059555
Te        9.07536        10.16771        1.88143        2        0.267529        -0.418936        -0.166667
Te        13.53314        2.09705        4.97558        2        -0.281287        -0.111545        -0.183290
Te        16.63987        3.94258        5.69048        2        0.008176        0.604748        0.152343
Te        18.69518        11.72413        2.72469        2        0.013376        0.700310        0.106771
Te        15.27997        1.85841        2.13981        2        0.134271        0.172311        0.201685
Te        13.23089        6.27750        5.25806        2        0.958535        -0.125204        0.270415
Te        16.73579        7.95087        6.06879        2        -0.152597        -0.284036        -0.571099
Te        18.64255        3.83262        3.01861        2        -0.254784        0.280531        -0.405781
Te        15.38996        6.30033        1.92973        2        0.727255        -0.559507        0.318550
Te        13.39671        9.97090        5.53414        2        0.053570        0.059031        -0.642244
Te        16.75585        11.68746        5.91767        2        -0.380758        -0.233919        -0.794093
Te        18.96968        7.97004        2.43013        2        -0.292878        -0.625141        0.308407
Te        15.76277        9.95850        1.96241        2        -0.437350        -0.026971        -0.587482
