54
Lattice="20.272644424 0.000008540 -0.000615361 -0.000005198 10.639921383 0.000045896 0.042448411 0.000094922 30.000000000" Properties=species:S:1:pos:R:3:tags:I:1:forces:R:3 energy=-317.76063265 stress= -18.72355 -5.34455 0.31575 -0.08500 -0.62186 -0.10280 pbc="T T T"
Mo        2.58506        10.38777        3.90905        1        -0.122728        -0.197276        0.804517
Mo        5.78337        1.89638        3.85367        1        0.491580        -0.540765        1.081500
Mo        2.49353        3.30181        3.97409        1        -0.318830        0.546032        -0.483915
Mo        5.95308        5.33763        3.98054        1        -0.671491        0.564363        -0.459739
Mo        2.53171        6.91829        4.02292        1        0.026195        0.214503        -0.532131
Mo        6.10041        8.98607        4.01275        1        -1.269051        0.155531        -0.470864
Mo        9.34834        0.22070        3.80293        1        0.305051        -0.710721        0.996932
Mo        12.79498        1.60874        3.90548        1        0.532758        0.729491        -0.295467
Mo        9.42460        3.77354        3.76393        1        0.104343        -0.318753        1.167442
Mo        12.76535        5.37542        3.86285        1        0.489533        -1.268602        0.014159
Mo        9.34205        7.34679        3.96148        1        0.744144        -0.060943        -0.440098
Mo        12.84129        8.82162        3.86370        1        -0.938639        0.041679        -0.478582
Mo        16.13579        10.61865        4.05785        1        -0.652358        -0.186754        -1.195713
Mo        19.46321        1.73832        4.00175        1        -0.447550        -0.031723        -0.451593
Mo        16.04635        3.50563        3.93889        1        0.779886        0.114793        0.275528
Mo        19.46318        5.24659        3.96358        1        -0.317470        0.495310        0.099982
Mo        16.18595        7.14310        3.92470        1        0.482103        0.039234        -0.135736
Mo        19.67634        8.86858        3.91059        1        -1.120922        0.142434        0.038419
Te        1.32093        1.46064        5.70415        2        0.546134        0.299116        -0.003955
Te        4.62943        3.62999        5.65894        2        0.534545        -0.491551        0.307606
Te        1.34460        1.47774        2.25155        2        0.003943        0.592545        -0.277038
Te        4.71752        0.00243        2.16173        2        0.596533        -0.128594        0.321267
Te        1.37204        5.04957        5.72271        2        -0.109979        0.311652        0.096259
Te        4.78578        7.16912        5.73746        2        0.392334        -0.246045        -0.353198
Te        1.31927        5.18773        2.26483        2        0.407637        -0.544253        -0.150694
Te        4.62451        3.59776        2.17122        2        0.140358        0.300635        -0.157544
Te        1.43597        8.63947        5.74812        2        0.212009        0.443631        0.040437
Te        4.74535        0.06805        5.77257        2        0.355139        -0.024456        -0.959861
Te        1.49192        8.64868        2.08035        2        0.059642        -0.007500        0.596861
Te        4.70981        7.16011        2.28496        2        0.696238        -0.201329        0.351147
Te        8.11039        2.07763        5.53430        2        0.109961        -0.286442        -0.185250
Te        11.62914        3.42982        5.59205        2        -0.029043        0.624435        -0.329251
Te        8.15123        1.98852        2.23442        2        -0.747703        0.252279        -1.292177
Te        11.56442        10.63314        2.08821        2        0.296783        -0.293257        0.129932
Te        8.25534        5.48324        5.56211        2        -0.131345        -0.084542        0.815832
Te        11.70322        7.09390        5.58403        2        -0.666131        0.024681        0.733843
Te        8.15949        5.60387        2.24412        2        -0.225348        -0.214292        -0.789275
Te        11.70821        3.42923        2.15010        2        -0.007088        0.596871        -0.025663
Te        8.28263        9.16727        5.67044        2        -0.098611        -0.090345        0.364160
Te        11.54307        10.51217        5.56294        2        0.110493        0.477632        0.260754
Te        8.22736        9.04341        2.14860        2        -0.337773        0.089461        -0.116779
Te        11.49383        7.09155        2.13946        2        0.378337        0.116899        0.116544
Te        14.93462        1.76908        5.73914        2        -0.150883        -0.112620        -0.145085
Te        18.31769        3.54132        5.68640        2        -0.485113        -0.111979        0.355506
Te        15.15766        1.68387        2.09155        2        -0.846330        0.071941        0.801904
Te        18.25364        0.07846        2.25736        2        0.477706        -0.737030        -0.062609
Te        15.08064        5.43505        5.66586        2        -0.744315        -0.805098        0.040120
Te        18.44719        7.19093        5.71700        2        -0.150596        -0.528018        -0.448926
Te        15.06133        5.34510        2.21922        2        -0.500456        -0.019484        -0.398858
Te        18.23071        3.50492        2.19809        2        0.426769        0.101193        0.244542
Te        14.96616        8.75098        5.69138        2        -0.098544        0.727246        0.290351
Te        18.27611        10.61331        5.70333        2        0.682384        -0.139690        0.286200
Te        14.95581        8.85287        2.15615        2        0.638586        0.248913        0.174550
Te        18.38365        7.09635        2.22905        2        0.226152        0.070709        -0.157210
