54
Lattice="18.429676749 0.000008540 -0.000615361 -0.000005198 12.767905659 0.000045896 0.042448411 0.000094922 30.000000000" Properties=species:S:1:pos:R:3:tags:I:1:forces:R:3 energy=-308.71350070 stress= -13.14388 -27.01748 1.36950 -0.84223 -0.28740 -0.29906 pbc="T T T"
Mo        2.33005        12.64218        3.95000        1        -0.459554        -0.240399        -0.216997
Mo        5.25587        2.13100        3.83902        1        -0.497196        -0.496918        0.213585
Mo        2.10178        4.29114        3.97493        1        0.739492        -0.252590        -1.134667
Mo        5.36023        6.47502        4.18806        1        -0.026197        -0.530234        -1.060185
Mo        2.48281        8.49808        4.07374        1        -1.724940        -0.247726        -0.719121
Mo        5.44758        10.69071        3.94238        1        -0.525513        -0.502077        -0.257846
Mo        8.42219        12.67281        3.78700        1        0.855794        0.157504        -0.287405
Mo        11.41337        2.08347        3.85240        1        -0.056144        1.102122        0.234724
Mo        8.40935        4.21329        3.93048        1        0.327257        0.155362        -0.187969
Mo        11.43876        6.53634        4.06552        1        0.136364        -0.751611        -0.045294
Mo        8.65768        8.55077        3.82999        1        -2.185025        0.036305        0.279968
Mo        11.41437        10.70490        3.98801        1        -0.588404        0.078348        -0.017948
Mo        14.54205        0.01447        3.90101        1        -1.134635        0.019483        -0.083757
Mo        17.65223        1.97708        3.85640        1        -0.802206        0.467239        -0.048096
Mo        14.61506        4.41262        3.78699        1        -0.027165        -0.301530        0.869856
Mo        17.72032        6.50944        3.99128        1        0.102940        -1.250311        -0.751390
Mo        14.50876        8.57196        4.02766        1        0.101321        -0.428142        -0.507612
Mo        17.64662        10.53895        3.98574        1        -0.071118        -0.106478        -1.036558
Te        1.30730        2.03909        5.53512        2        0.100193        -0.170086        0.707087
Te        4.18605        4.29608        5.63289        2        0.919194        -0.275855        0.118882
Te        1.35314        1.88204        2.29340        2        0.153503        0.586567        -0.753998
Te        4.40359        12.68852        2.23064        2        0.174561        0.110386        -0.005885
Te        1.40945        6.35174        5.74588        2        -0.236860        0.428053        -0.108945
Te        4.44129        8.55565        5.75050        2        1.220803        0.370365        0.952836
Te        1.42082        6.55014        2.33224        2        0.170157        -0.345885        -0.155056
Te        4.39020        4.28114        2.21664        2        -0.463042        0.165133        0.863528
Te        1.38081        10.57050        5.64053        2        -0.063872        0.116158        0.484049
Te        4.32557        12.66583        5.71525        2        0.676485        0.373411        -0.245791
Te        1.37864        10.39670        2.32007        2        0.131019        0.547554        -0.107322
Te        4.56417        8.51358        2.38199        2        0.055477        -0.030316        -0.277280
Te        7.47049        1.94852        5.38026        2        -0.105359        0.508783        1.176752
Te        10.47263        4.27183        5.71144        2        0.097416        -0.198657        -0.590916
Te        7.44886        2.00492        2.23263        2        -0.064497        0.563015        -0.711327
Te        10.58802        0.08138        2.05588        2        -0.240932        -0.318115        0.778981
Te        7.68543        6.43052        5.56857        2        -0.158677        0.086694        0.457266
Te        10.57796        8.66382        5.61513        2        0.259690        -0.209877        1.022201
Te        7.43884        6.37184        2.32515        2        0.021783        0.115594        0.019974
Te        10.47356        4.48990        2.17866        2        0.009676        -0.550746        0.685290
Te        7.58379        10.68074        5.51801        2        0.277606        -0.319688        0.373895
Te        10.49248        0.02481        5.59285        2        0.069275        0.277527        -0.256512
Te        7.54575        10.56482        2.09194        2        -0.099048        0.087222        0.430201
Te        10.67186        8.51650        2.21088        2        0.276019        0.082353        -0.404000
Te        13.65851        2.43189        5.49391        2        -0.195415        -0.934267        -0.000845
Te        16.82078        4.27652        5.55482        2        -0.328554        -0.083751        -0.354305
Te        13.54864        2.24298        2.18165        2        0.458802        -0.208844        0.038485
Te        16.60702        12.59889        2.23419        2        0.463663        0.091820        -0.402365
Te        13.66722        6.47013        5.75378        2        -0.214600        -0.119205        -0.611569
Te        16.78286        8.46285        5.54240        2        -0.620037        0.533946        1.298787
Te        13.49491        6.43316        2.32837        2        0.447462        0.536389        -0.336942
Te        16.76396        4.35986        2.16977        2        0.337274        -0.120115        0.206202
Te        13.56540        10.74996        5.69571        2        0.152078        -0.063066        -0.287032
Te        16.62861        12.67376        5.52799        2        0.508908        0.200327        0.787883
Te        13.34352        10.53413        2.30387        2        1.935289        0.502579        -0.741827
Te        16.68462        8.35176        2.16381        2        -0.370031        0.756104        0.679286
