54
Lattice="20.324373841 0.000456147 -0.025753600 -0.000245476 10.309403738 0.000007040 0.013560576 0.000001770 30.000000000" Properties=species:S:1:pos:R:3:tags:I:1:forces:R:3 energy=-316.72285942 stress= -13.25211 -2.91305 1.06331 0.21294 -0.11138 -0.11818 pbc="T T T"
Mo        2.13510        10.28449        3.86930        1        1.465693        0.472180        -0.976839
Mo        4.80144        1.88897        3.82583        1        -1.053958        -0.301213        -0.217022
Mo        2.34694        3.50671        3.60173        1        -0.834078        -0.456672        1.846367
Mo        4.78096        5.27843        3.70108        1        -0.444757        -0.523844        1.092207
Mo        2.37198        6.89295        3.67761        1        -0.295527        1.284389        -0.317636
Mo        4.79886        8.73748        3.80559        1        -0.153591        -0.044852        -0.435176
Mo        8.86245        10.27332        3.78390        1        1.484372        0.248120        0.310545
Mo        11.38072        1.67907        4.24589        1        1.289226        -0.405868        -0.718066
Mo        9.04374        3.46500        3.93516        1        -0.549431        -0.005934        -1.179842
Mo        11.31544        5.11397        4.13385        1        0.595926        -1.057036        -0.238745
Mo        9.01933        6.75058        3.72748        1        -0.707235        0.756726        -0.826114
Mo        11.34159        8.47479        4.04319        1        1.698829        0.754908        1.569853
Mo        15.74905        0.01994        3.99447        1        0.389572        -0.123321        -0.226776
Mo        18.39776        1.68236        3.95471        1        -0.318359        0.412341        0.666800
Mo        15.86369        3.32388        4.03021        1        0.731402        1.078285        -1.253275
Mo        18.40482        5.08422        3.99483        1        -0.433020        0.264679        -0.214898
Mo        15.85212        6.65301        3.92577        1        0.201179        0.130752        1.657023
Mo        18.32586        8.50852        4.04192        1        -0.434878        0.041486        -0.467217
Te        0.68115        1.83028        5.27198        2        -0.076960        0.113529        0.237237
Te        3.88424        3.63742        5.76612        2        0.746856        -0.336342        -0.356785
Te        6.44601        0.10867        2.19697        2        0.024040        -0.050299        0.572469
Te        2.88507        1.73955        1.77438        2        0.470266        -0.248249        -0.087556
Te        0.64687        5.32898        5.07905        2        0.513236        -0.911715        1.524552
Te        4.22940        6.96900        5.69889        2        -0.533100        -0.233986        0.432616
Te        6.59274        3.56232        2.43886        2        -0.394302        -0.452075        -0.469433
Te        2.74678        5.19623        1.71258        2        1.097206        0.729812        -1.429172
Te        0.60851        8.65995        5.32048        2        0.021037        -0.680847        0.430268
Te        4.13634        0.02214        5.78989        2        -0.310361        0.802613        0.093994
Te        6.42048        6.98118        2.40500        2        0.722237        0.012441        -0.825327
Te        3.06272        8.92945        1.69233        2        -0.317277        -1.519501        0.862319
Te        7.13919        1.82923        5.20650        2        0.874840        -0.493702        0.531882
Te        10.63774        3.29217        6.10664        2        -0.103394        1.160623        0.707163
Te        13.06388        10.23260        2.66789        2        0.360463        0.580209        0.241669
Te        10.06094        1.81592        2.01830        2        -1.126053        -0.738883        -0.262910
Te        7.30116        5.17501        5.35965        2        -0.080722        0.283179        -0.355647
Te        10.48290        6.83540        5.91530        2        0.137832        -0.089527        1.474111
Te        13.09425        3.56022        2.68523        2        0.376222        -0.946350        -0.103271
Te        9.63854        4.95860        1.67950        2        0.534987        0.986911        1.606140
Te        7.30732        8.61442        5.35228        2        0.037865        -0.005715        -0.678775
Te        10.69753        10.20061        6.12594        2        -0.479150        -0.221006        -1.061100
Te        13.21775        6.74065        2.87061        2        -0.101198        -0.032294        -0.796402
Te        10.07484        8.61196        1.83328        2        -1.788971        -0.208980        -0.247502
Te        14.30704        1.83862        5.54218        2        -1.239026        -1.303255        0.697253
Te        17.83749        3.38505        6.03601        2        -0.303445        -0.103176        -0.685000
Te        19.98295        10.19941        2.51886        2        -0.156235        0.258473        -0.562172
Te        16.51282        1.63940        1.98686        2        -0.109710        0.085034        0.001082
Te        14.20383        4.87450        5.72082        2        0.086566        1.089470        -0.448824
Te        17.73828        6.78596        6.00807        2        -0.466940        0.016198        -0.378062
Te        20.06013        3.38699        2.46336        2        -0.537827        -0.061818        -0.640062
Te        16.57421        5.02906        1.94864        2        -0.016654        -0.229508        0.288575
Te        14.22837        8.51944        5.43470        2        -0.447895        -0.180624        0.111508
Te        17.62695        0.01840        5.92615        2        0.181644        -0.305337        0.264086
Te        20.08330        6.79640        2.49934        2        -0.767094        0.693054        -0.737630
Te        16.32583        8.51738        2.05575        2        0.606906        0.035460        -0.030276
