54
Lattice="19.173937585 0.000456147 -0.025753600 -0.000245476 10.309403738 0.000007040 0.013560576 0.000001770 30.000000000" Properties=species:S:1:pos:R:3:tags:I:1:forces:R:3 energy=-318.56196232 stress= 0.54979 2.71554 -1.41473 0.12668 -0.92688 0.06695 pbc="T T T"
Mo        2.09012        0.13134        3.71030        1        0.741001        -0.107929        0.839936
Mo        4.42989        1.60182        4.05012        1        1.893823        0.505179        0.541451
Mo        2.22868        3.36567        3.78140        1        -0.084088        0.408180        -0.466937
Mo        4.47152        5.17624        4.14070        1        -0.528110        0.796270        -0.028509
Mo        1.98499        6.82286        3.90908        1        1.208695        -0.125839        -0.153367
Mo        4.38812        8.50920        4.09105        1        -0.229298        0.103237        0.429260
Mo        8.72689        10.26833        3.73719        1        -2.191830        -0.429063        0.673951
Mo        10.78947        1.75416        3.99050        1        1.217913        0.255731        1.489319
Mo        8.58998        3.48551        3.90145        1        -0.099199        0.083956        -0.332133
Mo        10.87422        5.17153        4.00112        1        0.038825        -0.541422        1.576777
Mo        8.57532        6.85773        3.71677        1        -0.161842        -0.153161        0.731687
Mo        10.90838        8.46402        3.97527        1        -0.307985        -0.495734        1.013986
Mo        14.81630        0.00833        3.84930        1        0.237360        0.037176        0.606265
Mo        17.28725        1.77033        4.06096        1        -0.554683        0.393076        -0.151712
Mo        14.89478        3.34105        3.96153        1        1.064469        0.735927        -1.210596
Mo        17.35190        5.13543        3.94519        1        -1.217731        -0.873410        0.254979
Mo        15.06029        6.94036        3.61273        1        -1.744787        -0.589843        -0.381866
Mo        17.13256        8.72979        3.78518        1        1.138751        0.260134        1.228165
Te        0.69500        1.74219        5.35413        2        -1.036534        0.154510        0.390509
Te        3.87211        3.32874        5.94918        2        -0.316399        0.538492        0.996607
Te        5.96671        10.25553        2.54729        2        0.967244        -0.167206        -0.214391
Te        3.22329        1.79841        1.77282        2        -1.481431        -0.389691        -0.389613
Te        0.54983        5.02143        5.33376        2        0.046866        0.198403        0.416375
Te        3.53038        6.84483        6.19913        2        0.725938        0.053817        -1.246875
Te        6.10245        3.64122        2.62124        2        0.197077        -1.271471        -0.545672
Te        3.01326        5.16213        1.92324        2        -0.919284        0.244904        -0.017870
Te        0.62806        8.69678        5.37280        2        -1.260941        -0.146442        -0.364575
Te        3.61428        0.06883        6.04176        2        0.245301        -0.900085        -0.478584
Te        5.78513        6.89019        2.24983        2        0.889924        0.316946        0.971691
Te        2.59003        8.56709        1.98692        2        0.822965        -0.303266        -0.956660
Te        7.23248        1.73064        5.52343        2        -1.026746        -0.681337        -0.450817
Te        10.27682        3.43394        6.06152        2        0.090762        -0.037571        -0.389084
Te        12.27014        0.01392        2.46981        2        1.123411        0.062130        -0.183207
Te        9.14428        1.81112        1.89777        2        -0.051163        -0.353086        -1.043969
Te        7.01689        5.17529        5.28921        2        -0.513769        0.553080        1.029272
Te        10.13236        6.75751        6.03331        2        0.033888        0.499180        -0.795380
Te        12.46178        3.50611        2.48805        2        0.311854        -0.842913        -0.059113
Te        9.35971        5.09543        1.82039        2        -0.731626        0.116769        -0.189961
Te        7.05850        8.48688        5.46599        2        -0.473737        0.388899        -0.856334
Te        10.12901        10.18504        5.97614        2        0.648285        0.460444        -0.161643
Te        12.31028        6.64542        2.33001        2        1.371740        1.367849        -0.295426
Te        9.42827        8.49536        1.82377        2        -0.834857        0.526752        -1.105092
Te        13.37188        1.82426        5.49599        2        -0.815281        -0.996115        0.158641
Te        16.55860        3.58485        6.13226        2        0.444609        -0.638638        -1.204123
Te        18.76823        0.09941        2.22467        2        0.036737        -0.001970        0.443795
Te        15.59906        1.67323        1.91032        2        -0.151480        0.724848        0.274041
Te        13.54955        5.22336        5.47365        2        -0.845630        0.511145        -0.467434
Te        16.51945        6.90067        5.75837        2        0.782372        0.794244        0.774039
Te        18.84051        3.36846        2.34951        2        0.489363        0.020123        0.157987
Te        15.71116        5.02404        1.81766        2        -0.332606        0.295852        0.266554
Te        13.21378        8.52972        5.44157        2        1.122878        0.094534        -0.579448
Te        16.69535        0.09003        6.01936        2        -0.517944        -0.762807        -0.886988
Te        18.79651        6.82166        2.34963        2        0.203978        0.542766        -0.058152
Te        15.35225        8.84995        1.65911        2        0.312032        -1.213268        0.414042
