54
Lattice="19.174335959 0.000456436 -0.025753600 -0.000245188 12.055168952 0.000007040 0.013560858 0.000001769 30.000000000" Properties=species:S:1:pos:R:3:tags:I:1:forces:R:3 energy=-305.81837339 stress= -6.82142 -13.40113 1.14421 2.10209 -0.38005 -1.21052 pbc="T T T"
Mo        2.44096        11.69527        3.69542        1        0.051399        -0.148023        -0.412507
Mo        4.15227        2.18759        4.57367        1        1.098434        -0.544712        -0.570907
Mo        1.98894        4.26929        4.31535        1        0.647341        -0.607325        -0.229990
Mo        4.37965        6.28789        4.52916        1        0.589263        0.140392        0.791692
Mo        2.07533        8.39670        4.17792        1        -0.395730        -0.717514        0.027927
Mo        4.38393        9.68857        4.37721        1        0.922982        -0.411731        -1.474889
Mo        8.23556        1.11947        3.31827        1        1.042534        -2.180232        0.009557
Mo        10.88414        2.22938        3.69477        1        -1.032402        -0.411798        0.797279
Mo        8.50443        4.30094        3.85072        1        0.459488        0.115564        0.175020
Mo        10.85020        6.20098        3.71874        1        1.197852        -1.486141        -0.771060
Mo        8.65552        7.65221        3.60404        1        -0.276573        1.805524        1.683006
Mo        11.44498        9.24463        3.47385        1        -1.145969        0.575221        1.462276
Mo        14.72480        11.73977        3.59581        1        1.319219        0.980365        0.099053
Mo        17.22818        1.90468        3.69383        1        2.428281        -0.175206        3.037918
Mo        14.81034        3.43116        3.87723        1        1.714489        1.437901        -0.203809
Mo        17.04438        6.25805        4.22063        1        -1.033299        -0.354463        -1.290249
Mo        14.48118        8.55338        3.43598        1        1.120626        -1.496124        -0.076378
Mo        17.33529        10.48545        3.80983        1        0.366504        -0.567520        -0.700104
Te        0.93085        1.52853        4.92192        2        -0.766714        1.235389        0.673450
Te        3.68755        4.06303        6.35036        2        0.163340        1.079918        0.718813
Te        5.51371        11.88057        3.10732        2        0.103187        0.598123        -0.877518
Te        2.79392        2.11241        2.41650        2        -0.269381        0.485228        -1.124206
Te        0.45880        6.31895        5.62844        2        0.136570        0.129388        -0.140028
Te        3.78797        8.01567        6.33723        2        -0.394762        0.531169        1.269704
Te        5.75718        4.27548        3.51360        2        0.729665        -1.095363        -0.321207
Te        2.72054        6.17928        2.60095        2        -0.892661        0.058461        -1.527599
Te        0.59557        10.17218        5.66667        2        0.178144        0.330890        -1.268524
Te        3.97703        11.95626        5.81476        2        -0.233681        -0.651465        2.469028
Te        5.91331        7.91919        2.81826        2        -0.202777        -0.017115        -0.175684
Te        2.83606        9.65027        1.90727        2        0.177266        0.234248        0.842184
Te        7.27575        1.70396        5.51075        2        -0.711721        1.896510        1.037435
Te        10.53105        4.21435        5.76464        2        -0.759757        -0.333481        -1.163366
Te        12.42955        0.00393        2.14902        2        -0.983662        -0.038495        0.264419
Te        9.19390        2.87809        1.68184        2        0.024144        -0.652357        -0.511105
Te        7.28636        6.30418        5.61622        2        -0.417393        -0.216972        -0.689240
Te        10.43198        7.76119        5.73879        2        0.044180        1.448646        -0.562514
Te        12.46951        4.10924        2.62485        2        -0.615482        -0.691845        -1.382683
Te        9.19006        6.05722        1.59538        2        -0.521517        -0.335027        0.546853
Te        7.41851        10.01236        5.29342        2        -0.388185        -0.472449        -0.530141
Te        10.15440        11.74432        4.91614        2        0.161891        0.550189        -1.192622
Te        12.28704        7.51761        1.67776        2        0.689981        0.574373        0.466808
Te        9.25094        9.80821        1.93059        2        0.083113        -0.143217        0.282684
Te        13.24179        1.78531        5.12261        2        -0.256572        -0.792031        0.332879
Te        16.76977        4.03916        5.74927        2        -0.332579        -0.978788        -0.419925
Te        0.09115        11.88716        2.18901        2        -1.562353        -0.223080        0.585909
Te        15.61365        1.92592        1.86860        2        -1.654579        -0.532376        -2.274622
Te        13.40418        5.69193        5.01918        2        0.754183        0.838482        0.558368
Te        16.62704        8.44507        5.60292        2        -0.770112        0.283746        -0.486204
Te        18.75805        4.23059        3.23618        2        -0.719016        -0.352894        -0.631944
Te        15.30959        5.67927        1.98802        2        1.177978        0.608759        1.196389
Te        13.43252        10.07188        5.19944        2        -0.954492        0.012873        1.288194
Te        16.57422        0.16450        5.64453        2        -0.526521        0.131907        0.022405
Te        18.51130        8.02091        2.50483        2        0.553369        0.349332        0.781449
Te        15.72339        10.08831        1.69001        2        -0.147960        0.179161        -0.446504
