54
Lattice="19.173937585 0.000456147 -0.025753600 -0.000245476 10.309403738 0.000007040 0.013560576 0.000001770 30.000000000" Properties=species:S:1:pos:R:3:tags:I:1:forces:R:3 energy=-320.93133483 stress= -0.85208 1.61364 -0.72544 0.06795 -0.63162 0.16541 pbc="T T T"
Mo        2.12074        10.21044        3.84250        1        0.798295        -0.087511        0.064624
Mo        4.38928        1.74764        4.06784        1        0.399962        -0.376034        -1.187823
Mo        2.10964        3.47788        3.79113        1        -0.383035        -1.426728        0.737711
Mo        4.43270        5.11040        3.92799        1        -0.229045        1.376290        0.213828
Mo        2.14954        6.76369        3.78252        1        0.028146        0.151825        -0.004594
Mo        4.49099        8.56546        3.97124        1        -0.255535        0.359540        0.250492
Mo        8.57845        0.05248        3.88235        1        -0.916874        -0.009267        0.102679
Mo        10.77417        1.72873        4.03327        1        2.214891        0.247877        1.574000
Mo        8.61200        3.54015        3.84069        1        -1.093252        -0.480003        -0.853857
Mo        10.75703        5.33727        3.99303        1        1.190661        -0.093401        -0.071895
Mo        8.50758        6.93909        3.88375        1        -0.073069        0.085742        -0.591664
Mo        10.88191        8.80191        4.05306        1        0.209890        -0.890354        0.688923
Mo        14.97423        10.29842        3.76887        1        -0.129929        0.387414        1.031446
Mo        17.24892        1.66844        3.99657        1        0.625874        -0.038375        0.024345
Mo        15.03325        3.42890        3.74368        1        -1.163922        0.700892        0.527706
Mo        17.29228        5.12216        3.94923        1        -0.540783        -0.351335        -0.619615
Mo        14.99831        6.74856        3.74582        1        -0.538588        0.735085        0.449723
Mo        17.32273        8.46964        4.00540        1        -0.786528        -0.219387        1.156867
Te        0.61878        1.53778        5.53817        2        -0.403447        0.664140        -0.701974
Te        3.79967        3.50575        5.90480        2        -0.375797        0.098827        1.122698
Te        6.00906        0.06166        2.48672        2        0.515457        0.023150        -0.009983
Te        2.72961        1.68140        1.81425        2        0.295465        -0.473723        0.839023
Te        0.50825        5.06738        5.41013        2        0.327098        0.075531        -0.129949
Te        3.82079        6.95815        5.96264        2        0.007747        -0.804000        -0.372476
Te        6.01163        3.49418        2.54534        2        0.853186        -0.743518        -0.934042
Te        2.72565        4.94620        1.75962        2        0.278206        1.268866        -0.173866
Te        0.66060        8.43186        5.51796        2        -0.391384        0.007185        -0.481714
Te        3.79499        0.05478        5.99816        2        -0.005388        -0.610557        -0.154896
Te        6.03043        6.94509        2.27809        2        0.190595        -0.167144        0.812517
Te        2.79744        8.46342        1.81027        2        0.040379        0.306062        0.363466
Te        6.95462        1.71606        5.45918        2        -0.168999        0.249487        -0.204080
Te        10.25966        3.52384        5.94774        2        -0.025960        0.306453        0.448139
Te        12.44691        0.15407        2.45350        2        0.154154        -0.268060        -0.164315
Te        9.36906        1.72750        1.90341        2        -1.288034        0.377481        -0.906242
Te        6.85678        5.09364        5.35354        2        0.341079        0.616045        0.234743
Te        10.23045        7.01931        6.02762        2        -0.127993        -0.067150        -0.279918
Te        12.45624        3.53372        2.49107        2        -0.151945        -0.040275        -0.025259
Te        9.14891        5.20891        1.78522        2        -0.052476        0.266847        0.610480
Te        6.96729        8.58312        5.59828        2        -0.100948        0.070069        -0.914321
Te        10.13851        0.13872        6.10888        2        0.290629        -0.260305        -0.298495
Te        12.43295        7.08662        2.42353        2        -0.041205        -0.686012        0.017536
Te        9.29601        8.68582        1.93191        2        -0.563380        -0.407624        -0.330284
Te        13.44505        1.71983        5.41476        2        -0.377346        0.317868        -0.368536
Te        16.62539        3.41685        5.92048        2        -0.058786        -0.319363        0.238160
Te        18.86210        10.12326        2.55386        2        0.117961        0.605248        -0.813020
Te        15.60322        1.74271        1.83852        2        0.204020        -0.406407        -0.718743
Te        13.30740        5.24353        5.34164        2        0.069453        -0.327901        -0.194384
Te        16.52242        6.71074        5.99786        2        0.281096        0.589327        -0.502921
Te        18.81431        3.22755        2.31735        2        0.082726        0.640137        0.459740
Te        15.61641        5.19715        1.65659        2        0.091279        -0.476692        0.920783
Te        13.40402        8.58579        5.34581        2        -0.048741        0.181698        0.095666
Te        16.61000        10.25495        5.92408        2        -0.032068        -0.346091        0.322588
Te        18.80933        6.78158        2.38402        2        0.529538        -0.069143        -0.155743
Te        15.62834        8.59432        1.91418        2        0.206730        -0.283778        -1.144265
