54
Lattice="19.535457354 0.000008540 -0.000615361 -0.000005198 10.639921383 0.000045896 0.042448411 0.000094922 30.000000000" Properties=species:S:1:pos:R:3:tags:I:1:forces:R:3 energy=-318.94016111 stress= -12.32877 -2.99100 -1.69496 -0.49419 -0.07111 -0.18237 pbc="T T T"
Mo        2.51290        10.46042        3.89652        1        0.214041        -0.043168        -0.370580
Mo        5.82680        1.60548        3.93488        1        -1.272091        0.847117        -0.790603
Mo        2.46748        3.32233        3.84780        1        0.118208        0.555578        0.213017
Mo        5.62562        5.09036        4.10839        1        1.525228        1.556189        -1.611154
Mo        2.50924        6.98424        3.95983        1        -0.870088        0.075472        -0.881276
Mo        5.77854        8.90089        4.01659        1        -0.317585        -1.835648        0.024559
Mo        9.08113        0.20952        3.97712        1        -0.751121        -0.947612        0.403884
Mo        12.24590        1.92700        3.93004        1        0.053811        -0.952597        -0.321492
Mo        9.12548        3.58954        3.84983        1        -0.226989        -0.446587        1.286044
Mo        12.24743        5.37026        3.85345        1        -0.480688        0.264389        1.528246
Mo        8.97082        7.27718        4.26193        1        -0.573160        -1.009987        -1.382902
Mo        12.20644        9.02770        3.98637        1        -0.016064        -0.154907        -0.954475
Mo        15.39063        0.04508        3.92632        1        0.569872        -0.413839        -1.513588
Mo        18.74583        1.68341        3.91075        1        -0.211001        0.660153        -0.520725
Mo        15.61612        3.70155        3.71073        1        0.164203        0.301745        -0.272358
Mo        18.91585        5.18344        3.92277        1        -0.846901        0.824391        -0.232085
Mo        15.58104        7.30807        3.88021        1        -0.756484        -1.197464        -0.785883
Mo        18.74897        8.82940        3.98880        1        0.610268        0.208713        0.469300
Te        1.37682        1.55157        5.64130        2        -0.298239        0.531172        -0.025032
Te        4.58156        3.34218        5.74696        2        -0.409666        -0.633977        0.067966
Te        1.41863        1.52752        2.05813        2        -0.371852        0.201664        0.508825
Te        4.71031        10.38123        2.12459        2        -0.332749        1.042960        -0.037570
Te        1.47927        5.22576        5.62973        2        -0.178625        -0.856802        0.555207
Te        4.58976        6.94176        5.71330        2        0.217827        0.713592        0.459761
Te        1.34997        5.11266        1.99026        2        0.852833        0.428173        1.110265
Te        4.62979        3.51749        2.18403        2        0.259292        -1.001634        -0.034965
Te        1.43731        8.82271        5.79699        2        -0.340880        -0.524376        -0.650636
Te        4.58909        10.58052        5.71049        2        0.080039        -0.026668        0.307778
Te        1.34423        8.67770        2.14036        2        0.017851        0.269272        0.485565
Te        4.58505        6.96850        2.22027        2        0.846117        -0.018200        0.561384
Te        7.84049        1.92313        5.65422        2        0.761247        -0.111925        0.436343
Te        11.28093        3.62643        5.73552        2        -0.536698        0.421555        -0.115036
Te        7.90467        1.71939        2.08286        2        0.217942        0.878591        0.208558
Te        11.14561        0.05495        2.17788        2        0.002349        0.568244        -0.052492
Te        7.88566        5.22897        5.82443        2        0.154510        0.344104        -0.426230
Te        11.21185        7.28191        5.73521        2        0.164682        -0.873451        0.643584
Te        8.03326        5.41928        2.32461        2        -1.144847        0.487976        0.136564
Te        11.20914        3.57635        2.08895        2        -0.159465        0.229225        -0.300380
Te        7.82509        9.08603        5.86486        2        0.283087        0.265281        0.048164
Te        11.06358        0.20256        5.81346        2        0.901444        -0.076128        -0.394917
Te        7.96244        8.99755        2.36007        2        -0.077855        -0.524292        -0.138315
Te        10.90521        7.13579        2.31415        2        0.627995        0.707798        -0.115422
Te        14.51023        1.95434        5.44476        2        -0.546192        0.416192        1.613455
Te        17.57930        3.56923        5.66814        2        0.615795        -0.582560        -0.533508
Te        14.37905        1.86644        2.11667        2        0.011698        0.077532        -0.280940
Te        17.53830        10.58441        2.18879        2        0.367182        -0.018173        0.149398
Te        14.54399        5.38487        5.58010        2        -0.389467        0.364390        -0.383922
Te        17.69321        6.93949        5.75348        2        0.158287        0.641276        -0.698569
Te        14.19707        5.53703        2.08179        2        1.627507        0.072828        -0.135709
Te        17.88775        3.67640        1.92506        2        -0.757341        -1.164234        1.009855
Te        14.33408        8.90397        5.61982        2        0.221040        0.402375        1.047547
Te        17.48377        10.62264        5.70867        2        0.574362        -0.018420        -0.136709
Te        14.26928        9.05704        1.99155        2        0.186704        -0.499193        1.048072
Te        17.81254        7.10423        2.22341        2        -0.495896        -0.418386        -0.229111
