54
Lattice="18.429676749 0.000008540 -0.000615361 -0.000005198 11.065518238 0.000045896 0.042448411 0.000094922 30.000000000" Properties=species:S:1:pos:R:3:tags:I:1:forces:R:3 energy=-321.09278678 stress= -2.39349 -8.52998 -0.94659 -1.06088 -0.21941 0.11423 pbc="T T T"
Mo        2.32518        0.16318        4.04343        1        -0.142400        -0.535618        -0.244700
Mo        5.39668        1.79426        3.83229        1        0.185142        0.260890        0.582626
Mo        2.25192        3.88098        3.82122        1        0.745887        -0.483704        0.386837
Mo        5.32368        5.48021        3.93265        1        0.248568        0.411180        -0.274520
Mo        2.37200        7.49538        3.94688        1        -0.877281        0.243257        0.281223
Mo        5.48215        9.28819        3.98839        1        -1.573724        -0.054163        0.035776
Mo        8.42724        10.92758        4.02242        1        0.684769        0.661849        0.224553
Mo        11.61255        1.70220        3.93797        1        -0.064980        0.482446        0.185624
Mo        8.35407        3.41632        3.93388        1        1.083540        1.445618        0.027234
Mo        11.46340        5.48411        3.92432        1        1.027359        0.380570        0.650510
Mo        8.46926        7.21701        3.95060        1        -0.398695        -0.146246        0.638080
Mo        11.50994        9.14869        4.04149        1        -0.206892        -0.131894        0.064054
Mo        14.65241        11.04008        3.94969        1        0.236301        0.431364        -0.108884
Mo        17.69386        2.07559        3.85695        1        -0.043020        -1.758525        0.169385
Mo        14.68500        3.73833        3.80159        1        -0.395786        0.888443        -0.023411
Mo        17.77154        5.55344        3.79251        1        0.166258        0.531589        0.139647
Mo        14.51534        7.34371        3.88482        1        1.007317        -1.444413        1.317619
Mo        17.65296        9.28475        3.91827        1        0.149629        0.112811        -0.272616
Te        1.29420        2.11483        5.73383        2        -0.123725        -0.312146        -0.333641
Te        4.30133        3.65981        5.61806        2        0.103786        -0.080963        -0.001884
Te        1.36984        1.92540        2.21239        2        -0.248587        0.098391        -0.843272
Te        4.28966        11.06197        2.09243        2        0.443399        -0.040658        0.670703
Te        1.30416        5.60501        5.66879        2        0.158361        0.499027        0.081194
Te        4.44217        7.46033        5.74808        2        -0.178739        -0.393990        -0.242727
Te        1.45239        5.79641        1.99540        2        -0.461549        -0.381616        0.371748
Te        4.31344        3.67601        2.04802        2        0.401051        0.143344        0.357454
Te        1.22696        9.29653        5.74719        2        0.572659        0.110196        -0.111828
Te        4.42508        0.11218        5.75878        2        -0.043515        -0.210611        -0.171719
Te        1.27310        9.44410        2.20830        2        0.484769        -0.549958        0.045698
Te        4.38688        7.46311        2.22425        2        0.634315        -0.046324        -0.308345
Te        7.47043        1.75791        5.78922        2        -0.650306        -0.492324        -0.171685
Te        10.57537        3.61111        5.63391        2        -0.591676        -0.582480        0.370422
Te        7.52690        1.65438        2.09512        2        -0.590709        -0.200708        0.060894
Te        10.46981        11.01858        2.22919        2        0.454313        -0.611000        0.036344
Te        7.37008        5.31977        5.73256        2        0.197831        0.243681        -0.418605
Te        10.45004        7.25547        5.82270        2        0.301762        0.023936        -0.492610
Te        7.39485        5.32402        2.15305        2        0.163351        0.339222        0.313747
Te        10.52192        3.60282        2.23845        2        -0.209479        -0.537641        -0.417945
Te        7.44751        9.14001        5.79865        2        0.351401        -0.433626        0.040872
Te        10.52853        10.89362        5.91585        2        0.040071        0.663047        -1.052468
Te        7.46496        9.07873        2.27267        2        0.415471        0.214561        -0.897128
Te        10.55639        7.33229        2.18768        2        -0.539756        0.221296        -0.084165
Te        13.71219        1.95822        5.62089        2        -0.008122        -0.640480        0.302583
Te        16.69370        3.83864        5.55595        2        -0.047456        0.076026        0.979070
Te        13.76345        1.86433        2.09247        2        -0.830033        -0.666341        0.216906
Te        16.68996        0.02511        2.13321        2        -0.086326        0.415928        0.053438
Te        13.60761        5.48696        5.77719        2        -0.191502        0.054458        -1.132877
Te        16.70731        7.40947        5.57363        2        -0.414937        -0.538291        0.316351
Te        13.44311        5.52863        2.01472        2        0.554122        -0.096354        0.717614
Te        16.77743        3.79345        1.97833        2        -0.385843        -0.080739        -0.096471
Te        13.66712        9.20913        5.74257        2        -0.211866        -0.129298        0.037239
Te        16.77868        0.11034        5.69286        2        -0.411789        0.230581        -0.268049
Te        13.59215        9.09294        2.29416        2        -0.677085        1.621552        -1.534073
Te        16.65069        7.32524        2.12189        2        -0.206615        0.772118        -0.159665
