54
Lattice="19.535457354 0.000008540 -0.000615361 -0.000005198 11.278316666 0.000045896 0.042448411 0.000094922 30.000000000" Properties=species:S:1:pos:R:3:tags:I:1:forces:R:3 energy=-311.41755404 stress= -12.43497 -9.72700 5.31843 -2.65941 -3.54578 -0.47528 pbc="T T T"
Mo        2.34904        0.03810        3.78541        1        0.026150        -0.539221        0.775089
Mo        5.48491        1.99537        3.89311        1        1.945062        0.006900        -0.280315
Mo        2.02863        3.81839        3.99439        1        2.155748        0.023779        -1.111083
Mo        5.97445        5.76788        4.00798        1        -1.393972        -0.464766        0.961813
Mo        2.16237        7.60889        3.78023        1        1.896466        -0.415534        2.244077
Mo        5.81281        9.49632        3.92333        1        -0.709240        -1.346549        -1.052437
Mo        8.91316        11.16323        3.87890        1        0.315711        0.239963        0.254033
Mo        12.16960        1.71732        3.72335        1        0.958675        1.494188        0.479173
Mo        9.21466        3.83433        3.99389        1        0.704311        -1.937388        1.298998
Mo        12.00045        5.95030        4.25027        1        1.004702        -1.490265        -1.593539
Mo        9.17349        7.72868        4.16243        1        -0.309656        -1.570380        -0.150302
Mo        12.40148        9.27905        3.83170        1        -0.487098        0.718612        1.612123
Mo        15.53204        11.03780        3.72609        1        1.189734        0.959668        0.891740
Mo        18.88078        1.77585        3.95172        1        0.337878        0.649875        -0.346527
Mo        15.31968        3.55998        3.84913        1        1.439176        1.335991        -1.083285
Mo        18.58876        5.68066        3.79990        1        0.204361        -0.699766        0.159294
Mo        15.56213        7.47662        3.92332        1        -0.217554        1.402241        -0.871970
Mo        18.85626        9.41892        3.96474        1        -0.592001        -0.435631        0.537632
Te        1.48320        1.79110        5.66538        2        -0.570149        0.186712        0.498390
Te        4.61210        3.98997        5.64428        2        -0.535026        -0.372171        -0.063244
Te        1.41525        1.83073        2.02713        2        -0.591337        0.788999        0.254152
Te        4.47664        11.15464        2.31483        2        1.309255        1.049657        -2.368454
Te        1.15355        5.65208        5.68449        2        -0.118054        0.646712        -0.065120
Te        4.59834        7.77540        5.52291        2        -0.381224        -1.125438        0.606463
Te        1.06404        5.89143        2.21080        2        0.739077        -1.788512        -1.961948
Te        4.48331        3.95854        2.32833        2        -0.247439        0.089693        -0.080482
Te        1.53137        9.48056        5.55274        2        -0.898525        -0.081586        1.311457
Te        4.61999        0.04838        5.46604        2        -0.557176        0.293911        1.756549
Te        1.30854        9.35097        2.05871        2        -0.350637        1.043082        -0.743738
Te        4.45995        7.30876        2.28299        2        0.911895        0.920360        -0.475114
Te        8.00332        1.88247        5.59988        2        -0.715606        -0.031393        -0.351942
Te        11.47001        3.68895        5.68573        2        -0.872051        -0.102618        -0.053723
Te        7.92162        1.99409        2.20802        2        -0.303659        -0.180455        0.552428
Te        11.08936        11.14063        2.21302        2        -0.396155        -0.681451        -0.887831
Te        8.15403        5.38494        6.14318        2        -0.148507        0.894921        -1.707214
Te        11.19093        7.75089        5.96092        2        0.227987        0.834801        0.069104
Te        8.19903        5.69695        2.60996        2        -0.278395        0.945786        -1.717267
Te        11.41104        3.80070        2.10925        2        -1.100805        0.307724        0.751745
Te        7.79050        9.40422        5.68044        2        0.661689        0.847677        1.203592
Te        11.29575        0.10906        5.62333        2        -0.902918        -1.319443        -0.165860
Te        7.87827        9.08956        2.19678        2        0.346623        1.412854        -0.294237
Te        11.11068        7.53979        2.17461        2        0.167304        0.130246        0.565532
Te        14.36324        1.71706        5.36883        2        -0.028719        -0.864306        1.448878
Te        17.73148        3.74855        5.45246        2        -1.190291        -0.657194        0.518926
Te        14.34940        1.50094        2.09337        2        0.094131        1.231881        -0.929253
Te        17.85601        0.00459        2.27092        2        -0.551949        -0.559913        -1.106688
Te        14.39823        6.03281        5.76236        2        -0.668200        -2.029073        0.522328
Te        17.68696        7.28307        5.64689        2        -0.114357        1.554658        0.681567
Te        14.09874        5.69195        2.48021        2        0.608009        -0.461495        -0.621410
Te        17.79622        3.56039        2.02000        2        -0.907129        0.358793        0.949577
Te        14.77056        9.38229        5.56934        2        -1.509996        -0.150914        1.038970
Te        17.76329        0.04060        5.75558        2        -0.299161        -0.531428        -0.683535
Te        14.42055        9.24444        2.01543        2        0.291873        -0.375451        -0.102167
Te        17.59169        7.65777        2.22687        2        0.431988        -0.189014        -1.029360
