54
Lattice="18.798270284 0.000008540 -0.000615361 -0.000005198 10.639921383 0.000045896 0.042448411 0.000094922 30.000000000" Properties=species:S:1:pos:R:3:tags:I:1:forces:R:3 energy=-321.45716525 stress= -4.72656 -0.96787 -1.08227 -3.09073 0.76523 -0.06353 pbc="T T T"
Mo        2.30090        0.18327        3.82723        1        0.326511        -1.179661        -0.096852
Mo        5.50569        1.79648        3.90823        1        0.122731        -0.755736        1.340203
Mo        2.43383        3.51277        3.86390        1        -0.074554        0.148605        -0.489396
Mo        5.59071        5.24325        4.01428        1        -0.159609        0.658035        -0.386887
Mo        2.41913        7.31566        3.80877        1        0.221441        -2.259275        0.719766
Mo        5.56197        8.76020        3.95450        1        -0.529229        1.157490        0.185996
Mo        8.76622        0.00896        4.07840        1        -1.477234        -0.520391        -1.186814
Mo        11.78127        1.69252        3.85708        1        0.188715        0.229975        0.299748
Mo        8.56852        3.38828        3.93420        1        0.071175        0.804761        1.144238
Mo        11.85615        5.17307        3.97545        1        -0.749528        0.899124        0.003972
Mo        8.53947        6.94815        3.95957        1        1.023259        0.760818        0.663973
Mo        11.72827        8.78624        3.96164        1        0.133390        0.436345        -0.372324
Mo        14.84458        0.00323        3.89059        1        -0.064915        -0.240666        -0.985949
Mo        18.03071        1.85673        3.99351        1        0.588662        -0.348741        -0.491307
Mo        14.91633        3.62205        4.05550        1        0.116871        0.589062        -1.260868
Mo        18.12980        5.41335        3.86000        1        -0.565771        -0.121623        0.314499
Mo        14.98165        7.09513        3.88845        1        -0.035958        -0.078765        0.701281
Mo        18.05630        8.99799        3.90856        1        0.414485        -0.353166        -0.520099
Te        1.45013        1.82188        5.77938        2        -1.048355        0.275265        -0.425231
Te        4.44074        3.58019        5.72624        2        0.024241        -0.360655        0.375083
Te        1.28949        1.86911        1.97032        2        -0.338832        0.062182        0.717564
Te        4.52212        10.61197        2.16217        2        -0.288793        -0.221959        -0.045657
Te        1.45670        5.35162        5.54145        2        -0.156439        0.635598        0.417174
Te        4.40960        7.14505        5.73516        2        0.203245        -0.481391        -0.007643
Te        1.33540        5.34478        2.03507        2        0.588930        0.217153        0.392862
Te        4.57457        3.48066        2.17781        2        -0.547802        0.949028        -0.950237
Te        1.39583        8.97582        5.63016        2        -0.507899        0.475919        0.284907
Te        4.32147        0.07353        5.66540        2        0.749217        -0.547758        -0.229424
Te        1.37214        8.90994        2.04294        2        -0.649785        1.139830        -0.387594
Te        4.51137        6.98483        2.16568        2        0.524869        0.217106        -0.315089
Te        7.45232        1.76763        5.81505        2        0.526303        -0.441654        -0.104837
Te        10.62071        3.39200        5.68859        2        0.746009        0.195725        0.133281
Te        7.52200        1.66730        2.17139        2        0.788013        -0.439523        -0.260201
Te        10.72991        10.54329        2.10457        2        -0.129035        0.014254        0.300202
Te        7.67674        5.28724        5.85227        2        -0.580206        -0.706833        -0.281395
Te        10.65609        7.00189        5.73708        2        0.271045        -0.209896        -0.246115
Te        7.69131        5.15034        2.19132        2        -0.953046        0.451722        -0.736376
Te        10.64555        3.49355        2.17617        2        0.437316        -0.251426        -0.340224
Te        7.58247        8.83975        5.82413        2        0.171111        -0.042547        -0.455348
Te        10.82851        0.04527        5.75202        2        0.088920        -0.636143        0.445841
Te        7.60564        8.76879        2.21490        2        0.385163        0.553995        -0.018715
Te        10.67417        6.97566        2.22314        2        0.151985        -0.201500        0.003666
Te        13.89937        1.80827        5.65962        2        -0.683684        -0.310204        0.622782
Te        17.10997        3.72313        5.76198        2        -0.357442        -0.318255        -0.077318
Te        13.85993        1.83196        2.07858        2        0.179306        0.008889        0.548206
Te        17.01417        0.06609        2.09655        2        -0.394499        0.315343        0.474095
Te        13.83975        5.45275        5.83791        2        0.515024        -0.540447        -0.483566
Te        17.17003        7.23342        5.70068        2        -0.692439        -0.569382        -0.151942
Te        13.89966        5.33274        2.10307        2        -0.051313        -0.345046        0.624249
Te        16.92923        3.60611        2.19579        2        0.267360        -0.087610        0.115057
Te        13.79707        8.84403        5.70869        2        0.438232        -0.020907        -0.251339
Te        16.76925        0.00616        5.71698        2        1.343593        0.419801        0.009554
Te        13.83865        8.74529        2.08608        2        -0.186741        0.648072        0.446957
Te        17.09441        7.14919        2.07348        2        -0.358445        0.301692        0.251508
