54
Lattice="20.272644424 0.000008540 -0.000615361 -0.000005198 10.639921383 0.000045896 0.042448411 0.000094922 30.000000000" Properties=species:S:1:pos:R:3:tags:I:1:forces:R:3 energy=-316.69219490 stress= -20.37860 -5.39180 -2.46326 -2.01886 -1.23244 -0.21255 pbc="T T T"
Mo        2.71739        0.03146        4.13669        1        -0.760222        -0.184143        -1.556437
Mo        5.94661        1.75117        3.98662        1        -0.316130        0.407974        0.782964
Mo        2.56244        3.59638        4.04998        1        -0.146427        0.331492        -0.078860
Mo        6.02760        5.31677        3.95434        1        0.218730        -0.349174        0.640232
Mo        2.42882        7.03438        3.81845        1        0.244760        0.569915        1.474339
Mo        6.04539        9.01312        4.08739        1        -0.602649        -0.667598        -1.166322
Mo        9.42424        10.59756        3.94929        1        0.031272        -0.539766        0.188152
Mo        12.62966        1.69400        3.76601        1        0.690313        -1.214644        0.358777
Mo        9.37846        3.62674        3.84467        1        -0.554734        -0.194957        0.516613
Mo        12.93364        5.16086        3.82658        1        -0.791332        0.581604        -0.708424
Mo        9.32476        7.00426        3.83033        1        -0.171311        -0.498776        0.389360
Mo        12.48740        8.88677        3.92945        1        1.099159        -0.031034        -0.799786
Mo        16.17509        0.20759        3.90634        1        -0.966114        -0.769408        0.487855
Mo        19.55707        1.70989        4.00958        1        0.320058        0.019392        0.074249
Mo        16.01513        3.53090        3.88634        1        0.655045        1.206422        -1.315762
Mo        19.60828        5.42398        3.91029        1        0.395649        0.324386        0.127012
Mo        16.15242        7.03640        3.89417        1        -0.027022        -0.411112        0.020920
Mo        19.37177        8.89853        3.89167        1        -0.047192        0.030895        0.739829
Te        1.48042        1.83086        5.70533        2        -0.351635        -0.287433        1.083679
Te        4.83286        3.56938        5.79166        2        0.180203        0.151349        -0.413583
Te        1.52719        1.75806        2.23315        2        -0.024923        -0.138140        0.678448
Te        4.85816        0.10418        2.16854        2        -0.115590        -0.741530        0.730201
Te        1.47878        5.45976        5.77080        2        -0.336833        -0.572958        -0.126629
Te        4.73094        7.09098        5.60162        2        0.036745        0.277252        0.188369
Te        1.51552        5.15915        2.07288        2        -0.483791        0.620264        0.242086
Te        4.66788        3.56628        2.38184        2        0.900603        -0.162049        -0.884198
Te        1.28660        8.84800        5.77572        2        0.329805        0.055052        -0.999958
Te        4.79129        0.07332        5.82222        2        0.776918        -0.209061        0.468116
Te        1.39055        9.01155        2.29883        2        -0.017277        -0.226025        -0.219218
Te        4.68554        7.06827        2.34660        2        0.942557        0.785777        -0.652693
Te        8.28968        1.74647        5.66164        2        -0.181705        0.489271        -0.167624
Te        11.63550        3.43550        5.50003        2        -0.326334        0.557184        0.484281
Te        8.10142        1.71359        2.30817        2        0.428499        0.148778        -0.473151
Te        11.37489        10.47948        2.02641        2        0.508550        0.604209        0.444292
Te        8.23042        5.35918        5.82112        2        0.103990        -0.281963        -1.458919
Te        11.58932        6.91973        5.48175        2        -0.167753        -0.108565        0.542827
Te        8.13551        5.27712        1.95675        2        0.045727        0.078798        1.229006
Te        11.50445        3.42641        2.03833        2        0.259107        0.524085        0.182794
Te        8.32494        8.83458        5.74199        2        -0.127370        -0.110221        -0.528650
Te        11.68986        0.02180        5.87622        2        -0.635195        -0.071223        -1.437894
Te        8.16708        8.75383        2.16829        2        -0.150616        0.898302        0.457651
Te        11.56582        7.00936        2.02271        2        0.116811        -0.137674        1.014234
Te        14.87846        1.95572        5.64317        2        -0.351954        -1.221555        -0.038272
Te        18.29782        3.70422        5.48850        2        0.083527        -0.939452        1.388599
Te        14.94244        1.80620        2.07073        2        -0.306226        -0.197473        0.050538
Te        18.29563        0.12343        2.21494        2        0.324059        -0.412522        -0.671716
Te        15.13724        5.25093        5.70383        2        -0.883691        0.772401        -0.146716
Te        18.30247        7.07962        5.70462        2        0.089931        0.380254        -0.394798
Te        14.98381        5.29965        1.94776        2        0.463057        0.050056        1.045860
Te        18.44727        3.51751        2.40404        2        -0.565432        0.173238        -1.664569
Te        14.76718        9.01687        5.57686        2        0.715077        -0.438728        -0.319144
Te        18.27814        0.03072        5.72300        2        0.047107        -0.077509        0.092246
Te        14.94017        8.84215        2.28841        2        -0.369518        0.669503        -0.072452
Te        18.37706        7.03467        2.10980        2        -0.193735        0.486715        0.165035
