54
Lattice="18.429676749 0.000008540 -0.000615361 -0.000005198 11.916711949 0.000045896 0.042448411 0.000094922 30.000000000" Properties=species:S:1:pos:R:3:tags:I:1:forces:R:3 energy=-309.79023740 stress= -5.16473 -17.46779 2.11210 -1.38046 -1.48809 0.46280 pbc="T T T"
Mo        2.24286        0.16097        4.23495        1        0.365019        -1.519870        0.244975
Mo        5.28635        2.13525        3.78139        1        1.875327        -0.320090        0.826768
Mo        2.42709        4.04420        4.05459        1        0.481137        -0.609536        1.436386
Mo        5.28996        6.51090        3.93242        1        0.034758        -2.182752        0.337849
Mo        2.47189        8.08702        4.07832        1        -0.385626        -0.054462        3.671178
Mo        5.51309        9.82907        4.04940        1        -0.114553        1.302600        -0.678591
Mo        8.46508        0.02164        3.76668        1        -1.727271        0.542073        -0.260384
Mo        11.23031        1.84431        3.80026        1        -0.781633        0.700079        -1.369609
Mo        8.54616        4.09576        3.66244        1        -1.154404        -0.443333        -0.469523
Mo        11.50893        5.82499        3.47640        1        0.473661        1.684715        0.742617
Mo        8.54715        7.79745        3.52696        1        -0.923940        0.323823        0.418454
Mo        11.36323        9.66146        3.76520        1        1.467153        0.828050        -0.787380
Mo        14.43788        11.69859        3.97840        1        -0.617790        1.001341        0.620728
Mo        17.73506        2.06843        4.19410        1        -1.751848        0.518413        -1.777380
Mo        14.42407        3.74685        3.70806        1        -0.950109        0.519048        0.400889
Mo        17.68386        6.17370        4.29039        1        1.337194        -1.762995        -0.790323
Mo        14.77880        7.51369        3.96829        1        -0.194585        1.543016        -0.036587
Mo        17.58270        9.80331        4.34642        1        0.252448        -0.649390        -1.179963
Te        1.27809        2.22077        5.79168        2        1.267001        -0.182389        1.823508
Te        4.75905        4.20180        5.57090        2        -1.051010        -0.081275        0.258528
Te        1.38390        1.93813        2.48242        2        -0.316829        0.860437        -1.279196
Te        4.30211        11.82265        2.36957        2        -0.067462        0.146940        0.018515
Te        1.77986        6.07424        5.92998        2        -1.170828        -0.260598        -0.198309
Te        4.59262        8.15818        5.95144        2        -0.343903        0.231520        -0.231140
Te        1.50937        6.04618        2.71359        2        -1.298242        0.282559        -2.295830
Te        4.41524        4.15355        2.26370        2        -0.649746        0.441303        -0.845081
Te        1.41248        9.79556        5.94631        2        -0.400678        1.009920        0.088197
Te        4.55871        0.35771        5.63507        2        -0.179489        -1.226547        0.828474
Te        1.29123        9.93357        2.55674        2        -0.842719        0.965213        -0.191795
Te        4.07998        8.25916        2.20836        2        2.643559        0.136094        -1.906265
Te        7.73528        2.28523        5.50820        2        -0.937504        -0.899855        -0.828344
Te        10.50863        4.22588        5.45474        2        0.169914        -0.749687        -0.296175
Te        7.28216        1.90428        2.00740        2        0.557607        0.739978        0.102417
Te        10.30372        0.02093        1.99630        2        1.360055        -0.685758        -0.698561
Te        7.52127        5.92378        5.53101        2        0.197325        0.990584        -0.850070
Te        10.30117        7.88720        5.41739        2        1.650028        -1.012992        0.280012
Te        7.05320        5.91597        2.01903        2        1.743450        0.705874        -0.475079
Te        10.59865        3.87856        1.90199        2        -0.450588        -0.181674        -0.140970
Te        7.88560        10.04399        5.51434        2        -2.262454        -1.876206        -0.041805
Te        10.35546        11.62164        5.46884        2        2.173348        0.956233        0.840935
Te        7.62680        9.90479        2.05529        2        -1.226867        -0.077473        0.257285
Te        10.62778        7.95994        1.66720        2        -0.236099        -0.593822        1.085014
Te        13.07484        1.86857        5.51243        2        2.353252        -0.210328        0.993068
Te        16.39476        3.98262        5.71267        2        0.342475        -0.062603        0.003004
Te        13.33455        1.62990        1.96791        2        0.636634        0.292371        1.231707
Te        16.62655        11.89996        2.58546        2        1.308155        -0.113788        -1.196667
Te        13.46301        5.66178        5.45585        2        -0.097592        0.031117        -0.190002
Te        16.64577        7.66685        6.10260        2        -0.610705        1.288329        0.146311
Te        13.80950        5.88126        1.89382        2        -0.493649        -0.447965        0.660391
Te        16.68172        4.27050        2.42418        2        1.218557        -0.893977        -0.142874
Te        13.71065        9.60304        5.71775        2        -0.866944        -0.131548        -1.220920
Te        16.61456        0.08743        5.67968        2        -0.524879        -0.188450        1.703003
Te        13.92702        9.77198        2.18059        2        -1.131806        -0.995148        0.679683
Te        16.93207        7.85062        2.30136        2        -0.181282        0.372154        0.714538
