54
Lattice="19.173937585 0.000456147 -0.025753600 -0.000245476 10.721779888 0.000007040 0.013560576 0.000001770 30.000000000" Properties=species:S:1:pos:R:3:tags:I:1:forces:R:3 energy=-315.35791516 stress= -2.95945 -3.12244 1.31189 -2.04457 -0.19841 0.75781 pbc="T T T"
Mo        1.96640        0.26613        3.58878        1        0.916355        -0.935395        1.993555
Mo        4.34250        2.09432        3.97334        1        0.497784        -1.320188        1.154868
Mo        1.97767        3.54105        3.84124        1        0.253729        -0.321486        -0.980357
Mo        4.24168        5.24069        4.13922        1        1.229668        0.927896        -0.501067
Mo        1.70418        6.82688        3.99098        1        1.817498        -0.231979        -0.885348
Mo        4.38863        8.73619        4.12866        1        0.596743        1.127196        1.563227
Mo        8.50272        0.03123        4.14588        1        0.386790        -0.050957        -1.367711
Mo        10.93036        1.77594        4.06163        1        0.749975        -0.401468        0.486569
Mo        8.69395        3.58318        4.11740        1        -0.847045        -0.715021        -0.058450
Mo        10.88393        5.72652        4.20187        1        0.796337        -1.321795        0.366872
Mo        8.41740        7.28601        4.07621        1        1.229898        -0.450333        0.611125
Mo        11.02638        8.98149        4.23531        1        -1.192366        -0.905230        -0.583838
Mo        14.80775        10.53315        3.62094        1        2.222792        -0.131059        0.149860
Mo        16.94025        1.63586        3.69984        1        1.236808        -0.929255        1.388996
Mo        15.04004        3.69708        3.44671        1        -0.836540        0.427642        1.101993
Mo        17.63594        5.63198        3.80022        1        -1.187413        -0.115121        -0.102729
Mo        15.11120        7.19792        3.62247        1        0.013408        -1.329593        2.508522
Mo        17.41129        8.84482        3.91301        1        -1.545102        1.257159        -0.865530
Te        0.24686        1.73277        5.12199        2        0.388362        -0.023759        0.249550
Te        3.55414        3.57255        6.04594        2        0.085943        -0.066111        0.547573
Te        5.97025        10.67515        2.49845        2        0.073865        0.210108        1.047770
Te        2.92373        1.76959        1.80836        2        -0.254085        1.292473        -1.613583
Te        0.62775        5.19427        5.61019        2        -0.963240        -0.485412        0.911285
Te        3.66004        7.10900        6.04584        2        -0.393322        -0.142350        0.177732
Te        6.06042        3.53655        2.55962        2        0.384612        0.675654        0.035230
Te        2.69568        5.37937        1.96324        2        -0.019427        -0.562373        -0.289673
Te        0.67437        8.99676        5.14446        2        -0.297782        0.552025        0.567596
Te        3.65810        0.31460        5.91422        2        -0.354460        -1.424797        -1.225455
Te        5.89296        7.12859        2.63558        2        0.814239        -0.335838        -0.129937
Te        3.03084        8.81448        2.04548        2        -1.703266        0.390711        -0.953668
Te        6.85171        1.70586        5.66971        2        0.172960        0.556361        -0.669448
Te        10.74863        3.70541        6.00671        2        -0.897838        -0.326401        -0.238789
Te        12.35317        10.54175        2.34331        2        -0.232633        0.379842        0.088450
Te        9.24792        1.79861        2.13704        2        -1.165045        -0.116040        -0.518898
Te        6.77958        5.23866        5.41647        2        0.573561        0.472912        0.228931
Te        10.34455        7.22198        6.32656        2        -0.377173        0.478824        -1.025267
Te        12.49582        4.00911        2.11820        2        -0.510107        -0.759603        0.967974
Te        9.19729        5.34201        2.25620        2        -0.548180        0.713308        -1.079231
Te        7.01248        8.98135        5.70964        2        -0.588254        -0.177864        -0.215841
Te        10.45636        0.03201        6.04899        2        -0.423181        0.592207        0.930465
Te        12.64261        7.06416        2.58736        2        -1.290678        0.741026        -0.688692
Te        9.30241        8.95567        2.14358        2        -0.646858        0.075015        0.453036
Te        13.41383        1.60023        5.13130        2        0.375307        0.965468        0.282152
Te        16.54905        3.67616        5.58185        2        0.773379        -0.529974        -0.123551
Te        18.60002        0.05893        1.98858        2        0.412463        -0.195423        0.983728
Te        15.20157        1.78915        1.72201        2        0.100698        -1.185904        -1.636881
Te        13.66852        5.08701        5.25509        2        -0.608432        1.510152        0.406263
Te        16.67628        7.09062        5.82782        2        0.154635        0.373543        0.060649
Te        18.73107        3.47892        2.41978        2        0.060777        0.288889        -0.483593
Te        15.65559        5.39178        1.64284        2        1.012468        0.630026        -0.288266
Te        13.57356        8.92947        5.37896        2        -0.024853        -0.767133        0.158835
Te        16.69549        0.05124        5.93460        2        -0.500527        -0.689606        -1.663331
Te        18.90311        7.19352        2.12958        2        -0.147828        0.644984        -0.590051
Te        15.70690        8.74206        1.70509        2        0.203609        1.668601        -0.656067
