54
Lattice="18.429676749 0.000008540 -0.000615361 -0.000005198 14.470293080 0.000045896 0.042448411 0.000094922 30.000000000" Properties=species:S:1:pos:R:3:tags:I:1:forces:R:3 energy=-287.19096858 stress= -17.09691 -24.26172 -2.08792 0.46394 -0.58767 0.18229 pbc="T T T"
Mo        2.11342        0.41307        3.68351        1        0.627285        -0.005143        -0.125327
Mo        5.08108        2.22620        3.94773        1        0.686018        -0.893314        -1.210788
Mo        2.51208        5.52583        3.83190        1        0.424394        -1.174701        0.153659
Mo        4.85235        7.30058        3.71769        1        -0.190155        -0.667935        -0.313616
Mo        2.47348        9.86205        4.52274        1        -0.755509        0.491947        -0.453244
Mo        5.16238        12.29560        3.97558        1        -0.043458        -0.176572        -0.114354
Mo        8.38453        14.07043        3.93438        1        0.002708        0.213144        -0.491262
Mo        11.46538        1.97388        3.77297        1        0.819359        -0.474760        0.261537
Mo        7.82512        4.03306        3.35053        1        -0.001334        -0.387186        0.937420
Mo        11.57711        7.46190        3.85159        1        -0.568115        -0.275454        0.148043
Mo        8.21691        9.49115        3.76014        1        0.143975        1.215165        -0.511168
Mo        11.54026        11.68348        4.12504        1        -0.165286        0.377385        0.283540
Mo        14.46580        0.14545        4.23816        1        0.957007        -1.071857        -0.422874
Mo        17.37154        2.52584        3.93368        1        0.326035        -0.625691        -0.554495
Mo        14.73118        4.74935        3.96441        1        0.314883        -0.140251        0.122115
Mo        18.20454        7.57712        4.46731        1        -0.451428        0.058829        -0.129427
Mo        14.67192        9.31932        4.02946        1        0.223157        1.435017        -0.163541
Mo        17.81425        11.91350        4.20837        1        -0.259463        -0.163008        0.064559
Te        1.55872        2.89798        4.92017        2        -0.319257        -0.246791        0.616809
Te        4.76036        4.68169        5.22983        2        0.333909        0.074789        -0.300422
Te        1.07292        2.34863        2.02614        2        -0.273877        -0.279989        0.112239
Te        4.15997        0.39925        1.90261        2        -0.408945        -0.087481        1.023188
Te        2.27592        7.33232        5.90844        2        -0.344021        0.413242        -0.464086
Te        4.51057        10.73207        6.09442        2        -0.131751        -0.129564        -0.200930
Te        1.67558        7.70444        2.65032        2        -0.016708        0.672168        -0.963793
Te        4.32997        5.39299        1.78895        2        -0.158690        0.063656        0.688231
Te        1.31838        11.93047        6.08270        2        -0.362791        -0.135704        -0.609699
Te        4.30876        0.06114        5.46965        2        -0.549057        0.221599        -0.274664
Te        1.38376        11.71690        2.44094        2        0.113047        0.327983        0.857510
Te        4.40064        9.81751        2.70322        2        0.556905        0.566532        -0.244200
Te        7.42413        1.99709        5.35507        2        0.088718        0.274802        -0.535415
Te        9.73238        5.28447        4.92289        2        -0.019253        0.090766        -0.297987
Te        7.20956        1.69406        2.05719        2        -0.011882        0.342773        0.659382
Te        10.57429        14.34435        2.31605        2        0.040646        -0.511053        -0.143167
Te        6.71577        7.88365        5.46768        2        0.494099        0.629536        0.403350
Te        10.39704        9.30474        5.42040        2        0.274768        0.455827        0.679295
Te        7.29706        7.30278        2.25323        2        0.006311        -0.213784        0.585890
Te        10.87638        4.24745        2.45636        2        -0.724421        -0.326681        0.112616
Te        7.50168        11.91581        5.40555        2        -0.043169        -0.106900        -0.115225
Te        10.60623        13.90869        5.61582        2        -0.043395        0.426830        -0.272771
Te        7.20884        11.94192        2.09426        2        0.498811        0.080727        0.806679
Te        10.68346        9.61520        2.34088        2        -0.246396        -0.020968        -0.444559
Te        13.72814        2.61154        5.39432        2        -0.420471        -0.028410        0.509361
Te        16.99196        5.36467        5.56438        2        -0.187496        -0.643051        -0.352265
Te        13.95505        1.96480        2.36249        2        -0.876239        0.490841        -0.469334
Te        16.73204        14.43504        2.56113        2        0.134831        -0.029583        0.726264
Te        13.87765        7.03365        5.28242        2        -0.613798        -0.047392        0.847553
Te        16.87658        9.55477        5.76221        2        0.110559        0.534537        0.147710
Te        13.60707        7.57477        2.16380        2        0.561644        -0.289122        -0.496773
Te        16.77120        4.56344        2.28252        2        -0.066052        -0.200695        -0.020674
Te        13.73915        11.64093        5.73129        2        -0.341036        -0.301316        -0.006821
Te        16.57217        0.10394        5.91258        2        0.202563        0.020199        -0.460804
Te        13.66402        12.17332        2.52177        2        0.192820        -0.128051        -0.098190
Te        16.89581        9.31295        2.50637        2        0.358143        0.279602        0.546307
