54
Lattice="18.429676749 0.000008540 -0.000615361 -0.000005198 12.767905659 0.000045896 0.042448411 0.000094922 30.000000000" Properties=species:S:1:pos:R:3:tags:I:1:forces:R:3 energy=-303.08763263 stress= -13.32710 -24.61333 -2.36577 -0.53806 -0.97858 -0.14195 pbc="T T T"
Mo        2.21454        0.18406        4.15446        1        0.853177        -1.649211        -0.367222
Mo        5.38458        2.14154        3.66407        1        -0.704433        -0.037037        0.060932
Mo        2.00663        4.03958        4.03114        1        0.138075        0.935265        -0.569334
Mo        5.30441        6.42076        3.52426        1        -1.855700        0.552975        2.226716
Mo        2.35484        8.55779        4.00774        1        -0.066496        1.226906        -0.837037
Mo        5.42305        10.77765        3.94772        1        1.439777        -0.539581        -3.071818
Mo        8.50667        0.16238        3.81934        1        -0.591692        0.101664        -0.912786
Mo        11.57052        1.98932        3.85736        1        0.979956        0.669805        0.579111
Mo        8.15053        4.25789        3.83740        1        0.829163        0.249279        -1.022592
Mo        11.54633        6.25455        3.88560        1        -1.476727        -0.356129        -0.350432
Mo        8.54209        8.27271        3.64282        1        -0.333257        0.966228        -0.242420
Mo        11.44068        10.67800        3.92005        1        0.135565        0.113459        -0.918515
Mo        14.45342        12.57406        4.38011        1        0.289703        -0.002263        -1.261107
Mo        17.56507        2.10605        4.27988        1        -0.028065        0.291704        -0.480466
Mo        14.81135        4.29293        3.96945        1        -0.552537        -1.290456        -0.629805
Mo        17.66858        6.63859        4.09076        1        1.022523        -0.515806        0.401531
Mo        14.38310        8.44218        4.12505        1        0.010260        0.578196        -1.364624
Mo        17.99494        10.56892        4.27740        1        -2.412451        -0.504070        -0.343029
Te        1.15268        2.10177        5.93878        2        0.824144        0.084385        0.141533
Te        4.22916        4.09431        5.50675        2        0.721515        0.023390        -0.694458
Te        1.10658        1.88448        2.44402        2        -0.158783        0.902992        -0.477298
Te        4.17859        12.72352        2.09074        2        0.401095        0.531741        0.812730
Te        1.71491        6.58369        5.63654        2        -1.409969        -0.963603        0.156750
Te        4.59263        8.78504        5.43989        2        0.359404        -1.239286        0.940459
Te        1.05681        6.64328        2.15287        2        1.069853        -0.060846        0.699090
Te        4.05127        4.35824        2.01967        2        0.102904        -0.701896        1.019439
Te        1.56349        10.78592        5.84566        2        0.965703        -0.417146        1.024919
Te        4.77287        12.75886        5.39133        2        -1.105993        1.810080        1.473777
Te        1.43964        10.61169        2.45330        2        0.126138        0.721366        -0.931547
Te        4.35055        8.79975        2.16785        2        0.155805        -0.661750        -0.152089
Te        7.47244        2.27218        5.44708        2        -0.521239        -0.723044        0.368775
Te        10.43526        4.02049        5.48512        2        -0.186299        0.637900        0.018661
Te        7.39851        2.18079        1.90972        2        0.151372        0.140259        0.713526
Te        10.56162        0.20340        2.16555        2        0.301546        -0.948931        -0.573198
Te        7.18533        6.38857        5.56222        2        0.683620        -0.113410        -1.398309
Te        10.71696        8.47678        5.42022        2        -0.846241        -0.905405        -0.121799
Te        7.13698        6.42150        1.82106        2        2.100368        -0.258745        -0.100751
Te        10.47899        4.06536        2.28300        2        0.020832        0.525445        -0.282315
Te        7.90008        10.62545        5.23289        2        -0.818377        -0.437214        -0.061807
Te        10.58711        0.04342        5.57771        2        -0.054273        0.192808        0.156336
Te        7.53703        10.80228        1.66150        2        -0.271768        -0.165777        2.212291
Te        10.71297        8.65751        1.95787        2        -0.267511        -0.655960        0.943534
Te        13.83508        2.18063        5.83069        2        -0.473471        -0.169749        -1.275697
Te        16.89523        4.64157        5.78979        2        -0.551665        -0.698606        0.070832
Te        13.76859        1.67123        2.16051        2        0.098883        0.665555        1.407770
Te        16.91157        12.56368        2.86198        2        -1.092393        0.591094        -1.224694
Te        13.41245        5.73341        5.64633        2        0.549519        1.853601        1.263471
Te        16.50128        8.79541        5.75473        2        0.497115        -1.241948        0.558059
Te        13.55723        6.30851        2.26780        2        1.329896        0.007242        -0.138444
Te        17.01402        4.39208        2.41924        2        -0.405267        -0.262507        0.341040
Te        13.26568        10.42628        5.90194        2        0.744849        0.379663        -0.352318
Te        16.63579        12.40609        5.92676        2        0.410397        0.678273        0.924181
Te        13.72618        10.73549        2.33039        2        -0.298616        -0.547399        1.055650
Te        16.79468        8.57509        2.39148        2        -0.907648        0.639787        0.554899
