54
Lattice="20.707852593 0.000456147 -0.025753600 -0.000245476 10.309403738 0.000007040 0.013560576 0.000001770 30.000000000" Properties=species:S:1:pos:R:3:tags:I:1:forces:R:3 energy=-314.68414816 stress= -15.02470 0.17220 2.78918 0.83693 -1.53594 -0.04944 pbc="T T T"
Mo        2.22371        10.21832        4.06263        1        0.571578        0.879804        -0.633905
Mo        4.86985        1.65182        4.20342        1        1.049342        -0.420927        -1.364606
Mo        2.47737        3.46641        4.04318        1        0.105781        0.031068        -0.252513
Mo        4.73549        4.99606        4.07054        1        1.559719        0.081756        0.044178
Mo        2.38111        6.84465        3.77663        1        -0.336126        -0.213865        1.784881
Mo        4.74997        8.67018        3.95033        1        -0.286743        -0.246980        0.719044
Mo        9.07465        9.85801        3.80953        1        1.202059        0.697741        -0.305100
Mo        11.81683        1.72014        4.07026        1        -0.947276        0.145273        -0.136973
Mo        9.29276        3.53703        3.83418        1        -0.623533        0.244304        -1.249692
Mo        11.59031        5.24492        3.89100        1        1.364768        -0.583403        0.750728
Mo        9.09925        6.73837        3.92799        1        -0.438475        0.227484        -0.375906
Mo        11.57060        8.46983        4.04799        1        0.180287        1.907203        -1.475695
Mo        16.20364        0.07019        3.59163        1        -0.574497        0.653551        1.010436
Mo        18.68831        1.80153        4.05957        1        -0.463830        0.120162        0.674291
Mo        16.04391        3.48955        3.82189        1        0.248843        0.249995        1.864340
Mo        18.62105        5.15586        3.89293        1        0.305426        -0.657791        -0.342790
Mo        16.17303        7.05570        3.73034        1        0.173988        -0.451014        0.826841
Mo        18.70590        8.66043        3.88905        1        -0.678626        0.336558        1.612599
Te        0.76416        1.99565        5.47396        2        -0.567258        -1.363628        0.897786
Te        4.48073        3.28943        6.13773        2        -0.869534        0.762886        0.434987
Te        6.50942        10.09686        2.40595        2        -0.111919        0.675821        0.126806
Te        3.15759        1.65242        2.21246        2        -0.199742        0.060781        -0.713924
Te        0.57956        5.28627        5.16213        2        -0.002078        0.081672        0.728810
Te        4.28586        6.80151        5.96013        2        -0.823196        0.290209        -0.564964
Te        6.63003        3.19800        2.39698        2        -0.290828        0.330048        0.864091
Te        3.11925        5.11508        1.95843        2        -0.198222        -0.273086        -0.653825
Te        0.43758        8.71485        5.24687        2        0.068349        -0.707523        0.735816
Te        4.08187        10.23725        6.07199        2        -0.061982        -0.427961        0.007076
Te        6.38083        6.78883        2.65714        2        0.446264        -0.582207        -0.553262
Te        2.82483        8.63993        1.96375        2        0.455054        0.439233        -0.584648
Te        7.77484        1.58143        5.14657        2        -0.424484        0.030977        0.420654
Te        10.90161        3.57191        5.95382        2        0.552987        -0.344409        -0.139975
Te        13.21042        0.31275        2.23508        2        0.903561        -0.954438        0.218069
Te        10.07209        1.58690        2.01971        2        -0.488244        0.043447        0.350625
Te        7.59383        4.94342        5.38397        2        -0.448502        0.500255        0.236802
Te        10.99961        6.89743        5.92098        2        -0.752194        -0.909380        1.418214
Te        13.51423        3.60160        2.44938        2        -0.413052        -0.666069        -0.086002
Te        9.95974        5.26024        1.80430        2        -0.399719        -1.173241        0.039285
Te        7.35396        8.57500        5.26593        2        -0.004590        -0.768752        0.778784
Te        10.88567        0.02372        5.93296        2        -0.114568        -0.130349        -0.217059
Te        13.27247        7.05836        2.64284        2        0.870615        -0.412919        -1.405062
Te        9.94003        8.26824        1.83984        2        0.100832        1.106808        0.210103
Te        14.43111        1.59851        5.27118        2        0.133598        0.155866        -0.230854
Te        17.91349        3.50494        6.00422        2        -0.363688        0.134346        -0.951409
Te        20.32950        0.23641        2.50376        2        0.616300        -0.556157        -0.247936
Te        17.07949        2.05442        1.91432        2        0.139508        -1.582878        -0.751330
Te        14.25022        5.15947        5.15313        2        0.392100        0.106134        0.344541
Te        17.96311        6.80112        5.82086        2        -0.431750        1.048263        -0.160439
Te        0.05500        3.30474        2.64032        2        -1.282876        0.593366        -0.500508
Te        16.63787        5.23263        1.89998        2        0.679863        0.194004        -0.578474
Te        14.44234        8.44774        5.13114        2        -0.314858        1.630552        0.626616
Te        17.56502        0.10926        5.96506        2        0.927907        -0.532992        -1.370130
Te        20.29509        6.91261        2.48288        2        0.290964        -0.044322        -0.570184
Te        17.09821        8.63023        1.81860        2        -0.432543        0.229313        -1.324274
