54
Lattice="19.557416337 0.000456147 -0.025753600 -0.000245476 10.309403738 0.000007040 0.013560576 0.000001770 30.000000000" Properties=species:S:1:pos:R:3:tags:I:1:forces:R:3 energy=-317.36809414 stress= -2.07633 0.48527 1.99928 3.76136 -0.15815 -0.84173 pbc="T T T"
Mo        2.17395        10.07850        4.32758        1        0.959867        1.049342        -0.590818
Mo        4.65267        1.42964        4.15549        1        -0.156599        1.154926        0.819536
Mo        2.22293        3.66015        4.15747        1        0.259712        0.677077        -1.556118
Mo        4.64924        5.06783        4.00832        1        -0.871024        0.251823        0.272919
Mo        2.22164        6.84520        3.95820        1        0.695320        1.154500        0.925598
Mo        4.79028        8.47291        4.07882        1        -1.264680        0.304400        -0.342543
Mo        8.65909        10.06273        3.71385        1        0.281735        0.429771        0.045702
Mo        11.02282        1.71343        3.79455        1        0.262913        -0.556579        0.123909
Mo        8.65725        3.26609        3.59356        1        -0.271891        0.077997        -0.248369
Mo        10.97436        5.00611        3.71929        1        -0.072367        0.392407        0.798642
Mo        8.70575        6.50751        3.66831        1        -0.044526        2.143088        0.237461
Mo        11.06914        8.49900        3.89984        1        -0.193266        -0.052399        0.091798
Mo        15.28257        0.02365        3.67017        1        -1.256529        0.082923        1.391092
Mo        17.62542        1.92902        4.14921        1        -0.444093        0.025341        -0.756050
Mo        15.23610        3.72318        3.64776        1        0.002484        -0.361463        0.042225
Mo        17.67714        5.39831        4.11577        1        -0.398510        0.560792        -2.619618
Mo        15.22003        6.84295        3.78474        1        -0.177762        1.243644        0.253446
Mo        17.48790        8.79637        4.23719        1        1.420379        -0.416849        -1.196219
Te        0.58549        1.78894        5.51739        2        -0.011851        0.049502        0.504997
Te        4.02528        3.37364        6.15442        2        0.116123        -0.107029        -0.868592
Te        6.25828        0.02157        2.41840        2        -0.876902        -0.516843        -0.257144
Te        2.71151        1.61749        2.45442        2        -0.394790        1.107200        -1.569115
Te        0.53330        5.13562        5.57097        2        0.134773        1.014728        0.443382
Te        4.15207        6.80347        6.02308        2        -0.606069        -0.470059        0.023024
Te        6.14690        3.39517        2.45871        2        -0.533781        -0.598702        -0.675649
Te        2.88112        5.35587        1.93008        2        0.106550        -1.245728        0.161901
Te        0.74329        8.48238        5.72168        2        -1.285658        -0.444498        0.857884
Te        4.23700        10.16692        6.21713        2        -0.555778        -0.463086        -0.110013
Te        6.20660        7.04419        2.18178        2        -0.260485        -1.016583        0.739817
Te        2.86535        8.85029        2.16226        2        0.315881        -1.472895        -0.503366
Te        7.09424        1.47949        5.34977        2        0.896035        0.391105        -0.024259
Te        10.13940        3.32481        5.74107        2        0.962019        0.358610        0.434191
Te        12.51737        10.26747        2.22611        2        0.997252        0.052153        0.211428
Te        9.32113        1.46309        1.78312        2        -0.006166        0.307329        -1.286913
Te        7.11943        4.87281        5.19633        2        0.030308        0.669438        0.738331
Te        10.49004        6.70698        5.80056        2        -0.447498        -0.045922        -0.019724
Te        12.47182        3.53804        1.99590        2        0.859925        -0.720432        0.524365
Te        9.30455        5.04182        1.58970        2        -0.246144        -0.863545        -0.341814
Te        7.20683        8.32266        5.38228        2        0.380919        -0.040170        -0.206374
Te        10.26469        10.25236        5.73437        2        0.751663        0.102510        1.129496
Te        12.62537        6.93978        2.34717        2        0.989598        -0.675444        -0.340894
Te        9.44280        8.39112        1.75684        2        -0.288122        -0.139615        0.064039
Te        13.41777        1.64339        5.30275        2        0.439798        0.295266        -0.731257
Te        16.79759        3.80797        5.88368        2        -0.779864        -1.510701        1.330206
Te        19.22588        0.22683        2.72789        2        0.480420        -0.747313        0.297043
Te        16.04433        1.85316        1.94897        2        0.227859        0.111174        -0.911226
Te        13.36602        5.01884        5.12597        2        0.754900        0.210725        0.415349
Te        16.83298        7.05180        6.02953        2        -0.565012        -0.101526        0.720718
Te        19.20959        3.82377        2.48050        2        0.725311        -0.911781        0.542046
Te        16.23083        5.38432        1.71117        2        -0.437142        -0.780383        1.060762
Te        13.57504        8.53069        5.45117        2        -0.057608        0.216020        -0.942466
Te        16.57265        0.25136        6.00486        2        0.393739        0.214903        0.345226
Te        19.33328        7.21557        2.54578        2        -0.233371        -0.502031        0.635347
Te        16.22597        8.60077        1.89152        2        -0.715639        0.116856        -0.080920
