54
Lattice="20.324373841 0.000456147 -0.025753600 -0.000245476 10.309403738 0.000007040 0.013560576 0.000001770 30.000000000" Properties=species:S:1:pos:R:3:tags:I:1:forces:R:3 energy=-313.11284053 stress= -13.19345 -4.17802 -2.62289 0.26915 0.95862 0.54580 pbc="T T T"
Mo        2.31295        0.29355        3.72170        1        0.423275        0.782033        1.192318
Mo        4.83541        1.86115        4.07546        1        0.174047        0.505177        -0.870664
Mo        2.32469        3.60224        3.73898        1        -0.429319        -0.382296        0.041004
Mo        4.68405        5.42946        4.09614        1        -0.149948        -0.532712        0.811149
Mo        2.35160        7.04149        3.83503        1        -0.978775        0.607300        -0.419754
Mo        4.76613        8.71346        4.26360        1        -0.449467        0.011517        -0.533358
Mo        9.12909        9.86549        3.76542        1        0.307575        1.728992        1.952521
Mo        11.46586        1.29378        3.89980        1        0.168808        0.731899        1.100334
Mo        9.06092        3.35120        4.01276        1        -0.223313        0.171954        0.215321
Mo        11.45962        4.87750        4.21546        1        0.053444        1.537146        -2.388700
Mo        9.01024        6.71900        4.08463        1        0.253872        0.749543        0.980083
Mo        11.73734        8.42966        3.98788        1        -1.386213        -1.786666        -1.182754
Mo        15.78737        10.13184        3.80319        1        0.348889        1.141305        -1.253024
Mo        18.21422        1.83417        3.78855        1        0.629681        -0.182314        2.402632
Mo        15.97547        3.53479        3.60115        1        -0.702540        -0.662232        0.071573
Mo        18.13929        5.33617        3.73605        1        1.213842        0.699468        -0.201002
Mo        15.61178        6.80631        3.62127        1        1.626162        -0.323722        0.229860
Mo        18.19021        8.83113        3.88298        1        0.931601        0.120245        1.556202
Te        0.64391        1.75200        5.46132        2        -0.349910        0.640864        -0.785767
Te        3.84987        3.59697        5.97735        2        0.178315        0.347023        -0.621171
Te        6.55730        10.25724        2.85675        2        -0.449345        0.387801        -0.868416
Te        3.43510        2.07589        1.69296        2        -0.772701        -0.683226        1.539144
Te        0.49451        5.29863        5.20788        2        0.142045        -0.039998        -0.518610
Te        3.72319        7.10077        6.10694        2        0.603303        -0.594571        0.094257
Te        6.48758        3.64173        2.72658        2        -0.130072        -0.349129        -0.414403
Te        3.04079        5.37185        1.83337        2        0.133455        0.371058        0.450545
Te        0.46860        8.80450        5.30786        2        0.360633        -0.027438        -0.176636
Te        3.82844        0.33668        5.90086        2        -0.015095        -1.059245        1.440941
Te        6.41133        6.99780        2.66357        2        0.217703        -0.149958        0.198532
Te        3.24064        8.92550        2.04554        2        0.401134        -1.535288        -1.251309
Te        7.25164        1.90564        5.59587        2        0.017965        -0.574180        -0.077004
Te        10.86573        3.18759        6.02306        2        -0.062301        -1.433397        0.389522
Te        13.35098        10.02858        2.57385        2        -0.548494        0.271815        -1.839904
Te        9.56770        1.63770        1.91274        2        0.193909        -0.470954        0.696066
Te        7.32413        5.01043        5.70772        2        0.147402        0.787776        -0.465825
Te        11.06775        6.89506        6.08733        2        -0.494585        -2.019166        -0.563953
Te        13.30931        3.21622        2.12657        2        -0.469312        0.241972        1.428870
Te        9.51064        5.12731        2.11620        2        1.035072        -0.942473        -0.528613
Te        7.31778        8.59558        5.65500        2        0.626031        -0.021866        -0.427682
Te        10.86143        9.83930        5.97315        2        -0.956699        2.183468        -0.367700
Te        13.03157        6.55536        2.22261        2        0.571969        -0.184746        0.818547
Te        9.84036        8.24825        1.88458        2        0.339797        0.173301        0.493933
Te        13.87758        0.94515        5.42887        2        -0.012406        2.081888        0.323826
Te        17.79001        3.84968        5.78969        2        -0.737240        -2.196335        -0.187631
Te        20.30950        0.12355        2.36346        2        -1.500153        0.380759        -0.480852
Te        16.74175        1.71997        1.63963        2        -1.118616        -0.498405        0.705948
Te        14.16841        4.85594        5.33944        2        0.311136        0.045840        -0.592192
Te        17.56469        7.03430        5.80122        2        -0.406665        0.060920        -0.847852
Te        19.95396        3.21349        2.12102        2        0.319990        0.851840        0.527012
Te        16.61241        5.09564        1.58578        2        -0.522664        0.652142        0.096819
Te        14.25886        8.36791        5.39247        2        -0.597207        -0.673260        0.395735
Te        17.22058        0.13979        5.95125        2        1.430128        0.584655        -0.419129
Te        19.72967        7.21420        2.33904        2        1.097558        -1.017151        -0.535134
Te        16.63105        8.60469        1.81900        2        -0.803943        -0.504088        -1.322807
