54
Lattice="18.429676749 0.000008540 -0.000615361 -0.000005198 13.193502514 0.000045896 0.042448411 0.000094922 30.000000000" Properties=species:S:1:pos:R:3:tags:I:1:forces:R:3 energy=-304.55879444 stress= -17.21895 -29.77067 -0.09090 -0.48287 -0.41673 0.36880 pbc="T T T"
Mo        2.38280        0.04202        4.02219        1        -0.812499        0.165675        -0.404713
Mo        5.34711        2.31559        3.78621        1        0.473425        -0.346247        0.431759
Mo        2.29130        4.45720        3.98426        1        -0.227732        -0.895805        0.502694
Mo        5.29267        6.52181        3.92218        1        0.380980        0.096292        0.359217
Mo        2.30646        8.74774        4.03842        1        -0.217866        -0.448312        -0.159600
Mo        5.25798        11.07995        4.10207        1        -0.305842        -0.428945        0.050016
Mo        8.47465        0.15934        3.74247        1        -0.153585        -0.348025        0.688599
Mo        11.52972        2.24550        3.90553        1        0.714281        -0.041586        -0.099780
Mo        8.50376        4.37890        3.97439        1        -0.122297        0.477038        -0.165993
Mo        11.53724        6.66636        3.98116        1        -0.684994        -0.039920        -0.380120
Mo        8.30774        8.85530        3.93566        1        0.067202        0.112944        0.377194
Mo        11.41405        11.12832        3.91556        1        1.029337        -0.006814        -0.872572
Mo        14.48442        13.17960        3.79678        1        0.068769        -0.268329        0.455548
Mo        17.67637        2.16063        3.99354        1        -0.208641        -0.204594        0.004796
Mo        14.56084        4.36291        3.90697        1        -0.379590        0.012556        -0.014174
Mo        17.59789        6.59245        3.99891        1        -0.213702        -0.728536        -0.134477
Mo        14.29802        8.68142        3.73036        1        1.292447        0.941651        0.168840
Mo        17.65312        10.86182        4.00093        1        -0.164434        0.064251        -0.994002
Te        1.37214        2.29518        5.76282        2        -0.096640        -0.309906        -0.538724
Te        4.48085        4.29388        5.64238        2        -0.017234        0.386645        -0.151801
Te        1.42242        2.26100        2.37729        2        -0.039440        -0.399344        -0.149103
Te        4.51950        13.14654        2.34247        2        -0.321634        0.380653        -0.472355
Te        1.37476        6.44683        5.64011        2        -0.352412        0.807881        0.364730
Te        4.41050        8.61692        5.73083        2        0.042529        0.345633        -0.513347
Te        1.31496        6.48832        2.31489        2        -0.036127        0.635017        0.067864
Te        4.31809        4.45372        2.29442        2        0.537680        0.055563        -0.906637
Te        1.32723        11.13935        5.67219        2        0.362793        -0.635150        -0.113739
Te        4.52127        0.18739        5.58138        2        0.065344        -0.116523        0.571770
Te        1.50881        10.83172        2.27477        2        -0.522340        0.480837        0.766485
Te        4.28728        8.58959        2.19259        2        0.341946        0.202760        0.712824
Te        7.56947        2.19905        5.48412        2        -0.092432        0.039223        -0.125224
Te        10.69794        4.50899        5.57867        2        -0.030332        -0.453937        0.178619
Te        7.52704        2.41786        2.08404        2        -0.033412        -0.426501        0.487046
Te        10.66718        0.07758        2.13121        2        -0.301155        0.196344        0.190858
Te        7.54505        6.61561        5.56554        2        -0.168932        -0.173971        0.159063
Te        10.50034        9.18975        5.58343        2        -0.286999        -1.115630        0.441714
Te        7.58825        6.50253        2.32119        2        -0.480218        0.409576        -0.144004
Te        10.54142        4.42712        2.18198        2        0.409494        0.056509        0.569553
Te        7.34718        11.13585        5.74234        2        0.494144        -0.060220        -0.516258
Te        10.69427        0.05183        5.52701        2        -0.787617        0.459007        -0.137499
Te        7.27741        11.01842        2.34189        2        0.641745        0.069651        -0.241033
Te        10.46534        8.83889        2.34353        2        0.269078        0.124335        -0.461950
Te        13.83737        2.08497        5.58247        2        -0.976682        0.479985        -0.318145
Te        16.55579        4.24898        5.64186        2        0.810596        0.401481        0.374831
Te        13.72805        2.25876        2.22678        2        -0.459995        -0.075561        -0.029102
Te        16.60120        13.01892        2.20510        2        0.990703        0.180072        -0.172999
Te        13.73252        6.69525        5.55412        2        -0.663418        -0.640051        0.244379
Te        16.35627        8.69137        5.54526        2        1.000908        0.247762        0.056008
Te        13.50235        6.56308        2.16481        2        0.201418        -0.309984        -0.233155
Te        16.80991        4.28793        2.35943        2        -0.128956        0.409449        -0.281263
Te        13.61546        10.90623        5.54068        2        -0.339145        0.322629        -0.233007
Te        16.64275        13.01875        5.43880        2        0.243469        0.333364        0.812453
Te        13.66283        11.06799        2.19072        2        -0.911588        -0.431868        -0.228404
Te        16.67533        8.68830        2.24231        2        -0.041523        0.003398        0.219172
