54
Lattice="18.429676749 0.000008540 -0.000615361 -0.000005198 11.703913521 0.000045896 0.042448411 0.000094922 30.000000000" Properties=species:S:1:pos:R:3:tags:I:1:forces:R:3 energy=-318.19794252 stress= -6.76617 -17.69446 0.00714 -0.36980 -1.65630 -0.17476 pbc="T T T"
Mo        2.28273        11.68669        3.99484        1        0.111831        0.392781        -0.281078
Mo        5.42970        1.96517        4.00235        1        -0.151685        -0.214798        -0.400740
Mo        2.24933        3.91500        3.89169        1        0.331124        0.023854        0.077124
Mo        5.32205        5.97043        3.90349        1        -0.043109        -0.802382        0.178969
Mo        2.29744        7.82635        3.88780        1        -0.420895        -0.479420        0.199260
Mo        5.32752        9.74529        4.03330        1        -0.416994        -0.520812        -1.441358
Mo        8.37960        0.05156        3.73283        1        0.065722        -0.212701        0.923326
Mo        11.52355        1.89679        3.90505        1        -0.280891        0.284618        -0.298866
Mo        8.38848        3.91167        4.01540        1        1.173684        0.125182        0.236648
Mo        11.64668        5.90132        4.02724        1        -0.771843        -0.321811        -0.441544
Mo        8.40372        7.84594        3.82480        1        0.627849        0.017658        -0.084493
Mo        11.60908        9.70023        3.91071        1        -0.450867        0.062748        -0.424460
Mo        14.63284        11.61636        3.89753        1        -0.243682        1.238525        0.133583
Mo        17.73769        1.96227        4.04047        1        -0.422157        -0.867782        -0.705157
Mo        14.55891        3.93274        4.03788        1        0.646788        0.115615        0.370206
Mo        17.57559        5.83472        3.96977        1        0.269863        0.021481        -0.381316
Mo        14.68188        7.72183        3.83469        1        -0.405623        0.697949        0.189257
Mo        17.68621        9.76794        3.95263        1        -0.565887        -0.602196        -0.481420
Te        1.49245        2.02226        5.68318        2        -0.493921        -0.336335        0.492297
Te        4.45802        3.96414        5.60210        2        -0.419305        0.037907        0.264637
Te        1.22467        1.97260        2.18407        2        0.643165        -0.341659        0.034852
Te        4.35333        11.65847        2.27484        2        0.249250        0.463183        0.003854
Te        1.28849        5.88141        5.58193        2        0.169267        -0.046270        0.597971
Te        4.32352        7.82974        5.77735        2        0.017594        -0.165263        -0.448344
Te        1.18610        5.77970        2.15084        2        0.291653        0.462229        0.202510
Te        4.27323        3.92125        2.14987        2        0.800107        -0.049051        0.308121
Te        1.31949        9.66966        5.63286        2        0.054920        0.413281        0.686001
Te        4.41823        11.62502        5.73473        2        -0.145029        0.726155        0.176165
Te        1.36062        9.81184        2.18412        2        -0.339420        -0.165034        0.002969
Te        4.33026        7.78911        2.21678        2        0.430407        0.570037        -0.748291
Te        7.64380        1.94563        5.74342        2        -1.001971        -0.276036        -0.412745
Te        10.65591        3.82052        5.75796        2        -0.413509        0.496574        -0.709741
Te        7.44596        2.08831        2.17826        2        -0.223018        -0.152708        -0.219992
Te        10.58773        11.57827        2.15168        2        0.088393        0.514693        -0.292672
Te        7.42773        6.00599        5.59942        2        0.113094        -0.312066        0.541858
Te        10.50396        7.84565        5.67012        2        0.110135        -0.021487        -0.285658
Te        7.46689        5.74191        2.23340        2        -0.300092        0.704875        -0.631204
Te        10.51998        3.94151        2.23799        2        0.170356        0.033152        0.593414
Te        7.46557        9.77865        5.53959        2        0.517917        0.203205        0.673534
Te        10.39918        11.67471        5.53124        2        0.695875        -0.298313        0.317534
Te        7.31364        9.81923        2.09276        2        0.137106        -0.370308        0.101725
Te        10.55943        7.80293        2.12382        2        0.165408        -0.199346        0.566983
Te        13.56455        1.85300        5.65010        2        0.269285        0.025483        0.276700
Te        16.78595        3.77759        5.72874        2        -0.740370        0.890241        0.515687
Te        13.68641        2.15845        2.27087        2        -0.508768        -1.393880        -0.695072
Te        16.66213        11.65673        2.20723        2        0.698601        0.381918        -0.051534
Te        13.77252        5.91253        5.76217        2        -0.551680        0.094720        -0.172196
Te        16.62476        7.80901        5.70997        2        0.474433        0.076437        -0.348072
Te        13.59868        5.81448        2.14618        2        0.206350        -0.039161        0.432720
Te        16.63954        3.81884        2.31960        2        0.120604        0.221873        -0.333011
Te        13.69351        9.78099        5.61643        2        -0.109377        -0.782897        0.137141
Te        16.68852        0.06887        5.74882        2        0.094032        -0.600017        -0.388452
Te        13.70912        9.73117        2.07278        2        -0.230752        -0.280164        0.544566
Te        16.75432        7.68019        2.04445        2        -0.136929        0.555483        0.914470
