54
Lattice="18.429676749 0.000008540 -0.000615361 -0.000005198 10.852719811 0.000045896 0.042448411 0.000094922 30.000000000" Properties=species:S:1:pos:R:3:tags:I:1:forces:R:3 energy=-315.39853603 stress= -0.00407 -4.02899 -3.42531 3.73026 1.83250 -0.38840 pbc="T T T"
Mo        2.31433        0.16224        3.79362        1        0.680189        -1.590941        -0.409873
Mo        5.22056        1.77655        3.56170        1        1.600725        0.294738        1.509467
Mo        2.42931        3.61266        4.00879        1        -0.394156        1.046905        -0.141123
Mo        5.45643        5.38261        3.71713        1        -0.450155        -0.144207        -0.818487
Mo        2.42719        7.16549        4.36743        1        -0.352486        0.272337        -1.071922
Mo        5.30763        9.05383        3.76185        1        0.285654        0.484806        0.495303
Mo        8.39934        0.01277        3.59261        1        1.570612        -2.446297        1.812997
Mo        11.32864        1.61762        3.70343        1        1.750448        2.124818        1.845545
Mo        8.42928        3.49581        3.74737        1        2.013600        -0.741239        -0.248859
Mo        11.51631        5.39807        3.83904        1        -2.183157        -0.535608        -0.910680
Mo        8.71879        7.33771        3.78818        1        -1.336796        -1.938728        -2.215296
Mo        11.56452        8.99349        3.87596        1        -0.409307        0.153685        -0.373308
Mo        14.95011        10.64464        4.16970        1        -2.345083        1.655870        0.346545
Mo        17.73483        1.92354        4.11476        1        -0.155707        0.119769        0.423965
Mo        14.66028        3.78306        3.86970        1        0.292515        -0.680396        -0.170279
Mo        17.59786        5.46549        4.18337        1        -1.316235        0.385017        1.949144
Mo        14.51185        7.25126        4.21152        1        0.183612        0.300202        -1.220435
Mo        17.72478        9.19564        4.26838        1        -1.435104        -0.053471        0.442853
Te        1.66429        1.80981        5.70011        2        -2.082794        0.550353        1.144071
Te        4.63193        3.53470        5.63189        2        -0.318785        0.349118        -0.791418
Te        1.21778        2.00298        2.04778        2        0.069046        -0.261573        0.998332
Te        4.33381        10.81005        1.77263        2        -0.643753        0.082311        0.865314
Te        1.13706        5.47921        6.12064        2        0.935814        -0.524333        -0.809520
Te        4.75459        7.07052        5.68773        2        -0.706872        0.622241        0.298243
Te        1.18000        5.49628        2.58329        2        1.151408        0.159144        -1.178387
Te        4.09144        3.77629        1.83526        2        1.130098        -0.498515        0.922629
Te        1.40121        9.31623        5.84438        2        0.591969        -0.661668        0.481426
Te        4.26084        0.07473        5.69450        2        1.295498        -0.391600        -1.551878
Te        1.26925        8.76379        2.52896        2        0.342020        1.264316        -0.823872
Te        4.20497        7.38490        2.07449        2        -0.106818        -1.483190        0.480842
Te        7.45103        1.53234        5.59325        2        -0.910746        1.066765        -1.064538
Te        10.36543        3.35427        5.69063        2        0.410006        0.521632        -1.100887
Te        7.58898        1.79670        2.00064        2        -2.319528        0.269089        -2.272977
Te        10.64553        10.80961        1.92444        2        -0.928989        -1.487151        -0.917798
Te        7.61488        5.31997        5.32154        2        -0.492017        1.223090        1.718031
Te        10.46093        7.23168        5.67104        2        1.095813        -0.474400        0.528783
Te        7.63953        5.36482        1.93481        2        -0.627936        0.576496        0.410018
Te        10.52333        3.52519        1.80943        2        0.188111        0.227623        1.492430
Te        7.43805        8.93638        5.43155        2        -0.056382        1.223646        0.552734
Te        10.40619        10.71843        5.57681        2        -0.203879        0.453729        -0.224683
Te        7.45891        8.85489        1.94238        2        -0.368607        1.023375        -0.124939
Te        10.69930        7.22359        1.87717        2        -0.250672        0.254045        0.903369
Te        13.64204        1.92262        5.54102        2        -0.761466        -1.316298        -0.182364
Te        16.55090        3.59336        6.13444        2        0.162209        0.420516        -1.992130
Te        13.69309        1.70000        2.20077        2        0.368133        0.068555        0.645889
Te        16.83117        0.04841        2.35338        2        0.461867        -0.014852        -0.142594
Te        13.35068        5.16031        5.60422        2        0.804132        1.513445        2.367228
Te        16.42297        7.39758        6.09541        2        1.074893        -0.390790        -0.761992
Te        13.54921        5.78394        2.19300        2        1.120094        -1.474421        -0.590395
Te        16.72254        3.81722        2.22279        2        0.242106        -0.531241        0.144869
Te        13.34023        8.91871        5.91713        2        0.821872        0.800995        0.126167
Te        16.58539        0.23865        6.25921        2        1.165849        -0.585998        -1.174083
Te        13.74405        9.16762        2.32621        2        0.302147        -0.957169        -0.501815
Te        16.79039        7.39587        2.38320        2        -0.963926        -0.356847        0.907556
