54
Lattice="18.429676749 0.000008540 -0.000615361 -0.000005198 11.491115093 0.000045896 0.042448411 0.000094922 30.000000000" Properties=species:S:1:pos:R:3:tags:I:1:forces:R:3 energy=-318.91250153 stress= -4.87064 -14.23649 0.88876 1.01556 -0.43304 -0.49086 pbc="T T T"
Mo        2.30385        0.02054        3.97273        1        0.632310        -1.111487        0.651152
Mo        5.31827        1.88177        3.88240        1        -0.144009        0.060830        0.066827
Mo        2.39743        3.77462        4.13061        1        -0.234244        -0.401341        -0.591211
Mo        5.39468        5.75956        3.91706        1        0.257502        0.523511        0.086705
Mo        2.35950        7.62231        3.96878        1        0.350345        0.219959        0.570892
Mo        5.36387        9.59565        3.99127        1        0.344198        0.249054        -1.189639
Mo        8.53544        11.41808        3.85050        1        -0.206387        0.345869        -1.388926
Mo        11.49965        1.91604        3.93396        1        0.092676        -0.155177        0.466251
Mo        8.41502        3.93119        3.70093        1        -0.082446        0.036548        0.599800
Mo        11.46222        5.77094        3.81336        1        -0.191529        -0.778082        0.364906
Mo        8.40192        7.82001        3.84086        1        -0.288634        -1.324282        -1.154567
Mo        11.58017        9.64120        3.66027        1        0.447301        0.492304        1.233610
Mo        14.69025        0.08208        3.89576        1        -1.425086        -1.306674        1.226870
Mo        17.72579        1.95315        4.10695        1        -0.247560        -0.980473        -0.897886
Mo        14.47378        3.75380        3.92987        1        0.729712        0.532603        0.763446
Mo        17.67313        5.75370        4.01884        1        0.675552        0.438415        0.393086
Mo        14.55270        7.59365        4.03746        1        0.026787        0.267080        -0.499074
Mo        17.61290        9.54252        3.99203        1        -0.309326        -0.200574        0.492315
Te        1.35861        1.86042        5.82245        2        0.176296        -0.053541        0.330747
Te        4.51845        3.86712        5.75234        2        0.425652        -0.517906        -0.020918
Te        1.37655        1.89021        2.32716        2        -0.416260        0.572344        -0.356088
Te        4.32027        11.41482        2.03822        2        -0.014445        0.292509        1.260217
Te        1.57361        5.69146        5.78182        2        -1.367220        0.548375        0.366655
Te        4.51085        7.68938        5.72335        2        -0.404771        -0.231834        -0.095830
Te        1.44639        5.64077        2.39384        2        -0.950271        0.113256        -0.815731
Te        4.24248        3.95176        2.20959        2        0.927490        -0.830582        -0.130112
Te        1.25241        9.43476        5.68873        2        0.505761        0.709671        0.347817
Te        4.44229        11.44246        5.78642        2        -0.294395        0.443184        -0.685771
Te        1.29252        9.54189        2.26650        2        0.021942        0.036227        -0.131648
Te        4.32768        7.66607        2.15106        2        0.408533        0.155352        0.301985
Te        7.63287        1.86508        5.38405        2        -1.102019        0.734436        1.185145
Te        10.37927        3.81833        5.55439        2        0.493427        0.473580        0.143142
Te        7.37390        1.94595        2.11460        2        0.115787        -0.417058        -0.393673
Te        10.59653        0.15939        2.08563        2        -0.220839        -0.611340        -0.532100
Te        7.55616        5.76856        5.65417        2        -0.253504        0.245712        -0.724710
Te        10.47147        7.83891        5.40228        2        1.052659        -0.453924        1.229301
Te        7.42029        5.96181        2.05325        2        -0.196845        -0.536883        0.155420
Te        10.50157        3.79896        2.05689        2        0.393137        0.158039        -0.110099
Te        7.59111        9.58802        5.60124        2        -0.949887        0.468428        0.974560
Te        10.49442        11.44672        5.65783        2        0.830398        -0.045421        -0.351691
Te        7.38510        9.66850        2.08691        2        -0.067364        -0.136146        -0.031631
Te        10.57046        7.63762        2.12087        2        -0.408906        0.591828        -1.055683
Te        13.62823        1.85494        5.79595        2        -0.465619        0.222080        -0.746287
Te        16.69114        3.84819        5.68005        2        -0.740164        0.219693        0.721740
Te        13.57114        1.87417        2.21944        2        0.271004        0.199610        -0.716630
Te        16.75471        11.45709        2.29758        2        0.587820        0.838240        -0.717012
Te        13.40356        5.68380        5.65053        2        0.430572        -0.037540        0.404968
Te        16.63466        7.66587        5.80814        2        -0.068409        -0.307681        -0.205914
Te        13.60901        5.69450        2.15852        2        0.038671        0.145553        0.070580
Te        16.67958        3.85583        2.30674        2        0.093966        -0.298411        -0.241186
Te        13.47234        9.59033        5.71584        2        0.419529        0.132670        -1.186833
Te        16.59317        11.45827        5.82458        2        0.599442        0.211257        -0.439101
Te        13.85207        9.48743        2.05272        2        -0.732011        0.490090        0.856903
Te        16.62255        7.64643        2.25037        2        0.388905        -0.395921        0.139968
