54
Lattice="18.798270284 0.000008540 -0.000615361 -0.000005198 10.639921383 0.000045896 0.042448411 0.000094922 30.000000000" Properties=species:S:1:pos:R:3:tags:I:1:forces:R:3 energy=-315.95661102 stress= -2.78895 0.29556 -0.95358 -1.66088 0.13434 -0.08138 pbc="T T T"
Mo        2.37914        10.52244        3.68431        1        1.636318        -1.046742        1.158498
Mo        5.27896        1.80850        3.97306        1        0.292503        -1.070550        0.583569
Mo        2.26908        3.80061        3.70286        1        0.547071        0.388520        -0.163666
Mo        5.45141        5.40045        3.93311        1        1.199560        -1.150535        -0.997689
Mo        2.25263        6.97855        3.53553        1        -0.074909        0.887676        1.103463
Mo        5.73206        9.02143        4.19682        1        -1.311344        1.363394        -1.032964
Mo        8.92419        10.54696        4.37579        1        -1.007167        -0.403964        -1.429007
Mo        11.61774        1.70282        4.07645        1        1.156228        -0.557944        -0.228875
Mo        8.78308        3.93934        4.26049        1        -2.005870        -1.681919        -1.473727
Mo        11.83325        5.34567        4.01982        1        0.312099        -0.248176        -0.412752
Mo        8.52443        6.97658        4.09014        1        0.343453        1.604529        1.382630
Mo        11.90287        8.96320        4.01498        1        0.597944        0.528011        0.354643
Mo        15.29830        10.43519        3.97339        1        -1.273011        -0.094622        -1.131364
Mo        17.81768        1.80796        3.93310        1        0.728415        -0.261015        -1.118055
Mo        14.68609        3.62920        3.82675        1        0.539832        -0.611971        -0.322332
Mo        17.85999        5.05257        3.64334        1        1.449029        1.260202        0.335513
Mo        15.06093        6.92080        3.84076        1        -1.109993        0.648250        0.605737
Mo        18.43135        8.92769        3.75815        1        -3.095133        0.484095        -1.339314
Te        1.48996        1.85190        5.39061        2        -1.461960        -0.247983        0.794006
Te        4.18444        3.70268        5.55895        2        0.317250        -0.059220        1.243676
Te        1.32613        1.85001        2.26682        2        -1.525367        -0.426612        -1.798838
Te        4.47643        0.05798        1.93989        2        0.592977        -0.117436        1.487470
Te        0.97996        5.41478        5.45881        2        1.554357        -1.019466        0.191562
Te        4.33724        7.20570        5.51857        2        -0.602112        -0.510343        0.791938
Te        1.11803        5.34844        1.59206        2        0.308025        -0.792760        1.195277
Te        4.43583        3.52807        2.10514        2        0.384436        0.812499        -0.584110
Te        1.44269        8.70506        5.53045        2        1.060671        0.403563        0.565591
Te        4.30888        10.59929        6.02384        2        0.310005        0.494821        -1.929897
Te        1.36762        8.75509        1.72444        2        0.537407        0.734853        0.150459
Te        4.66339        7.30846        2.22382        2        -0.238940        -0.024797        -0.390094
Te        7.48121        1.74794        5.84480        2        0.161219        1.005842        -0.009496
Te        10.85390        3.68634        5.77601        2        0.214028        -0.548042        1.863181
Te        7.79231        1.81431        2.68697        2        -0.750184        0.274866        -0.089001
Te        10.62408        10.57001        2.22218        2        0.448031        -0.136501        0.547883
Te        7.21693        5.41235        5.99182        2        0.962584        -0.199242        -0.149528
Te        10.80874        7.29685        5.81710        2        -0.216943        -1.212432        -0.396286
Te        7.57933        5.48208        2.11476        2        -0.111192        -1.080442        0.567536
Te        10.56839        3.27833        2.21755        2        0.532952        2.079980        0.091579
Te        7.74312        8.80661        6.05273        2        -0.386165        -0.196083        0.096272
Te        10.98888        0.06633        6.06069        2        0.098241        -0.554339        0.174581
Te        7.72616        8.94310        2.46546        2        0.321129        0.200788        -0.603188
Te        10.66912        7.04441        2.35254        2        0.023663        0.670693        -0.215724
Te        14.10599        1.51962        5.57568        2        -1.308800        1.230280        0.450799
Te        16.63485        3.68239        5.65470        2        1.200167        -0.751930        -0.142726
Te        13.68763        1.49593        2.23772        2        0.576951        0.920813        0.482794
Te        17.11065        10.54456        1.90160        2        0.304357        0.646172        1.027199
Te        13.83340        5.30107        5.89013        2        0.197859        0.149112        -1.125877
Te        17.33240        7.09181        5.46060        2        -1.444205        -0.068885        -0.083570
Te        13.66938        5.43684        1.98681        2        0.346480        -0.600295        0.459181
Te        16.73073        3.38493        1.95289        2        -0.606951        -0.318583        -0.114083
Te        14.25082        8.62788        5.77728        2        -0.709596        0.492445        -0.486271
Te        17.19890        10.57195        5.71672        2        1.231878        -0.103191        0.855764
Te        14.11201        8.95134        2.21077        2        -1.101726        -1.646581        -0.573494
Te        17.06799        7.02941        2.02670        2        -0.144440        0.476678        -0.221995
