54
Lattice="19.904050889 0.000008540 -0.000615361 -0.000005198 11.491115093 0.000045896 0.042448411 0.000094922 30.000000000" Properties=species:S:1:pos:R:3:tags:I:1:forces:R:3 energy=-313.72870024 stress= -19.68820 -19.91412 -2.26453 -0.06383 0.86567 0.23398 pbc="T T T"
Mo        2.51511        11.48852        3.81190        1        0.119461        -0.061822        0.000912
Mo        5.96210        1.94164        3.88905        1        -0.491405        0.379907        -0.572965
Mo        2.62455        3.78637        4.10776        1        -0.252728        0.004755        -1.125515
Mo        5.96463        5.74457        3.93490        1        -0.392049        0.723031        1.235767
Mo        2.48559        7.61549        3.95033        1        -0.078769        -0.043571        0.088810
Mo        5.87762        9.78700        3.86983        1        0.144012        -1.027519        0.078790
Mo        9.22607        0.00233        3.69003        1        0.396497        0.355403        1.333200
Mo        12.69647        1.75357        3.91578        1        -0.976722        0.392020        -0.757004
Mo        9.16484        3.95362        3.84112        1        0.635559        -1.077632        0.749148
Mo        12.32266        5.80873        3.93781        1        0.281854        0.781978        0.038433
Mo        9.13655        7.95303        4.04028        1        0.271509        -1.312770        0.025832
Mo        12.33484        9.59316        3.90367        1        0.588460        -0.273295        0.809449
Mo        15.84296        11.48215        3.84382        1        -0.888888        0.670358        0.735018
Mo        19.28668        1.70063        3.92419        1        -1.606453        0.599437        0.040953
Mo        15.66474        3.65924        4.02124        1        -0.492180        0.301940        0.896044
Mo        19.03378        5.73325        4.03384        1        0.244364        -0.419500        -0.359959
Mo        15.68489        7.63909        4.02013        1        0.795553        -0.348781        0.360509
Mo        19.03748        9.44822        3.83204        1        -0.795359        0.855630        -0.810848
Te        1.46385        1.80435        5.65404        2        0.423499        -0.080928        0.175451
Te        5.00983        3.73940        5.73691        2        -0.606472        0.506196        -0.440522
Te        1.40176        1.88257        2.08128        2        0.537798        0.196010        0.762669
Te        4.78380        0.13834        2.19126        2        -0.247915        -0.107866        -0.598736
Te        1.38615        5.68251        5.82201        2        0.180254        0.176351        -0.863015
Te        4.80409        7.86354        5.66427        2        -0.203867        -0.556652        -0.527490
Te        1.40065        5.63909        2.25880        2        -0.055157        -0.002802        0.903897
Te        4.82204        3.99158        2.22743        2        -0.266201        -0.737297        0.325873
Te        1.26510        9.58810        5.44364        2        0.819412        -0.077854        0.848287
Te        4.80247        0.05895        5.61763        2        -0.607272        0.338921        -0.192090
Te        1.31749        9.42901        2.08855        2        0.458166        0.155999        0.460320
Te        4.75397        7.68154        2.33318        2        0.005042        0.117848        -0.424430
Te        8.10778        1.86532        5.47844        2        0.748635        0.338386        0.292371
Te        11.40031        3.82753        5.57860        2        -0.172032        -0.514119        0.064276
Te        8.19599        2.00624        2.08020        2        -0.445336        0.030774        -0.046447
Te        11.46946        11.37801        1.98950        2        -0.020515        0.548105        0.755116
Te        8.18332        5.80992        5.65044        2        -0.353152        0.250331        0.203941
Te        11.19341        7.77711        5.83492        2        0.584227        0.029426        -0.922223
Te        8.14538        5.94511        2.35007        2        -0.092691        0.232164        -1.029151
Te        11.43481        3.81223        2.28314        2        0.052289        -0.169556        -0.473459
Te        7.91884        9.84912        5.66846        2        0.772113        -0.084584        -0.382039
Te        11.44596        11.47019        5.61027        2        -0.882461        0.326594        -0.285260
Te        8.11930        9.56334        2.14902        2        -0.652835        0.506235        -0.521862
Te        11.33994        7.78289        2.15714        2        -0.491554        -0.528805        0.467530
Te        14.62052        1.58658        5.80528        2        0.722288        1.069685        -0.745645
Te        17.96702        3.64367        5.75128        2        0.124666        0.129443        -0.682753
Te        14.79239        2.01716        2.00448        2        -0.244478        -0.759665        1.083467
Te        17.90926        11.41135        2.14351        2        0.954934        -0.075493        -0.185678
Te        14.42983        5.83881        5.67657        2        0.577814        -0.540184        0.223615
Te        17.99373        7.72828        5.60557        2        -0.432254        -0.576860        0.600961
Te        14.61598        5.70432        2.31477        2        -0.090291        -0.067174        0.092671
Te        17.86029        3.70300        2.44180        2        0.885631        0.164145        -0.421783
Te        14.57210        9.75656        5.68175        2        0.175611        -0.923603        -0.329008
Te        17.96979        11.39290        5.62564        2        0.393973        -0.190757        -0.312867
Te        14.63148        9.45277        2.42914        2        -0.157062        0.692469        -1.580861
Te        17.86210        7.56723        2.10176        2        0.084069        -0.311175        0.906570
