54
Lattice="18.429676749 0.000008540 -0.000615361 -0.000005198 11.065518238 0.000045896 0.042448411 0.000094922 30.000000000" Properties=species:S:1:pos:R:3:tags:I:1:forces:R:3 energy=-316.26917103 stress= -2.15719 -8.33283 -4.68311 1.97262 2.34931 0.04541 pbc="T T T"
Mo        2.26150        10.96869        3.99062        1        0.242538        0.188666        -0.426951
Mo        5.50383        1.76589        3.93086        1        -0.939494        0.369134        0.349788
Mo        2.36128        3.57245        3.91279        1        0.628213        0.657094        0.701858
Mo        5.50303        5.51089        3.92170        1        -1.819714        -0.390470        -1.399995
Mo        2.25399        7.49715        3.90493        1        0.142586        -1.261770        0.832704
Mo        5.53253        9.32063        4.20170        1        -0.128516        0.313762        -1.733632
Mo        8.63013        11.01620        3.66774        1        0.596529        1.411334        2.110587
Mo        11.45850        1.71882        3.74143        1        1.035254        1.626309        1.329445
Mo        8.35398        3.67375        3.92016        1        -0.380282        -0.099262        -0.923846
Mo        11.30910        5.45691        3.84232        1        1.266573        -1.154589        -0.858366
Mo        8.22990        7.39051        3.80928        1        0.788116        0.450223        -0.621239
Mo        11.49149        9.27412        3.99516        1        0.194059        -0.087205        -0.324579
Mo        14.73174        0.14885        3.76218        1        -0.149543        0.390832        2.440848
Mo        17.71206        2.01668        4.08031        1        -0.375430        -1.571163        -1.446488
Mo        14.62644        3.53136        3.90149        1        1.158538        0.153662        2.080445
Mo        17.75790        5.45741        4.01836        1        -1.117782        0.013777        -1.347631
Mo        14.38767        7.31547        4.00073        1        -0.011601        0.302985        1.151116
Mo        17.68300        9.31305        4.04633        1        0.907686        -0.053214        -0.570630
Te        1.34231        1.85347        5.75879        2        0.474576        -0.126862        0.254752
Te        4.47861        3.65860        5.74623        2        -0.156818        -0.208207        -0.585331
Te        1.22717        1.79748        2.20384        2        0.708679        -0.218789        0.011672
Te        4.45802        0.07686        2.17810        2        -0.601170        -1.144997        0.628966
Te        1.38032        5.48883        5.65903        2        0.200934        0.098184        0.311933
Te        4.31317        7.22334        5.70042        2        0.595083        1.020897        0.213684
Te        1.57400        5.47907        2.09317        2        -1.221501        0.268551        0.653609
Te        4.43925        3.59999        2.22239        2        0.274687        0.191558        -0.484065
Te        1.44612        9.18895        5.95562        2        -0.800894        0.016658        -1.206726
Te        4.35318        0.04113        5.83150        2        0.131820        0.041327        -0.248270
Te        1.12694        9.07122        2.07863        2        0.448022        1.124489        0.438678
Te        4.45157        7.56742        2.35039        2        0.335433        -0.153261        -0.299781
Te        7.47734        1.59957        5.66099        2        0.617653        0.952827        -0.282050
Te        10.26039        3.49488        5.73579        2        1.174991        0.486347        -0.944508
Te        7.51653        1.84220        2.02359        2        -0.273676        -0.036067        0.349487
Te        10.73773        11.00768        1.96436        2        -0.567135        -0.383556        -0.299731
Te        7.32927        5.60150        5.65941        2        1.298048        -0.335342        1.017126
Te        10.22794        7.12484        5.49594        2        0.986018        1.606156        1.189424
Te        7.42019        5.49466        1.92611        2        -0.177759        0.202155        0.953878
Te        10.36165        3.73199        1.96954        2        0.314709        -0.490440        0.809694
Te        7.82221        9.49325        5.75816        2        -1.520685        -1.652637        -0.395358
Te        10.55928        11.06282        5.71272        2        0.021913        0.323444        -0.393426
Te        7.45546        9.38530        2.09244        2        -1.140124        -1.297329        -0.520008
Te        10.49004        7.60387        2.03403        2        -0.336464        -1.213045        0.887872
Te        13.54193        1.85682        5.79178        2        -0.141888        -0.166090        -1.481908
Te        16.57434        3.59645        5.86305        2        0.212293        1.191688        -0.291810
Te        13.79600        1.93938        1.99874        2        -1.371867        -1.017369        -0.245526
Te        16.75654        0.21234        2.08480        2        0.550054        -0.657268        0.690453
Te        13.29136        5.36333        5.72740        2        0.640863        0.198821        -0.706625
Te        16.60838        7.39987        5.67016        2        -0.275275        -0.465417        0.354138
Te        13.74869        5.19801        2.19766        2        -1.710480        2.517173        -0.680907
Te        16.82737        3.67612        2.00397        2        -0.255415        0.582437        1.440096
Te        13.66566        9.70460        5.77397        2        -0.265199        -1.969428        -0.552842
Te        16.98845        0.00729        5.88566        2        -1.540347        0.728635        -0.584088
Te        13.57751        9.27404        2.28852        2        0.171108        -0.347741        -0.663043
Te        16.44312        7.52816        2.37383        2        1.131931        -0.956143        -0.652267
