54
Lattice="19.174335959 0.000456436 -0.025753600 -0.000245188 11.746062056 0.000007040 0.013560858 0.000001769 30.000000000" Properties=species:S:1:pos:R:3:tags:I:1:forces:R:3 energy=-315.51997953 stress= -8.83649 -13.83409 0.74126 -0.11036 -0.22113 -0.02421 pbc="T T T"
Mo        2.12739        0.32925        3.65828        1        0.728874        0.110480        0.336489
Mo        4.49768        2.11404        3.94133        1        -0.735793        0.012884        0.563796
Mo        2.15861        3.93077        3.69079        1        0.371030        -0.232996        -0.463183
Mo        4.61856        5.59306        3.94269        1        -0.791472        -0.150133        -0.512197
Mo        2.30604        7.47005        3.55325        1        0.324238        0.028930        0.259759
Mo        4.17038        9.78270        4.33811        1        -0.826316        0.035027        -0.575720
Mo        8.51777        11.45648        4.06009        1        -1.211651        -0.609808        -0.431729
Mo        10.80782        1.54825        4.20622        1        -0.202437        -0.076716        -0.271082
Mo        8.89253        3.96913        3.68678        1        -0.247007        -1.334364        0.042547
Mo        10.89750        6.14560        4.02903        1        -0.267730        0.513994        1.488512
Mo        8.52723        8.14188        3.89512        1        -0.000730        -0.200850        1.345185
Mo        10.72481        9.74232        4.18167        1        0.987953        0.614667        0.838319
Mo        15.03068        11.73449        3.66980        1        -0.053352        0.105189        0.406437
Mo        17.15254        2.24991        3.87540        1        0.217124        -0.471734        -0.630704
Mo        14.71885        3.78551        3.84775        1        0.038327        -0.050346        0.607617
Mo        17.18095        5.94754        3.88767        1        0.520709        0.104910        0.027430
Mo        14.99774        8.18608        3.81904        1        0.199816        -0.539246        0.314846
Mo        17.48832        9.60976        3.91013        1        -0.628857        0.008561        -0.335443
Te        0.60744        2.13265        5.13296        2        -0.344880        -0.061720        0.245436
Te        3.67742        3.92144        5.88041        2        0.709505        -0.196739        0.009947
Te        5.75640        11.52080        2.82617        2        0.243405        0.384655        0.040425
Te        2.90008        2.13504        1.71806        2        -0.088605        -0.554275        0.511835
Te        0.67971        5.90098        5.14971        2        -0.060585        -0.117189        -0.035880
Te        3.82426        7.45858        5.77436        2        0.198019        0.227068        0.100252
Te        6.22281        3.78611        2.64555        2        0.395269        0.299010        -0.015698
Te        2.96850        5.54373        1.68381        2        0.258867        0.906621        0.403947
Te        1.06241        9.73138        5.02048        2        -0.008904        -0.102860        -0.034184
Te        3.60522        0.28858        5.95459        2        0.455623        -0.141053        -0.752621
Te        5.80437        7.94427        2.66772        2        -0.066222        -0.199828        0.562328
Te        2.69713        9.85038        2.03135        2        0.306958        -0.113233        0.176012
Te        7.02636        1.86461        5.19724        2        0.517273        0.509710        -0.045968
Te        10.47175        3.77929        5.81128        2        -0.140205        0.620257        0.142219
Te        12.38121        11.66537        2.67800        2        -0.198503        -0.005162        -0.122027
Te        8.97767        1.49903        2.19151        2        0.574703        1.264364        -0.286983
Te        7.32112        5.92134        5.09124        2        -0.461659        -0.605871        -0.079256
Te        10.34174        7.85969        6.15070        2        -0.357874        -0.137737        -1.149872
Te        11.97422        3.82957        2.79874        2        -0.043318        -0.149005        -0.237771
Te        9.06259        6.13691        2.13273        2        0.099987        0.081884        -1.083018
Te        6.84615        9.69715        5.45128        2        -0.320973        0.005435        -0.049230
Te        10.07818        11.61533        6.19598        2        0.563928        -0.177555        0.017843
Te        12.37865        8.09783        2.63594        2        0.081941        -0.408246        -0.168920
Te        9.13475        9.81729        1.96386        2        0.007261        0.209442        -0.160737
Te        13.44703        1.75936        5.38193        2        -0.096641        0.468228        -0.348257
Te        16.68497        4.01981        5.66751        2        -0.428312        0.400340        1.795203
Te        18.68055        0.24333        2.77410        2        0.020079        -0.877811        -0.200411
Te        15.31038        2.03821        1.91753        2        0.162851        0.022671        -0.852140
Te        13.50271        6.05858        5.03488        2        0.120603        -0.111281        -0.229968
Te        16.77074        7.73526        5.83360        2        0.092646        0.723188        0.107505
Te        18.76385        4.00459        2.35780        2        -0.298910        -0.074334        0.065210
Te        15.32951        5.93460        2.06655        2        -0.523960        0.166084        -0.506133
Te        13.64111        9.98356        5.40473        2        -0.534751        -0.526236        0.054585
Te        16.72015        0.00627        5.66526        2        0.622258        0.129323        0.086889
Te        18.90460        7.70029        2.40415        2        -0.278463        0.211530        -0.029325
Te        15.65962        9.84716        1.89182        2        0.410614        0.058698        -0.935194
