54
Lattice="19.940895089 0.000456147 -0.025753600 -0.000245476 10.721779888 0.000007040 0.013560576 0.000001770 30.000000000" Properties=species:S:1:pos:R:3:tags:I:1:forces:R:3 energy=-315.11203032 stress= -12.87003 -7.58088 -4.13256 -0.30340 -0.65809 0.03190 pbc="T T T"
Mo        2.34873        10.70244        3.69022        1        -0.685739        0.196756        0.287958
Mo        4.53683        1.58285        3.75671        1        1.653472        0.317339        2.115714
Mo        2.27023        3.58522        3.78692        1        -0.479017        -0.463756        -0.005178
Mo        4.71622        5.36927        4.04621        1        -0.203524        -1.535489        -1.708145
Mo        2.11975        7.14594        3.72609        1        0.876669        0.548704        0.761768
Mo        4.62267        8.58911        3.97059        1        -0.197153        2.165277        -1.270442
Mo        8.99995        10.62349        3.49119        1        -0.725863        -0.963975        0.949791
Mo        11.20961        1.61825        3.85667        1        0.929275        1.237139        0.241719
Mo        9.00804        3.11492        3.72894        1        -1.516063        0.597175        -1.722857
Mo        11.26259        5.39185        4.03837        1        -0.092782        0.307632        0.614339
Mo        8.99355        7.18960        3.82215        1        -0.367631        0.140349        0.564244
Mo        11.30743        8.95024        3.94167        1        0.437210        -0.295516        0.579061
Mo        15.55466        0.22223        4.08682        1        -0.347078        -0.574621        -0.427855
Mo        17.93070        1.78242        4.26329        1        0.254807        0.252525        -1.232506
Mo        15.81772        3.56004        3.95149        1        -0.919544        0.408152        -1.411346
Mo        17.81257        5.95500        4.04130        1        1.345453        -1.434874        0.915623
Mo        15.51060        7.41790        4.05266        1        -0.094605        -0.836535        -0.258822
Mo        17.73784        9.22705        4.26621        1        0.796369        -0.181890        -0.561281
Te        0.78978        1.72912        5.29571        2        -0.249035        0.478590        0.055629
Te        4.06822        3.46449        5.80931        2        -0.095517        -0.722529        -0.343638
Te        6.35002        10.49985        2.50902        2        -0.470286        -0.116633        -0.451200
Te        2.90536        1.83824        1.71244        2        -0.796991        0.043859        0.233085
Te        0.50956        5.54326        5.27008        2        0.268339        -0.165663        -0.164745
Te        4.03813        7.00883        5.88318        2        -1.076855        -0.324270        1.464034
Te        6.19544        3.35137        2.05535        2        0.199179        -0.046916        1.201824
Te        2.93806        5.34043        1.89097        2        0.147276        0.335306        -0.064097
Te        0.55031        9.06718        5.25713        2        0.435625        -0.171424        0.240766
Te        3.97295        10.45603        5.92323        2        0.110699        0.492935        -1.262785
Te        6.45186        6.92189        2.62276        2        -0.354472        0.255443        -0.545481
Te        2.85231        8.93443        1.79982        2        0.358477        -0.435826        -0.124642
Te        7.32766        1.55170        5.24185        2        -0.427447        0.056501        -0.475819
Te        10.46382        3.42714        5.88821        2        0.796380        0.401411        -0.279468
Te        12.98142        0.15542        2.39038        2        0.153954        -0.758459        0.201461
Te        9.69599        1.57035        1.55027        2        0.026907        0.443806        0.352030
Te        7.30355        4.91251        5.38502        2        0.212459        0.806737        -0.622621
Te        10.51475        7.34027        6.07580        2        0.385254        -0.780321        -1.256516
Te        13.07675        3.51244        2.57547        2        -0.206598        0.681541        0.205992
Te        9.33928        5.36437        1.92681        2        1.069440        -1.492262        0.622930
Te        7.20079        8.75276        5.24056        2        0.569293        0.121684        0.071230
Te        10.45500        0.01544        5.75423        2        -0.011242        -0.365742        0.713132
Te        12.98049        7.14718        2.54480        2        0.215549        -0.148167        0.302936
Te        9.90077        8.64121        1.73844        2        -0.824874        0.707838        -0.224511
Te        13.85840        2.02780        5.19661        2        -0.315674        -0.439681        0.818929
Te        17.51471        3.83018        6.03547        2        -0.386854        0.408993        -0.662315
Te        19.37935        0.07268        2.67020        2        0.652015        0.328246        -0.456018
Te        16.39708        1.58364        1.89695        2        -0.121605        1.696311        1.361264
Te        13.80517        5.38849        5.62203        2        0.232798        0.295744        -0.940569
Te        17.55453        7.41469        6.22938        2        -1.189624        0.111735        -0.106045
Te        19.40651        3.74012        2.72699        2        0.050791        0.087748        0.253738
Te        16.20479        5.62029        1.97721        2        -0.584043        -0.578339        0.674722
Te        13.72366        8.92247        5.40208        2        0.034519        0.875639        0.596311
Te        17.27061        0.34020        6.34532        2        -0.393461        -0.910095        -0.401721
Te        19.34778        7.46752        2.41435        2        0.192804        -0.188642        0.192149
Te        15.88169        9.19923        2.08238        2        0.753958        -0.862488        0.378484
