54
Lattice="20.324373841 0.000456147 -0.025753600 -0.000245476 10.927967962 0.000007040 0.013560576 0.000001770 30.000000000" Properties=species:S:1:pos:R:3:tags:I:1:forces:R:3 energy=-317.60145598 stress= -13.86192 -9.67060 -2.07265 0.95427 0.81660 0.03195 pbc="T T T"
Mo        2.37939        0.44639        3.83595        1        0.043984        -0.094913        0.140318
Mo        4.76794        2.23611        4.01338        1        0.515527        -1.131648        -0.939370
Mo        2.32528        3.81533        3.83090        1        0.609691        0.396691        0.028698
Mo        4.75894        5.53298        3.98249        1        0.094455        -0.160757        0.576177
Mo        2.25168        7.24497        3.85785        1        -0.586930        -0.057365        -1.204826
Mo        4.77882        8.79943        3.86060        1        -0.374908        0.492799        -0.575518
Mo        9.06972        10.63565        3.96547        1        0.111659        -0.096782        -0.571715
Mo        11.49068        2.17552        4.15474        1        -0.316367        -0.500288        0.338735
Mo        9.06457        3.84128        3.80495        1        -0.771629        0.323196        0.186453
Mo        11.42088        5.42839        4.07070        1        0.303183        -0.209640        -0.117574
Mo        9.03928        7.14667        3.82019        1        0.637295        0.173838        -1.008486
Mo        11.56367        8.77937        4.01428        1        -0.208529        -0.333771        0.026381
Mo        15.70519        0.17415        3.81344        1        0.244901        0.228568        -0.225045
Mo        18.35343        2.14990        3.94999        1        -0.508859        -0.301756        0.219744
Mo        15.69745        3.49805        3.75246        1        1.354264        0.104501        0.753204
Mo        18.38412        5.35436        4.06141        1        -0.424376        0.491994        0.317822
Mo        15.89044        6.75047        3.77552        1        -0.522265        0.387784        -0.072844
Mo        18.17018        8.86124        3.96777        1        0.142752        -0.111105        -0.066538
Te        0.72710        2.05303        5.28804        2        -0.261655        -0.315904        0.062591
Te        4.04276        3.74908        5.97771        2        -0.207272        0.628329        0.206717
Te        6.25755        0.03206        2.69952        2        0.137529        0.066999        0.359211
Te        3.13806        2.10578        1.84020        2        -0.181032        -0.128865        0.445432
Te        0.59800        5.52038        5.46979        2        0.359513        0.061536        -0.258218
Te        3.88847        7.34098        5.84987        2        0.714966        -0.456108        1.154478
Te        6.46035        3.83895        2.37182        2        -0.290480        -0.236577        0.514810
Te        3.05268        5.60461        1.89836        2        -0.284659        -0.065671        -0.176947
Te        0.65181        9.20138        5.04071        2        -0.006709        0.473747        -0.005533
Te        4.29116        10.89433        5.68117        2        -0.368824        0.559599        -0.359194
Te        6.41057        7.19496        2.28420        2        -0.001143        0.150444        0.498673
Te        2.87260        9.33760        1.99132        2        0.018834        -0.422587        0.425045
Te        7.46152        1.85424        5.11630        2        -0.033868        0.063756        -0.232244
Te        10.42517        3.72097        6.05576        2        0.969697        0.147004        0.140969
Te        12.97627        10.92004        3.01670        2        0.158842        0.659239        -0.096022
Te        9.73987        1.82493        2.19076        2        -0.112747        -0.697863        -0.487861
Te        7.35703        5.51177        5.43133        2        -0.037815        0.032295        -0.490917
Te        10.75812        7.14852        5.97011        2        -0.185001        0.448173        0.244683
Te        13.06897        3.58257        2.53227        2        0.221431        0.175710        -0.175396
Te        9.80671        5.42568        1.80197        2        0.011506        0.433140        0.575735
Te        7.32497        8.92477        5.09527        2        0.093703        0.166160        0.293340
Te        10.95249        10.89983        5.83106        2        -0.041660        -0.284530        -0.261177
Te        13.11624        7.02348        2.43862        2        0.038981        -0.001098        0.347547
Te        9.90966        9.06462        1.88970        2        -0.415614        -0.239005        0.822464
Te        14.24526        1.85809        5.51338        2        -0.172586        0.030022        -0.599324
Te        17.49930        3.66936        5.95745        2        -0.374056        -0.126602        -0.185424
Te        19.75437        0.11317        2.76890        2        0.264390        -0.446862        0.074239
Te        16.69266        1.73659        1.80792        2        -0.260179        0.043078        0.677210
Te        14.27099        5.34201        5.44517        2        -0.268315        -0.140014        -0.385979
Te        17.48626        7.17824        5.92525        2        0.028094        0.068655        0.018616
Te        20.07601        3.75577        2.58603        2        0.104389        -0.192875        -0.712998
Te        16.87594        5.19858        1.85557        2        -0.640727        0.022095        -0.173078
Te        14.32168        8.86917        4.93063        2        0.160028        -0.106572        0.072083
Te        17.55015        0.03184        5.74372        2        0.126698        0.118678        -0.473060
Te        19.91914        7.25330        2.61041        2        0.151290        -0.061022        -0.317545
Te        16.31680        8.94733        2.02081        2        0.263383        -0.043994        0.639677
