54
Lattice="19.173937585 0.000456147 -0.025753600 -0.000245476 11.134156037 0.000007040 0.013560576 0.000001770 30.000000000" Properties=species:S:1:pos:R:3:tags:I:1:forces:R:3 energy=-315.03999971 stress= -2.54708 -10.04260 0.74603 0.31612 2.93525 1.15704 pbc="T T T"
Mo        2.09174        0.03487        3.80192        1        2.476461        0.222100        1.252299
Mo        4.44372        1.77529        4.08067        1        0.224708        -0.850314        -0.019651
Mo        2.12380        3.31881        3.58552        1        0.214490        0.056223        0.031075
Mo        4.33817        5.53098        3.74505        1        0.645652        0.400073        1.220710
Mo        2.17778        7.59164        3.46687        1        -1.409930        0.114937        0.759681
Mo        4.35461        9.35791        4.04782        1        0.685554        0.256417        -0.483358
Mo        8.59002        0.02861        4.00912        1        0.322274        -0.415140        0.247787
Mo        10.80706        1.68444        4.38752        1        1.351799        1.449781        -0.048725
Mo        8.59088        3.47473        4.02928        1        -0.142544        0.474443        0.361989
Mo        10.64181        5.37771        4.08467        1        0.054302        0.551974        -0.343234
Mo        8.49631        7.40923        3.60685        1        0.619845        0.681108        1.708980
Mo        10.93647        9.36462        4.19529        1        -0.542862        -0.573758        -0.651332
Mo        15.03262        0.01857        3.75332        1        -0.699928        0.203956        0.119008
Mo        17.14458        2.06400        4.03951        1        1.815784        -1.619026        1.594546
Mo        14.69419        3.44961        3.84320        1        1.528339        0.979035        0.856673
Mo        17.11928        5.47717        4.07339        1        -0.279290        -0.140006        -0.282479
Mo        15.09899        7.67638        3.58765        1        -1.034635        0.182184        0.514530
Mo        17.31019        9.59203        3.68770        1        -0.309142        0.601552        0.874740
Te        0.71243        1.87511        5.48287        2        -0.383238        0.179648        -0.530539
Te        3.65418        3.85299        5.72596        2        0.271577        -0.702467        0.268899
Te        6.13903        10.96356        2.59345        2        -0.025030        0.791925        -0.027486
Te        3.19779        1.50050        1.69689        2        -0.733915        1.239390        0.852029
Te        0.60480        5.46522        4.87604        2        0.957714        0.111265        0.044001
Te        3.48700        7.41227        5.69408        2        0.911425        -0.481774        0.411326
Te        6.22257        3.44733        2.73057        2        -1.085926        0.336561        -0.874310
Te        2.56537        5.44041        1.81520        2        0.183802        -0.192069        -0.497317
Te        0.42813        9.39675        5.16591        2        1.669761        -0.217625        0.141899
Te        3.98860        11.06806        6.09615        2        -0.817205        0.380856        -0.802025
Te        5.88287        7.59467        2.37016        2        0.379768        -0.696322        0.009508
Te        2.91365        9.47400        1.75100        2        -0.018051        -0.451578        -0.079794
Te        6.94621        1.67142        5.51266        2        0.004200        0.532998        0.265449
Te        10.23276        3.73449        6.23236        2        -0.049479        -0.454534        -0.647120
Te        12.46887        0.28977        2.74039        2        -0.164174        -1.057768        -0.470735
Te        9.50039        1.86367        2.13129        2        -1.074589        -0.463326        -0.570608
Te        6.84695        5.50712        5.24883        2        0.198598        0.259404        -0.642427
Te        10.07215        7.32877        6.03537        2        -0.089458        0.356267        -1.726717
Te        12.32026        3.78453        2.40483        2        -0.389937        -0.362160        0.599726
Te        8.92907        5.35718        1.91961        2        0.409572        0.116025        0.389005
Te        6.98772        9.16726        5.30859        2        -0.075190        -0.174925        0.066202
Te        10.40967        11.02456        6.19478        2        -0.768557        -0.284947        0.852405
Te        12.44971        7.73866        2.50982        2        -0.066602        -0.687679        0.243349
Te        9.34983        9.52114        1.99930        2        -0.186303        -0.853841        0.015697
Te        13.58397        1.77354        5.57652        2        -0.941337        -0.404897        0.116646
Te        16.63550        3.67624        5.99481        2        -0.806284        0.864766        0.539324
Te        18.99917        0.24993        2.59550        2        -1.512872        0.201218        -1.672664
Te        15.74812        1.88354        1.95647        2        -1.419763        -0.025938        -2.122966
Te        13.12152        5.45632        5.24519        2        1.078401        0.290642        -0.022605
Te        16.82575        7.82491        5.60712        2        -0.553081        -1.683841        0.588634
Te        18.60267        3.76147        2.51705        2        0.394210        -0.404293        -0.699618
Te        15.42014        5.48071        2.04272        2        -0.159063        0.247024        -0.412969
Te        13.50332        9.23482        5.42190        2        0.440553        0.043301        -0.596476
Te        16.67116        11.10028        5.85422        2        0.275113        0.776488        -0.032459
Te        18.73226        7.43743        2.64582        2        -0.629661        0.142481        -0.636741
Te        15.67084        9.41199        1.61684        2        -0.705616        0.159346        -0.049541
