54
Lattice="18.429676749 0.000008540 -0.000615361 -0.000005198 11.278316666 0.000045896 0.042448411 0.000094922 30.000000000" Properties=species:S:1:pos:R:3:tags:I:1:forces:R:3 energy=-316.57286504 stress= -1.65403 -9.26776 1.43424 2.73784 0.94168 -1.08321 pbc="T T T"
Mo        2.24205        11.22654        4.18089        1        -0.718860        -1.136286        -2.491471
Mo        5.18491        1.68437        4.15631        1        2.404983        1.171601        1.041739
Mo        2.47838        3.59325        3.64985        1        -0.482949        1.206654        0.737577
Mo        5.42966        5.44051        4.03695        1        0.683996        -0.409175        0.354138
Mo        2.42671        7.54870        4.15821        1        -0.257971        -0.603140        -1.813025
Mo        5.42599        9.33010        4.32999        1        -0.724482        -0.471553        -2.267030
Mo        8.40309        11.21127        4.12122        1        0.707396        0.410422        0.566118
Mo        11.55656        1.94355        4.02839        1        0.793298        -0.785957        -1.087059
Mo        8.63905        3.89027        4.08703        1        -1.492235        -1.817211        0.918083
Mo        11.49713        5.72444        4.18441        1        0.290480        0.298272        -2.588983
Mo        8.35909        7.46153        4.01639        1        -0.067782        0.437256        0.411264
Mo        11.54132        9.42700        3.80864        1        0.825480        0.386354        1.394542
Mo        14.71350        0.26717        3.69749        1        -0.164097        -0.423803        -0.057053
Mo        17.64994        1.97853        3.61682        1        0.237973        -0.267419        0.418223
Mo        14.57820        3.88457        3.71315        1        -0.387621        -0.874669        1.700197
Mo        17.53893        5.64089        3.65969        1        0.702476        -0.131039        -0.466597
Mo        14.57580        7.61003        3.72880        1        -0.836550        -0.422512        -0.539044
Mo        17.65318        9.43708        3.81289        1        -0.243685        -1.050193        -0.616661
Te        1.30320        1.97385        5.53954        2        -0.919758        0.356172        0.223127
Te        4.23648        3.54104        5.81425        2        -0.207088        0.889356        -0.226782
Te        1.42110        1.85502        1.92159        2        -0.282720        -0.644771        0.584410
Te        4.37444        11.21208        2.52243        2        -0.570844        -1.763277        -1.504145
Te        1.22964        5.37199        5.35347        2        0.320840        0.598434        0.624534
Te        4.44167        7.31244        5.94913        2        -0.111564        -0.056112        -0.115547
Te        1.49613        5.96337        2.02194        2        -0.279433        -1.274785        0.751465
Te        4.76146        3.45176        2.23275        2        -1.427646        1.353901        -0.923954
Te        1.09939        9.20573        5.80723        2        0.356729        0.786917        0.136778
Te        4.22199        11.10417        5.90433        2        0.117830        0.398278        1.574357
Te        1.39509        9.29156        2.21561        2        0.377702        0.671278        0.568974
Te        4.62278        7.44103        2.38994        2        -0.647422        0.326606        0.463638
Te        7.32689        1.93690        5.89291        2        0.715351        -0.447516        -0.651390
Te        10.79096        3.75112        5.77026        2        -0.944052        0.299944        1.614983
Te        7.37020        1.89676        2.37387        2        0.993810        -0.602690        0.887367
Te        10.53695        0.01799        2.32678        2        -1.149679        0.982685        -0.797687
Te        7.37824        5.37807        5.95100        2        0.441912        1.137859        -0.526661
Te        10.43981        7.67014        5.66057        2        0.561109        -0.025644        0.721302
Te        7.67599        5.53375        2.25037        2        -1.200690        0.429446        0.007313
Te        10.56421        3.86692        2.33491        2        0.321455        -0.171579        -0.644087
Te        7.41156        9.33307        5.96309        2        1.182581        0.004812        0.378983
Te        10.70927        11.23624        5.83212        2        -0.653035        0.024283        -0.725733
Te        7.37170        9.38915        2.36593        2        -0.096165        0.204223        0.083303
Te        10.40056        7.81423        2.01148        2        -0.075164        -1.377469        0.948145
Te        13.77123        1.98907        5.58741        2        -0.063006        0.126529        0.076380
Te        16.65368        3.82368        5.45058        2        0.181705        -0.348169        0.150006
Te        13.51335        2.08271        1.96651        2        -0.423645        -0.556844        0.526151
Te        16.66516        0.06458        1.85381        2        0.701730        -0.008598        0.416687
Te        13.78134        5.80932        5.59833        2        -0.623908        -0.451089        0.409803
Te        16.55010        7.43444        5.47894        2        0.912878        0.489888        0.324357
Te        13.31832        5.52841        2.12871        2        0.111357        2.012161        -0.426308
Te        16.40264        3.82456        1.85749        2        1.702159        0.080320        -0.288753
Te        13.82436        9.58256        5.34978        2        -0.840441        0.017245        1.022210
Te        16.73432        11.24820        5.48507        2        0.026112        1.475119        0.168400
Te        13.66610        9.67140        2.00297        2        -0.540351        -0.777863        -0.122750
Te        16.55760        7.56457        2.05066        2        0.736866        0.307967        -1.334093
