54
Lattice="19.173937585 0.000456147 -0.025753600 -0.000245476 10.721779888 0.000007040 0.013560576 0.000001770 30.000000000" Properties=species:S:1:pos:R:3:tags:I:1:forces:R:3 energy=-318.24356317 stress= -3.13654 -4.81474 -0.91219 0.00146 -1.46217 -0.25372 pbc="T T T"
Mo        2.09281        0.06733        3.67611        1        0.178810        -0.759055        1.543513
Mo        4.60054        1.76042        4.00814        1        -2.110202        -1.026930        -0.603168
Mo        2.15401        3.58879        3.73718        1        1.392812        -0.143264        0.709243
Mo        4.48999        5.36916        3.95316        1        -0.009199        -0.349752        0.034246
Mo        2.23536        7.06468        3.80150        1        -0.600413        0.590549        -1.181171
Mo        4.39912        8.84682        3.99354        1        0.179300        -0.350307        -0.409188
Mo        8.57638        0.04142        3.86934        1        -0.253364        -1.681402        -0.682710
Mo        10.66244        1.67470        4.22269        1        1.044748        0.680370        -0.477983
Mo        8.45666        3.46801        3.94126        1        0.399753        0.638419        -0.075604
Mo        10.83847        5.58934        4.11208        1        0.184800        -0.279866        0.074653
Mo        8.61261        7.10200        3.88983        1        -0.332529        0.209079        -0.582644
Mo        10.87591        8.75817        4.05304        1        0.330728        0.704563        0.806747
Mo        14.88889        0.20170        3.75270        1        0.219963        -0.502732        -0.270528
Mo        17.33014        1.91530        3.97409        1        -0.644093        0.458423        0.893261
Mo        14.88682        3.74163        3.82409        1        0.670925        -0.042301        1.086190
Mo        17.43402        5.44164        4.03323        1        -0.660366        -0.159510        -1.487333
Mo        14.99900        7.12842        3.58314        1        0.171828        -0.315064        2.100074
Mo        17.14307        8.66692        3.88982        1        0.711130        1.354555        -0.598168
Te        0.57137        2.09086        5.46538        2        0.394545        -1.282318        -0.405626
Te        3.94372        3.43218        5.87177        2        -0.425211        0.820521        0.496964
Te        5.97553        10.67413        2.44929        2        0.533510        -0.357448        0.024500
Te        2.81418        1.73458        1.85175        2        0.454123        0.858897        -0.578555
Te        0.83372        5.41486        5.41944        2        -1.015724        -0.024498        0.138472
Te        3.83180        6.96019        5.94533        2        0.193228        0.761836        0.301053
Te        5.96462        3.53167        2.50455        2        0.904565        0.089021        -0.305864
Te        2.67256        5.39314        1.75694        2        0.628400        -0.310798        0.349884
Te        0.47665        8.92498        5.13825        2        0.282473        -0.047175        0.535137
Te        3.61383        10.53377        5.87086        2        0.256375        0.804133        0.071773
Te        6.02059        7.04770        2.35757        2        0.395533        0.350440        0.494786
Te        2.70557        8.95241        1.80395        2        0.533803        -0.196950        0.411238
Te        6.98797        1.52330        5.38312        2        -0.541003        1.134992        0.756390
Te        10.20742        3.76916        5.99276        2        -0.156473        -0.721082        0.318092
Te        12.33936        10.70333        2.64005        2        -0.079696        0.337753        -0.397546
Te        9.17825        1.77623        1.95009        2        -0.048982        0.178671        -0.125083
Te        6.96744        5.46723        5.56822        2        -0.109311        -0.612615        -0.838746
Te        10.14397        7.28008        6.27558        2        0.182336        -0.798359        -1.605248
Te        12.24658        3.49765        2.70289        2        0.334829        0.781269        -0.206107
Te        9.07761        5.22109        1.97147        2        0.407910        0.497217        0.396010
Te        6.91422        8.83534        5.31688        2        -0.144037        0.157392        0.076078
Te        10.20017        10.44206        6.02912        2        -0.057656        1.000916        0.445397
Te        12.56581        7.23703        2.45425        2        -1.353804        -0.661791        -0.263200
Te        9.31761        9.01985        1.87716        2        -0.464827        -0.789085        0.516650
Te        13.26402        1.83328        5.31156        2        0.452252        0.183921        0.452676
Te        16.90460        3.72495        5.94734        2        -1.051617        -0.731424        -0.056739
Te        18.77919        10.70636        2.40649        2        -0.500761        0.150023        0.129644
Te        15.67907        1.99635        1.93640        2        -0.486193        -0.332610        -1.109979
Te        13.52234        5.58909        5.55749        2        -0.504291        -0.535394        -1.032368
Te        16.41628        7.02756        5.89714        2        0.570782        0.626771        0.124660
Te        18.90344        3.49630        2.47324        2        -0.224086        0.768831        -0.827576
Te        15.73213        5.36642        1.78781        2        0.157863        -0.368374        0.146993
Te        13.55541        9.00431        5.39418        2        -0.690931        -0.371459        -0.539537
Te        16.57664        0.00252        5.75301        2        0.486343        -0.272188        0.380922
Te        18.93621        7.18761        2.30695        2        -0.552670        -0.492378        0.406702
Te        15.47056        9.03966        1.72351        2        0.331787        0.366415        0.444188
