54
Lattice="19.173937585 0.000456147 -0.025753600 -0.000245476 11.340344112 0.000007040 0.013560576 0.000001770 30.000000000" Properties=species:S:1:pos:R:3:tags:I:1:forces:R:3 energy=-316.33544426 stress= -4.61150 -10.47698 1.36363 -0.71845 -2.64161 0.50906 pbc="T T T"
Mo        2.06103        0.10300        3.78768        1        1.196200        -0.484861        0.691661
Mo        4.36979        1.69471        3.90960        1        0.333772        0.191601        0.544667
Mo        2.12263        3.49203        3.74225        1        0.835113        1.283793        0.807257
Mo        4.40479        6.12359        3.93927        1        0.435177        -0.321974        0.954307
Mo        2.29284        7.86626        3.76846        1        -0.695319        0.368928        0.644000
Mo        4.52075        9.56666        4.09228        1        -0.294480        0.732855        -0.908774
Mo        8.71706        11.23198        3.76134        1        -1.328097        0.677805        -1.338183
Mo        10.96909        2.00319        4.13433        1        -1.130094        -1.327416        -2.445485
Mo        8.48599        3.85390        3.68814        1        0.116564        -0.275233        0.012948
Mo        10.78278        5.69954        3.74633        1        -0.132666        -0.730168        -0.248285
Mo        8.53591        7.81929        3.50344        1        0.116229        0.339371        0.754289
Mo        10.83071        9.57909        3.89845        1        0.436558        -0.236610        -0.033919
Mo        14.96464        10.84412        4.00758        1        -0.076986        0.933761        -0.307055
Mo        17.13612        1.54223        4.43333        1        -0.073010        0.455922        -0.742486
Mo        14.88105        3.87825        3.97199        1        0.918279        -1.526387        1.212469
Mo        17.27218        5.74614        4.17818        1        0.648508        0.618970        -1.007218
Mo        15.03223        7.36785        3.78956        1        -0.812326        0.271445        -0.300807
Mo        17.30556        9.41074        4.21238        1        -0.367118        -1.136278        -1.154724
Te        0.62831        1.86116        5.34489        2        -0.023110        -0.342968        0.598662
Te        3.91773        3.88806        5.83789        2        -0.187797        -0.173072        -1.289977
Te        5.90671        0.01562        2.36528        2        0.811219        0.233635        0.232343
Te        2.60128        1.85933        1.72402        2        0.406679        -0.249296        0.375214
Te        0.94569        5.74765        5.19685        2        -0.446509        -0.133066        -0.262242
Te        3.80778        7.90958        6.00264        2        0.145715        -1.105836        0.153521
Te        5.75998        3.90271        2.71683        2        0.075691        -0.139962        0.022081
Te        2.60362        5.87034        2.01416        2        0.204279        -0.972517        -0.274581
Te        0.65749        9.44676        5.36743        2        0.300021        0.346330        0.496250
Te        3.92857        0.02813        6.02270        2        -0.484564        0.531021        -0.796067
Te        5.86120        7.79952        2.29998        2        0.543191        -0.079015        0.333702
Te        2.94243        9.65826        1.91427        2        -0.411961        0.010629        -0.532897
Te        7.09386        1.92901        5.13906        2        -0.389056        -0.328277        -0.161534
Te        10.23855        3.85917        5.70913        2        -0.399252        0.966414        1.614305
Te        12.36521        11.28503        2.55594        2        1.082279        0.172268        -0.155339
Te        9.20816        1.98034        1.87061        2        0.336063        -0.361374        0.745415
Te        7.09065        5.89493        4.99451        2        -0.556132        0.145503        0.162685
Te        10.24229        7.54863        5.54246        2        -0.401853        0.022085        1.242674
Te        12.44896        3.56813        2.52107        2        0.292931        0.669716        -0.194291
Te        8.88296        5.81238        1.81618        2        0.366105        -0.617450        -1.011113
Te        7.10093        9.52939        5.26730        2        0.116883        -0.056688        -0.171665
Te        10.28831        0.07304        5.87881        2        0.220394        -0.574669        0.723798
Te        12.36149        7.51833        2.35817        2        0.435754        0.037478        0.128219
Te        9.26760        9.55493        1.60639        2        -0.102283        0.425768        0.381799
Te        13.47131        1.66121        5.49466        2        0.384297        0.370528        -0.561103
Te        16.76710        3.88676        6.00086        2        -0.626881        -0.890892        0.271503
Te        18.63712        11.28108        2.66095        2        0.196238        0.336089        -0.180485
Te        15.57392        1.63864        2.29640        2        -0.309660        0.135935        0.271628
Te        13.22902        5.53416        5.14940        2        -0.053138        0.788421        0.507265
Te        16.49241        7.51965        6.01172        2        0.225822        -0.086588        0.623846
Te        18.67313        3.64034        3.01086        2        -0.636060        -0.168730        -0.254267
Te        15.66233        5.28593        2.02413        2        0.368193        1.525056        -1.183317
Te        13.38074        9.23047        5.38025        2        -0.518632        -0.388543        0.164689
Te        16.63737        11.01247        6.22257        2        -0.439953        0.298672        0.593915
Te        18.90346        7.56910        2.62060        2        -0.569688        0.105402        0.159472
Te        15.72545        9.27029        1.96605        2        -0.086512        -0.300860        0.143494
