54
Lattice="18.429676749 0.000008540 -0.000615361 -0.000005198 11.278316666 0.000045896 0.042448411 0.000094922 30.000000000" Properties=species:S:1:pos:R:3:tags:I:1:forces:R:3 energy=-320.07798149 stress= -4.29538 -13.12505 -2.99021 0.27250 -0.15201 -0.19365 pbc="T T T"
Mo        2.33267        11.27595        3.91580        1        0.499295        -0.438674        -0.397500
Mo        5.41095        1.92796        3.90426        1        -0.059642        -0.023661        -0.725297
Mo        2.36649        3.70901        3.93575        1        -0.281276        -0.834044        0.698193
Mo        5.44660        5.61644        3.86072        1        -0.607282        -0.087921        1.461331
Mo        2.36438        7.44026        3.95029        1        0.174615        0.562472        0.679489
Mo        5.46099        9.30916        3.93602        1        -0.536650        1.060183        -0.561457
Mo        8.46036        0.14310        3.88433        1        -0.896878        -0.359262        -0.046851
Mo        11.53414        1.81834        3.87995        1        -0.163129        -0.242324        0.592472
Mo        8.37851        3.88851        3.76142        1        0.622388        -0.220445        0.351771
Mo        11.52254        5.55459        3.90145        1        -0.117972        0.437706        0.422557
Mo        8.30517        7.66561        3.94375        1        0.932135        -0.801760        0.675084
Mo        11.38540        9.32832        3.92151        1        0.463261        -0.365528        -0.002392
Mo        14.45190        11.26509        4.01608        1        0.528007        0.141317        -0.722694
Mo        17.68265        1.92761        4.00630        1        0.419430        0.099659        -0.977263
Mo        14.61992        3.76155        4.03814        1        0.330020        -0.695111        -0.697104
Mo        17.64416        5.58094        4.02138        1        0.338519        1.449084        0.331931
Mo        14.62506        7.50550        3.92700        1        -0.024503        0.144543        -0.752738
Mo        17.81132        9.45259        3.88518        1        0.218974        -0.320219        0.599188
Te        1.36984        1.80141        5.76738        2        -0.154818        0.195420        -0.531224
Te        4.38860        3.74658        5.75190        2        0.312865        0.126161        -0.579100
Te        1.29466        1.80852        2.09819        2        0.075463        0.355145        0.784511
Te        4.60979        11.22694        2.00238        2        -1.125746        0.124294        1.475935
Te        1.31781        5.53297        5.79281        2        0.186015        0.271268        -0.506215
Te        4.41404        7.44835        5.74279        2        0.356318        -0.084709        -0.516932
Te        1.31881        5.55647        2.34354        2        -0.144052        0.205140        -1.172286
Te        4.38024        3.77681        2.12689        2        0.072744        -0.161948        -0.001298
Te        1.50476        9.34232        5.84161        2        -0.631228        0.257575        -1.295214
Te        4.41223        0.03952        5.63468        2        0.265050        -0.300547        -0.155397
Te        1.42193        9.34594        2.15015        2        0.261572        0.126630        -0.018753
Te        4.47618        7.46083        2.13733        2        -0.641782        0.169755        0.143406
Te        7.45659        2.11241        5.62818        2        0.059088        -0.631409        -0.074895
Te        10.41099        3.68023        5.55250        2        0.402543        0.192684        0.333683
Te        7.42622        1.96439        2.00672        2        0.073193        0.060065        0.558743
Te        10.46792        11.21454        2.14823        2        0.468700        0.286721        -0.348195
Te        7.51064        5.69141        5.72669        2        -0.455960        0.025901        -0.625996
Te        10.49785        7.45484        5.76343        2        -0.376141        -0.030556        -0.711261
Te        7.42249        5.83127        2.10616        2        0.111605        -0.338959        -0.530510
Te        10.59536        3.72484        2.09412        2        -0.355380        -0.106666        -0.074466
Te        7.45253        9.58381        5.70205        2        0.031096        -0.172735        0.121567
Te        10.45601        11.15122        5.68567        2        0.358539        0.909437        0.038359
Te        7.46264        9.49869        2.04486        2        0.019900        -0.005612        0.736256
Te        10.34711        7.38824        2.23903        2        0.745670        0.480644        -0.461912
Te        13.53359        1.92015        5.84604        2        -0.026062        -0.253626        -0.760064
Te        16.77997        3.73528        5.76408        2        -0.859521        -0.019248        0.554435
Te        13.62854        1.81056        2.16100        2        0.009160        0.516658        0.370975
Te        16.60406        0.11417        2.26400        2        0.031901        -0.438469        -0.192958
Te        13.59171        5.66765        5.68992        2        0.045398        -0.072973        0.241456
Te        16.71229        7.72999        5.72011        2        0.049471        -0.955085        -0.248910
Te        13.63352        5.51809        2.17591        2        0.068646        0.579120        0.120299
Te        16.68691        3.94329        2.14413        2        -0.279772        -1.170796        0.557911
Te        13.55004        9.30433        5.63316        2        -0.462575        0.124755        0.644132
Te        16.68412        11.16185        5.58853        2        -0.224541        0.934601        1.017507
Te        13.44487        9.37614        2.14655        2        0.572596        -0.145122        0.355754
Te        16.82092        7.60506        2.21889        2        -0.677634        -0.586151        -0.172229
