54
Lattice="18.429676749 0.000008540 -0.000615361 -0.000005198 11.491115093 0.000045896 0.042448411 0.000094922 30.000000000" Properties=species:S:1:pos:R:3:tags:I:1:forces:R:3 energy=-317.58601734 stress= -4.67858 -13.28317 2.34613 0.55523 -0.07940 0.27351 pbc="T T T"
Mo        2.24630        0.11618        3.85054        1        0.286553        -1.654919        0.689854
Mo        5.33251        1.94617        3.73117        1        0.317535        0.660243        0.715388
Mo        2.31964        3.63443        3.78431        1        0.607514        1.310111        -0.487213
Mo        5.22259        5.58398        3.51530        1        0.348354        1.123591        0.868799
Mo        2.16647        7.68222        3.77903        1        1.051759        -0.360985        1.085784
Mo        5.36666        9.84103        3.87587        1        0.370936        -1.038917        -0.255578
Mo        8.49681        0.03297        3.92607        1        -0.562385        -0.187848        0.393095
Mo        11.51446        1.89610        3.98623        1        1.626885        1.284779        0.574181
Mo        8.59631        3.86096        3.77417        1        -1.384824        0.525670        -0.063372
Mo        11.54884        5.76970        3.91841        1        -0.464599        0.036560        -0.152716
Mo        8.27023        7.75640        3.87813        1        -0.179067        0.284100        0.223235
Mo        11.51501        9.69937        4.15996        1        0.833255        0.000426        -1.569127
Mo        14.71407        0.11853        4.17512        1        -0.139643        -1.099177        -0.384772
Mo        17.69394        1.92014        4.05944        1        0.365601        -0.783349        0.617311
Mo        14.53908        3.71535        4.14896        1        0.350901        -0.365456        0.118832
Mo        17.73917        5.72714        3.88727        1        -0.138038        0.098219        1.434374
Mo        14.63756        7.51468        4.11290        1        0.407962        0.269736        -0.180106
Mo        17.58837        9.37733        4.09644        1        0.781254        0.611593        -0.670269
Te        1.46284        1.93373        5.66064        2        -0.718444        -0.028054        0.800904
Te        4.42457        3.89353        5.41332        2        -0.089370        -0.618779        0.738765
Te        1.17347        1.85462        2.20303        2        -0.493998        0.045427        -1.737362
Te        4.28200        0.13950        2.07234        2        0.111747        -0.698264        -0.500968
Te        1.46950        5.61875        5.46989        2        -0.083562        0.342851        0.800154
Te        4.42826        7.64450        5.42386        2        -0.445672        0.142783        -0.408438
Te        1.35776        5.62663        2.07490        2        -0.403906        0.151358        -0.192330
Te        4.27515        3.67346        1.78650        2        0.088418        0.004314        0.444688
Te        1.36554        9.64142        5.70117        2        0.014041        -0.457318        -0.555616
Te        4.34252        0.17660        5.66317        2        0.226042        -0.133417        -0.546202
Te        1.10059        9.45392        2.10269        2        0.093199        0.792985        0.250672
Te        4.24873        7.79444        2.09163        2        0.522950        0.336335        -0.422602
Te        7.49290        2.00920        5.53186        2        -0.318736        -0.071415        -0.018783
Te        10.42974        3.95842        5.61988        2        0.852771        -0.523937        0.770241
Te        7.51589        2.04070        2.11220        2        0.214822        -0.951686        -0.382747
Te        10.59176        0.16364        2.30380        2        0.189469        -1.282755        -1.062886
Te        7.24114        5.63577        5.42040        2        0.380872        0.359135        0.072531
Te        10.44117        7.64851        5.54224        2        -0.378837        0.104581        1.357517
Te        7.49506        5.81251        2.08989        2        0.141731        -0.207925        -0.842881
Te        10.69853        3.91808        2.08587        2        0.113843        -0.501884        0.064580
Te        7.37378        9.58610        5.80784        2        0.031751        0.459258        -1.125830
Te        10.52015        0.06521        5.80049        2        -0.397674        0.267336        0.344977
Te        7.51895        9.75945        2.02401        2        -0.587146        -0.210478        0.913039
Te        10.45223        7.90347        2.30882        2        0.791031        -0.364706        -0.514011
Te        13.62334        1.81288        5.98131        2        -0.553927        0.586108        -0.726392
Te        16.83559        3.88022        5.81827        2        -0.598908        -0.040764        -0.206791
Te        13.87696        1.76447        2.13905        2        -1.129460        0.612967        1.388326
Te        16.80509        11.28747        2.40737        2        -0.678958        1.175920        -0.491028
Te        13.52595        5.61068        5.80538        2        -0.006972        0.408447        0.375847
Te        16.76034        7.56099        5.81858        2        -0.248442        -0.849648        0.319290
Te        13.69277        5.63644        2.37094        2        -0.081708        0.054596        -0.779713
Te        16.61664        3.82395        2.47591        2        -0.057848        -0.668288        -1.719692
Te        13.69255        9.49498        5.84873        2        -0.251782        0.404795        0.003286
Te        16.77742        11.43425        5.84445        2        0.309856        0.123722        0.294923
Te        13.85588        9.66168        2.46947        2        -1.200655        -0.464012        0.064635
Te        16.57262        7.42283        2.17219        2        0.112315        0.944842        0.286506
