54
Lattice="19.173937585 0.000456147 -0.025753600 -0.000245476 10.721779888 0.000007040 0.013560576 0.000001770 30.000000000" Properties=species:S:1:pos:R:3:tags:I:1:forces:R:3 energy=-320.36568806 stress= -2.77396 -6.19304 0.20114 -0.78392 -0.83605 0.37283 pbc="T T T"
Mo        2.12187        10.71291        3.79845        1        -0.184411        -0.524519        0.191412
Mo        4.36715        1.71716        3.94365        1        0.965530        -0.482953        0.281185
Mo        2.28862        3.44174        3.81153        1        -0.849051        0.323047        -0.785738
Mo        4.47185        5.50254        4.06683        1        -0.465351        -1.096926        -0.221807
Mo        2.12291        7.18072        3.83191        1        -0.289198        -0.303589        1.095877
Mo        4.35381        9.00282        4.08018        1        0.203886        -0.057382        -0.533233
Mo        8.45531        0.12581        3.62039        1        0.937196        -0.304120        0.446593
Mo        10.97541        1.79069        3.98671        1        -1.509166        0.071702        -0.737322
Mo        8.55639        3.65373        3.86422        1        0.384207        -0.622930        -0.763679
Mo        10.97155        5.32741        4.13892        1        -0.967365        0.393054        -0.631832
Mo        8.54351        7.26816        3.90993        1        0.187836        0.256985        -0.557858
Mo        10.87444        9.00704        3.93376        1        -0.474108        -0.326640        1.037066
Mo        14.90388        0.19923        3.81635        1        0.525390        -1.112711        -0.483100
Mo        17.31393        1.76071        4.00153        1        -0.976610        0.225836        -0.565133
Mo        14.95545        3.55018        3.73845        1        1.158046        -0.114924        -0.275479
Mo        17.33985        5.21082        3.97964        1        -0.625715        0.309100        0.374002
Mo        15.02330        6.99334        3.92283        1        0.439022        0.245109        -0.503183
Mo        17.31306        9.03066        4.03781        1        -1.359632        -0.142677        1.063530
Te        0.57547        1.72984        5.33859        2        0.176435        0.216223        0.283426
Te        3.94086        3.54116        5.92046        2        -0.019397        0.158269        0.252190
Te        5.88529        10.64576        2.30115        2        0.024716        0.375215        0.391459
Te        2.57855        1.60445        1.79706        2        0.723005        0.878034        -0.221344
Te        0.62176        5.15326        5.33146        2        0.071721        0.551101        0.322438
Te        3.71153        7.16754        5.97027        2        0.153373        0.213788        0.856794
Te        6.03865        3.51300        2.60328        2        -0.124549        0.622421        -0.472003
Te        2.75383        5.40644        1.95225        2        0.373537        -0.687423        -0.305931
Te        0.55740        9.00661        5.38641        2        0.142315        -0.338365        0.212048
Te        3.73371        0.03896        5.98014        2        0.090037        0.152378        0.146155
Te        5.99334        7.22641        2.70267        2        0.536666        0.055906        -1.159763
Te        2.69996        8.81680        1.89535        2        0.319667        0.803633        -0.402435
Te        6.96257        1.76284        5.29560        2        -0.310700        0.065792        -0.009387
Te        10.26024        3.53589        5.94699        2        -0.148790        -0.127956        0.534961
Te        12.42652        10.60568        2.41234        2        0.354687        0.891901        -0.198336
Te        9.22083        1.93861        1.71796        2        0.088471        -0.028378        1.226775
Te        6.95756        5.43464        5.30017        2        0.223523        -0.144655        0.812993
Te        10.31166        7.26409        5.96709        2        -0.061262        -0.251296        0.097799
Te        12.51025        3.59460        2.47500        2        -0.510436        -0.063534        -0.221723
Te        9.24727        5.50580        2.01236        2        0.092443        -0.364111        -0.161615
Te        6.88375        9.07325        5.32249        2        0.375901        0.072696        0.164616
Te        10.06831        0.05576        5.86660        2        0.179141        -0.169524        -0.548202
Te        12.51770        7.09426        2.64030        2        0.126703        0.089780        -0.460552
Te        9.11361        8.95668        1.80925        2        0.207370        -0.076650        0.296067
Te        13.35937        1.81490        5.39944        2        0.298215        -0.073741        -0.053634
Te        16.56224        3.49222        5.94736        2        0.232076        0.316448        -0.240527
Te        18.76835        10.65768        2.45878        2        0.281001        0.367156        -0.553471
Te        15.60425        1.78614        1.73162        2        0.219360        -0.024384        0.880944
Te        13.51908        5.21715        5.35139        2        -0.548435        0.370544        0.876932
Te        16.82369        7.16942        6.01145        2        -0.361474        -0.524387        -0.713449
Te        18.99061        3.58479        2.39398        2        -0.745499        -0.396390        0.125687
Te        15.60851        5.41633        1.78368        2        0.211039        -0.446754        0.820365
Te        13.40161        8.86574        5.38454        2        0.104192        0.502654        -0.295009
Te        16.47886        0.07732        6.00150        2        0.419036        -0.225517        -0.466654
Te        18.81370        7.14339        2.56405        2        -0.163204        -0.072596        -0.390775
Te        15.60226        8.85004        1.99231        2        -0.166349        0.573430        0.138561
