54
Lattice="19.173937585 0.000456147 -0.025753600 -0.000245476 10.927967962 0.000007040 0.013560576 0.000001770 30.000000000" Properties=species:S:1:pos:R:3:tags:I:1:forces:R:3 energy=-317.34841695 stress= -3.97225 -8.52921 -0.23103 1.33154 0.04158 -0.76105 pbc="T T T"
Mo        2.20441        10.89980        3.90738        1        0.142737        -0.408176        -0.229494
Mo        4.52891        1.74169        3.90324        1        1.858866        -0.882143        1.242779
Mo        2.34241        3.36102        3.73417        1        -0.837232        0.891923        0.003704
Mo        4.34917        5.68294        3.97448        1        -0.620432        -0.445937        -1.508634
Mo        2.15118        7.41625        3.79387        1        0.061814        -0.568851        0.285807
Mo        4.54299        8.91965        3.97225        1        -0.863058        0.561419        -0.134152
Mo        8.51613        10.66504        3.60209        1        0.500964        0.010177        -0.473391
Mo        10.66938        1.83617        3.84249        1        0.079799        0.388568        0.964400
Mo        8.61742        3.90006        3.76118        1        -1.008909        0.435262        -0.691163
Mo        10.79411        5.58085        3.81859        1        -0.066022        0.085274        0.609511
Mo        8.49134        7.23233        3.44335        1        0.311571        0.007154        0.507157
Mo        10.84496        9.16520        3.85876        1        0.619360        -0.385004        0.733571
Mo        15.00460        0.16462        4.12378        1        -0.561656        -1.086842        -0.565126
Mo        17.25443        1.74458        4.35714        1        -0.337204        0.583644        -0.091977
Mo        14.82695        3.59275        3.96344        1        0.340008        0.935333        -0.044497
Mo        17.33196        5.50392        4.15137        1        -0.304373        -0.078462        1.086718
Mo        15.03590        7.32348        3.90475        1        -1.350385        0.108115        0.432483
Mo        17.15748        9.04836        4.19423        1        0.809158        0.164871        1.128504
Te        0.69993        1.84585        5.42777        2        0.499326        -0.344014        0.399867
Te        4.06860        3.71209        5.77877        2        -0.330914        -0.993962        0.381958
Te        5.98030        10.74154        2.19926        2        0.151651        -0.069531        0.761126
Te        3.03811        1.58575        1.83577        2        -1.404259        0.261463        -0.827258
Te        0.79370        5.33226        5.32103        2        -0.185680        0.338215        -0.269914
Te        3.91899        7.12684        6.07488        2        -0.571107        1.383793        -0.433898
Te        6.05101        3.86765        2.68813        2        -0.299289        -0.785880        -0.537600
Te        2.49687        5.49002        1.80174        2        0.721498        -0.319982        1.059735
Te        0.63522        8.90124        5.38753        2        -0.325014        0.883233        0.645851
Te        4.10151        10.77069        5.89228        2        -0.340180        0.698865        -0.116342
Te        5.87351        7.21982        2.21055        2        0.365733        0.079542        0.055384
Te        2.77699        9.13133        1.90673        2        -0.053840        0.142981        -0.299166
Te        7.28212        1.77740        5.05560        2        -0.693644        0.115185        0.207423
Te        10.45000        3.89794        5.80832        2        -0.850860        -1.178066        0.142789
Te        12.62753        0.12967        2.59080        2        -0.634835        -0.415882        -0.192708
Te        8.69233        1.90283        1.86071        2        1.106867        -0.270608        -0.010303
Te        6.77837        5.58388        5.25133        2        1.569208        0.153208        -0.169788
Te        9.89074        7.40451        5.72061        2        0.713664        -0.279065        -0.225737
Te        12.29405        3.65205        2.35360        2        0.623720        -0.167313        0.345999
Te        9.33541        5.41124        1.53541        2        -0.512541        0.037387        0.729676
Te        7.08831        9.03304        5.18478        2        -0.477147        -0.266269        0.128077
Te        10.18062        10.91868        5.80609        2        -0.087818        0.268720        -0.336585
Te        12.49370        7.18588        2.60425        2        0.808497        1.337812        -1.110190
Te        9.40622        8.99271        1.61629        2        -0.403128        0.371628        -0.357652
Te        13.06974        1.91940        5.35457        2        0.529362        -0.090373        0.182809
Te        16.38895        3.67653        6.18814        2        0.405856        -0.178334        -0.791699
Te        18.80307        10.91915        2.77880        2        -0.095393        0.156872        -0.221897
Te        15.68306        1.86834        2.16182        2        0.017077        0.007612        -0.469419
Te        13.22414        5.62874        5.34782        2        0.300982        -0.360823        -0.048258
Te        16.51877        7.11276        6.09754        2        0.366990        0.767669        0.428748
Te        18.80153        3.72151        2.79087        2        0.293512        -1.146024        -0.642828
Te        15.73124        5.56290        2.10169        2        -0.622162        -1.012083        -0.897592
Te        13.27559        9.12719        5.58405        2        0.157046        0.191073        -0.872965
Te        16.69864        10.78392        6.27235        2        -0.127376        0.314329        -0.254412
Te        18.59865        7.47172        2.45071        2        0.915143        -0.609999        0.209488
Te        15.57136        9.19158        2.05797        2        -0.300524        0.661731        0.162493
