54
Lattice="19.174335959 0.000456436 -0.025753600 -0.000245188 11.952133320 0.000007040 0.013560858 0.000001769 30.000000000" Properties=species:S:1:pos:R:3:tags:I:1:forces:R:3 energy=-311.03184358 stress= -9.88659 -11.70746 -0.53327 0.36943 -1.14027 -1.19197 pbc="T T T"
Mo        1.74601        0.41450        3.71456        1        0.051217        1.331303        -0.588506
Mo        4.27661        2.10217        3.55291        1        1.087997        -0.173776        1.762446
Mo        2.07384        4.12292        3.37628        1        0.827942        0.278512        0.189107
Mo        4.68844        6.06231        3.56950        1        -0.624239        0.020370        0.068596
Mo        2.48377        7.94202        3.82440        1        -0.701155        -1.785150        -0.417572
Mo        4.97829        9.21540        3.67834        1        -0.662189        1.287761        -0.410706
Mo        8.76522        11.90414        3.73003        1        -1.708890        0.656345        1.697257
Mo        10.82871        1.54788        3.93734        1        0.337032        0.458091        1.578251
Mo        8.66954        3.87061        3.69037        1        -0.375494        -1.441067        -0.663000
Mo        10.52410        5.90960        4.44731        1        0.766693        1.140038        -0.218943
Mo        8.62246        8.49120        3.87052        1        -0.871944        -0.684330        0.809940
Mo        10.95233        10.14738        4.11718        1        0.938132        0.494571        0.922809
Mo        15.30714        0.10895        3.65999        1        -0.666467        -0.758900        1.146955
Mo        17.08748        2.37476        4.06238        1        -1.067517        1.147735        0.020855
Mo        14.87998        4.24715        4.16197        1        -1.056742        -0.935896        -0.875110
Mo        17.21369        5.65526        4.07873        1        0.420906        1.229976        -0.195998
Mo        15.07715        7.59486        4.28772        1        -0.735841        -0.405964        -1.598913
Mo        17.07177        9.78932        4.42173        1        0.692478        -0.155781        0.490255
Te        0.39531        2.38911        5.04103        2        0.831285        -0.267338        0.040198
Te        4.06992        4.05898        5.31960        2        -0.728654        0.200207        0.326546
Te        5.89599        11.75105        2.92998        2        0.486820        0.172485        -1.072244
Te        2.67937        2.16971        1.57865        2        -1.415583        -0.325532        -0.524189
Te        0.74945        5.81997        5.34451        2        0.246030        -0.064658        -0.660811
Te        4.48918        7.65777        5.69223        2        -0.975892        -0.354552        0.607512
Te        5.95788        3.96172        2.30136        2        0.889093        -0.227207        -0.668056
Te        2.57328        6.21782        1.58933        2        0.502272        -0.148661        1.290115
Te        0.88098        9.98084        4.96376        2        -0.842524        0.273744        0.186265
Te        3.68925        0.11174        5.27953        2        0.163354        0.152568        0.500736
Te        6.29230        7.79727        2.01724        2        0.120431        -0.334281        -0.472222
Te        2.73419        10.12521        2.26713        2        0.521145        -0.384497        -0.268122
Te        7.04791        2.02876        4.92505        2        -0.322211        -0.051511        0.210571
Te        10.12334        3.76117        5.89871        2        0.219168        -1.232591        0.339062
Te        12.69616        11.86035        2.83208        2        -0.493690        -0.089522        -0.764271
Te        9.15341        1.88758        1.78723        2        0.247432        0.065658        0.304893
Te        7.28153        5.81410        5.17221        2        -0.041918        0.864115        -0.004304
Te        10.41466        8.19578        5.89355        2        -0.622699        0.013041        0.612228
Te        12.03224        4.00380        2.96080        2        0.126522        -0.035834        -0.018314
Te        9.05153        6.10187        2.33539        2        0.367931        0.637382        -1.475952
Te        6.93617        10.12008        5.37246        2        1.182202        -0.588407        0.039043
Te        10.12225        11.76991        6.21772        2        0.338822        0.549761        -1.730860
Te        12.27581        7.92157        2.93835        2        0.221580        -0.483979        0.365984
Te        9.47265        10.18812        1.96807        2        -0.180267        -0.993920        -1.853834
Te        13.60366        1.86006        5.05283        2        -0.118209        0.319107        0.569024
Te        16.59632        4.23079        6.19064        2        0.199012        -1.314396        -0.085700
Te        17.88945        11.94649        2.71853        2        0.673051        -0.090077        -0.440926
Te        15.18822        2.33490        1.97100        2        0.757805        0.339775        0.869475
Te        13.20935        5.95739        5.65348        2        0.207314        -0.053020        -0.008254
Te        17.04825        7.52905        6.23185        2        -0.559650        0.855881        -0.861238
Te        18.51303        4.17924        2.07240        2        0.071127        -0.394435        1.080286
Te        15.15329        5.82675        2.10142        2        0.768970        1.028914        0.535067
Te        13.89525        9.90418        5.39645        2        0.246492        0.575661        -0.102647
Te        16.59104        0.29707        6.02243        2        0.351721        -0.220832        -0.628212
Te        18.73923        7.80147        2.83277        2        -0.231801        0.492755        0.241258
Te        15.45817        9.61035        2.33711        2        0.121189        -0.548996        -0.192921
