54
Lattice="18.429676749 0.000008540 -0.000615361 -0.000005198 11.703913521 0.000045896 0.042448411 0.000094922 30.000000000" Properties=species:S:1:pos:R:3:tags:I:1:forces:R:3 energy=-311.80741566 stress= -4.82349 -16.04575 -2.26487 2.05071 1.28890 -1.27096 pbc="T T T"
Mo        2.02879        0.18282        3.92119        1        0.802420        -1.039161        1.374529
Mo        5.31636        1.97968        3.83735        1        0.527834        -2.594709        0.156119
Mo        2.14467        3.79638        4.01722        1        0.453915        0.193061        -3.118302
Mo        5.52772        5.68438        3.86419        1        -0.377446        -0.129186        -0.004707
Mo        2.36693        7.81615        3.81813        1        0.869653        0.881141        -0.548405
Mo        5.26609        9.58736        3.83308        1        0.559041        -0.314275        0.558253
Mo        8.57973        11.55540        3.98592        1        -0.071940        -1.200146        -0.509629
Mo        11.54798        2.03836        4.07781        1        -0.233679        -0.290192        -1.379118
Mo        8.63324        3.75159        3.63862        1        0.356160        0.342489        1.652963
Mo        11.59004        6.01767        3.76452        1        0.526355        -1.519720        1.592909
Mo        8.65510        7.76057        3.73862        1        -0.634258        -0.208731        0.982759
Mo        11.74020        9.81931        4.17655        1        -2.184858        0.032086        -1.284989
Mo        14.58469        0.07422        4.31404        1        -1.918352        -0.138008        -1.952243
Mo        17.54453        2.18771        3.99689        1        -0.222564        -0.442972        0.682131
Mo        14.58162        3.86636        3.92516        1        0.075111        0.746882        0.733568
Mo        17.40453        6.06788        3.86487        1        -0.143108        -1.764339        0.532253
Mo        14.62236        8.17457        3.84295        1        0.091184        -1.469400        -0.086978
Mo        17.70742        9.87475        3.92211        1        -0.689993        -1.125430        1.264395
Te        1.17871        2.22537        5.83795        2        -0.498309        -1.331446        0.031080
Te        4.35736        3.62128        5.54221        2        0.041210        1.741490        1.562694
Te        0.98757        1.84770        2.13111        2        0.840049        1.338971        -0.136603
Te        4.21358        11.57799        2.29822        2        0.108028        0.814404        -0.596279
Te        1.38812        5.94354        5.30956        2        -1.441175        -0.042896        2.333144
Te        4.57739        7.51747        5.76668        2        -0.585574        0.337047        -1.392642
Te        0.92164        5.99271        2.10537        2        1.958278        -0.475538        -0.326053
Te        4.29656        3.85284        2.20835        2        -0.250994        0.020880        -0.657834
Te        1.48622        9.76307        5.69034        2        -0.981978        -0.216009        -0.492988
Te        4.16982        11.55148        5.74631        2        0.682154        0.652090        -1.153993
Te        1.23645        9.86672        2.19835        2        0.848360        -0.048089        -0.639554
Te        4.54090        7.54129        2.08258        2        -0.626674        0.409297        0.274543
Te        7.60309        1.86615        5.45642        2        -0.687191        0.558508        1.092626
Te        10.60481        3.93474        5.80784        2        -0.232837        0.410103        -1.634310
Te        7.55144        1.66605        2.36829        2        -0.390110        0.445553        -2.586290
Te        10.80343        0.01653        2.28776        2        -0.842695        -0.230780        0.726189
Te        7.72381        5.49430        5.45978        2        -0.425617        1.345965        -0.099001
Te        10.48987        7.74386        5.95383        2        0.294835        0.125034        -2.228614
Te        7.71008        5.77945        1.95091        2        -0.495463        -0.018946        0.732042
Te        10.65385        3.82383        1.97546        2        0.962732        0.297645        0.605071
Te        7.37218        9.52647        5.55220        2        0.611963        0.292296        -0.431143
Te        10.48384        0.14050        5.85467        2        0.544305        -0.715862        -0.326930
Te        7.39883        9.69585        1.91070        2        0.388645        -0.089533        1.573288
Te        10.83488        7.90006        2.14246        2        -0.357143        1.153241        -0.032571
Te        13.48570        1.94875        5.84260        2        0.755082        0.979638        0.694306
Te        16.56915        3.98514        5.83506        2        -0.042620        0.423398        -0.928926
Te        13.68080        1.87634        2.29624        2        -0.510995        0.274859        0.522834
Te        16.55617        0.22272        2.36099        2        0.284530        -0.464801        0.217482
Te        13.77139        5.99843        5.54949        2        -1.127699        -0.019860        -0.632027
Te        16.45258        7.78734        5.64716        2        1.544521        1.241473        0.794787
Te        13.89152        5.97257        2.05896        2        -1.188734        0.329642        1.111396
Te        16.44213        4.04277        2.05282        2        1.138181        -0.435263        0.732597
Te        13.50454        9.61619        6.00842        2        1.388516        0.649601        0.072053
Te        16.53977        11.50475        5.77798        2        2.828369        1.021647        1.759494
Te        13.77562        10.24028        2.37997        2        -0.868298        -1.438066        -1.013526
Te        16.86249        8.02161        2.10556        2        -1.501339        0.683389        -0.203745
