54
Lattice="19.904050889 0.000008540 -0.000615361 -0.000005198 10.639921383 0.000045896 0.042448411 0.000094922 30.000000000" Properties=species:S:1:pos:R:3:tags:I:1:forces:R:3 energy=-319.36390348 stress= -16.53162 -3.69927 -0.13382 0.15041 0.88099 0.06466 pbc="T T T"
Mo        2.56507        10.49707        3.89393        1        0.158317        0.711177        -0.674686
Mo        5.93593        1.67612        3.80837        1        -0.003566        0.770370        -0.031897
Mo        2.47555        3.41208        3.88773        1        0.204349        -0.312434        0.028054
Mo        5.85484        5.27113        3.78520        1        0.030166        0.104861        0.340140
Mo        2.51808        6.99029        3.98264        1        0.295673        0.172119        -0.484469
Mo        5.92622        8.65885        3.75885        1        -0.103019        1.254678        0.739798
Mo        9.19803        10.63371        3.87972        1        -0.026673        0.373163        -0.437410
Mo        12.35931        1.88228        4.07166        1        1.677426        -0.932612        -0.603302
Mo        9.22219        3.63641        3.75961        1        -0.230652        -0.280569        1.176383
Mo        12.46980        5.42382        4.04362        1        0.342296        -0.624623        -0.204606
Mo        9.27294        7.11474        3.85849        1        -0.195067        1.278528        0.728451
Mo        12.48003        9.05317        4.04257        1        0.509302        -0.435040        -0.098134
Mo        15.77521        10.51972        3.94526        1        0.777774        0.648377        0.937022
Mo        19.13261        1.81030        3.86401        1        -0.264176        -0.668708        0.907306
Mo        15.71389        3.59316        4.08707        1        0.589138        0.310628        -0.231592
Mo        19.14476        5.45302        3.97853        1        -0.594602        -1.101498        -0.434042
Mo        15.68990        7.07420        4.12707        1        -0.077975        0.290793        -0.420237
Mo        19.16762        8.96587        3.93081        1        0.037496        -0.776287        -0.112271
Te        1.37090        1.58530        5.64601        2        0.299101        0.483693        -0.164276
Te        4.78769        3.54757        5.51781        2        -0.368613        -0.824076        0.367808
Te        1.26959        1.67169        2.05787        2        0.841339        -0.048633        0.539997
Te        4.85504        10.57470        2.06280        2        -0.515905        -0.567631        0.039630
Te        1.38755        5.17629        5.68494        2        0.168110        0.183410        0.294495
Te        4.72953        7.02992        5.66420        2        0.269970        -0.320812        -0.422680
Te        1.41353        5.23571        2.21658        2        -0.445732        0.245088        -0.336096
Te        4.65438        3.38678        2.09071        2        0.121926        0.369782        0.045862
Te        1.49095        8.80514        5.71376        2        -0.378337        -0.054029        -0.049410
Te        4.83125        10.51441        5.52451        2        -0.064630        -0.065044        0.045388
Te        1.46461        8.78994        2.11810        2        -0.318769        -0.282967        0.366704
Te        4.63356        6.98637        2.14280        2        -0.213001        -0.148686        -0.813978
Te        8.08478        1.88457        5.51354        2        -0.133298        -0.468076        0.364496
Te        11.17237        3.59332        5.69560        2        0.262319        0.766391        0.532555
Te        8.15039        1.90276        2.03489        2        -0.276319        -1.009273        0.052610
Te        11.48599        0.13681        2.16313        2        -0.563768        -0.159917        0.438842
Te        8.02984        5.35010        5.53937        2        0.023445        -0.004595        0.250436
Te        11.34879        7.19320        5.75108        2        -0.212483        0.152040        -0.055762
Te        8.13377        5.43501        2.16914        2        -0.597196        -0.208208        -1.451700
Te        11.42287        3.53545        2.21271        2        0.319695        1.054295        -0.474811
Te        7.95228        8.84547        5.65436        2        0.713946        -0.084896        -0.652092
Te        11.25082        0.10725        5.76526        2        -0.218122        -0.122628        0.191002
Te        8.11570        8.86765        2.03959        2        0.224031        -0.071993        0.362957
Te        11.53770        7.29457        2.21518        2        -0.527903        -0.664688        0.138427
Te        14.74199        1.75902        5.76111        2        -0.754369        -0.364500        -0.002171
Te        18.03227        3.57404        5.68773        2        -0.031763        0.246057        0.081067
Te        14.78035        1.74440        2.30111        2        -1.033697        0.401066        -0.058712
Te        17.96390        0.03628        2.16756        2        -0.061543        -0.214892        -0.149296
Te        14.63603        5.31340        5.98212        2        -0.301105        0.047255        -0.886023
Te        17.96019        7.18366        5.73028        2        0.308994        0.167772        0.054884
Te        14.60651        5.36340        2.27303        2        0.107959        -0.259051        0.425225
Te        17.86225        3.52905        2.29667        2        0.099295        1.206724        -0.462000
Te        14.61494        8.93032        5.86511        2        0.023216        -0.170708        -0.349435
Te        18.03836        0.03592        5.65263        2        -0.239366        0.201497        0.263267
Te        14.62484        8.82061        2.23019        2        -0.006423        -0.099275        0.285402
Te        17.82584        7.17961        2.28697        2        0.390699        -0.087016        0.056876
