54
Lattice="18.429676749 0.000008540 -0.000615361 -0.000005198 11.278316666 0.000045896 0.042448411 0.000094922 30.000000000" Properties=species:S:1:pos:R:3:tags:I:1:forces:R:3 energy=-317.19379015 stress= -3.28567 -10.75870 0.50431 -0.35600 -0.21926 0.71915 pbc="T T T"
Mo        2.27981        0.08643        3.81172        1        0.261618        -0.758889        -0.721870
Mo        5.26886        1.94963        3.70026        1        0.577403        -0.470196        -0.076629
Mo        2.40196        3.77944        3.75899        1        -0.877574        0.073775        -0.068876
Mo        5.35444        5.34456        3.80550        1        0.522956        2.388575        -1.298943
Mo        2.16599        7.30003        3.76867        1        1.599301        2.256052        0.073429
Mo        5.33526        9.33401        3.89891        1        -0.695271        0.985088        0.353088
Mo        8.11636        11.26353        4.05358        1        2.633223        0.148011        -0.398366
Mo        11.66575        2.07941        4.13866        1        0.594504        -0.689718        -0.869543
Mo        8.63889        3.41326        3.92578        1        -0.236394        1.898835        0.291005
Mo        11.34142        5.66622        4.12968        1        1.035752        -0.046049        -0.244587
Mo        8.30131        7.70324        4.01640        1        0.642568        -0.170521        0.994033
Mo        11.53534        9.44835        4.08028        1        -0.896401        -0.920803        -0.702902
Mo        14.57227        11.15910        3.90513        1        0.284487        0.859060        1.501426
Mo        17.55868        1.83694        3.98857        1        0.050736        1.118387        -1.971627
Mo        14.86500        3.70557        3.92554        1        -0.838830        1.061200        0.061278
Mo        17.79899        5.57458        3.99205        1        -0.977848        0.539925        -1.257164
Mo        14.72615        7.56178        4.13098        1        -0.161770        0.170303        -1.651669
Mo        17.78033        9.49736        3.92538        1        -0.541641        -1.401186        -0.117450
Te        1.27871        1.95429        5.50035        2        0.663297        -0.068093        0.824988
Te        4.38563        3.74481        5.50992        2        -0.396529        -1.023283        1.764408
Te        1.15999        1.97629        2.03493        2        0.076114        -0.649081        0.615656
Te        4.21170        11.24852        1.87205        2        0.558218        0.097661        1.383737
Te        1.34628        5.59338        5.65772        2        1.052210        -0.583002        0.672560
Te        4.20703        7.41212        5.58551        2        0.848212        -0.542250        -0.615740
Te        1.27781        5.54586        2.09544        2        -0.214650        -0.123895        -1.403819
Te        4.28857        3.78107        1.76481        2        0.594927        -0.352620        0.915849
Te        1.45969        9.35387        5.54823        2        0.016524        0.381083        0.196357
Te        4.30652        0.09579        5.65099        2        -0.135898        -0.113452        -1.089226
Te        1.29055        9.42733        2.00140        2        0.091867        -0.216812        0.651382
Te        4.61128        7.43377        2.07234        2        -1.324260        -0.350112        0.448761
Te        7.24543        1.79480        5.69901        2        -0.220599        1.009989        0.244561
Te        10.61740        3.75806        5.90068        2        -0.751618        -0.050563        0.456886
Te        7.51691        1.80394        2.07444        2        -0.477464        0.015552        0.047759
Te        10.64790        0.09806        2.35982        2        -0.991825        0.286614        0.527213
Te        7.45520        5.51698        5.55411        2        0.040115        -0.388934        -0.014338
Te        10.47447        7.56289        5.95404        2        -0.683084        0.360204        -0.786644
Te        7.61708        5.68905        2.20880        2        -0.135896        -0.983030        0.309310
Te        10.81533        3.79836        2.25008        2        -1.203556        -0.219202        -0.316124
Te        7.18937        9.50746        5.91214        2        0.187927        -0.734550        -0.505972
Te        10.57116        0.10242        5.74234        2        -0.886586        0.170902        0.026764
Te        7.36848        9.57543        2.21390        2        0.095859        -1.061672        -0.897716
Te        10.43227        7.60045        2.40111        2        0.201160        0.112240        -0.593219
Te        13.94038        2.01425        5.64882        2        -0.924582        -1.368261        1.250699
Te        16.81756        3.90052        5.82831        2        -0.250820        -1.002776        -0.113645
Te        13.61207        1.88806        2.22188        2        0.567213        -0.074081        -0.006914
Te        16.52459        11.02357        2.12138        2        0.644045        1.347734        -0.103639
Te        13.68448        5.63352        5.63613        2        -0.129077        -0.473510        0.968971
Te        17.00011        7.48577        5.77879        2        -1.020886        0.790149        -0.361736
Te        13.60075        5.58016        2.41348        2        -0.026352        0.866794        -0.291781
Te        16.80904        3.86868        2.16501        2        -0.230866        -0.788047        -0.546874
Te        13.46483        9.30333        5.74952        2        1.751307        0.711263        1.395244
Te        16.74545        0.03937        5.72772        2        -0.657226        -0.942797        0.186175
Te        13.52145        9.41114        2.21978        2        -0.017343        -1.005561        -0.062485
Te        16.66281        7.54029        2.16399        2        0.309298        -0.054705        0.948347
