54
Lattice="19.940895089 0.000456147 -0.025753600 -0.000245476 10.309403738 0.000007040 0.013560576 0.000001770 30.000000000" Properties=species:S:1:pos:R:3:tags:I:1:forces:R:3 energy=-320.73744879 stress= -10.70863 -4.74157 -1.73393 0.15025 1.12622 -0.14451 pbc="T T T"
Mo        2.27100        10.25709        3.65097        1        -0.611093        0.123593        -0.036563
Mo        4.62659        1.75920        3.79012        1        0.102025        0.136890        0.463931
Mo        2.23514        3.33640        3.80522        1        0.182782        0.040355        -0.726584
Mo        4.72321        5.19364        3.90127        1        -0.451941        0.083195        0.527345
Mo        2.23105        6.83987        3.81700        1        0.220129        -0.014393        -0.489811
Mo        4.61319        8.66493        3.90694        1        0.003370        -1.024583        -0.960005
Mo        8.74965        10.29938        3.74085        1        0.867701        0.851569        -0.617861
Mo        11.27094        1.71278        3.93386        1        0.704805        0.353167        0.679617
Mo        8.91900        3.42055        3.85984        1        -0.217215        0.445552        0.556072
Mo        11.31247        5.11340        4.15649        1        0.104286        0.043982        0.071709
Mo        8.86093        6.96775        3.89880        1        -0.494410        -0.481426        0.140249
Mo        11.33918        8.47486        3.93921        1        -0.118964        0.616369        0.939635
Mo        15.49606        0.05006        3.90025        1        0.772372        -0.747244        0.632625
Mo        17.95439        1.64264        4.03311        1        0.170129        0.462450        0.482684
Mo        15.52201        3.44212        3.97184        1        -0.286137        0.055099        -0.566620
Mo        18.03343        5.18572        4.05229        1        -0.518199        -0.462868        0.836669
Mo        15.57357        6.81430        4.00625        1        -0.545273        0.590370        -0.563930
Mo        17.98892        8.60968        4.04077        1        -0.655137        -0.283734        0.055873
Te        0.66687        1.66211        5.37167        2        -0.145433        -0.191332        -0.145351
Te        4.03255        3.45304        5.87772        2        -0.123433        -0.201875        -0.527332
Te        6.23199        0.11646        2.22521        2        0.147012        -0.417864        0.260015
Te        2.82340        1.62053        1.63962        2        0.222015        0.614335        0.752969
Te        0.69433        5.09416        5.36881        2        -0.323889        0.044147        0.176437
Te        3.94776        6.87908        5.92982        2        0.207261        0.187913        -0.603078
Te        6.48838        3.59474        2.42702        2        -0.556135        -0.412981        -0.191385
Te        2.90114        5.12835        1.84656        2        0.031245        -0.340530        0.007711
Te        0.58587        8.58066        5.15738        2        0.209564        0.236689        1.039056
Te        3.89093        0.02138        5.78155        2        0.117102        0.655345        0.428110
Te        6.33808        6.95255        2.37587        2        0.049843        -0.031680        0.326140
Te        2.92075        8.44262        1.70731        2        0.022126        0.375288        0.601970
Te        7.10394        1.74571        5.23357        2        0.090882        -0.000819        0.155394
Te        10.59685        3.30198        6.07888        2        -0.070021        0.340307        -0.840065
Te        13.04698        10.29679        2.57787        2        -0.440840        0.172601        -0.688090
Te        9.61583        1.81461        1.83219        2        -0.266656        -0.456298        -0.041570
Te        7.07732        5.17903        5.49634        2        0.854804        0.216814        -0.715233
Te        10.53424        6.92228        6.03211        2        0.189254        -0.122482        -0.211354
Te        13.05478        3.52194        2.47720        2        -0.483811        -0.140075        0.550829
Te        9.67417        5.25023        2.02497        2        -0.005597        -0.314088        -0.303946
Te        7.08474        8.74777        5.23977        2        0.140219        -0.495545        0.552540
Te        10.51688        10.30251        5.79328        2        -0.035593        -0.426126        0.496953
Te        13.05065        6.84029        2.57546        2        -0.048460        -0.369231        -0.081781
Te        9.57667        8.56443        1.87572        2        0.061416        0.223778        -0.389264
Te        13.89159        1.69700        5.48121        2        -0.351171        0.161430        -0.226351
Te        17.23722        3.41329        5.99422        2        0.539943        0.036232        0.189304
Te        19.56209        10.30291        2.44376        2        -0.102508        -0.179864        -0.356550
Te        16.19572        1.73294        1.96723        2        0.062209        0.216981        -0.209327
Te        13.84666        5.16726        5.61051        2        0.264529        -0.189536        -0.489216
Te        17.21535        6.90821        6.10645        2        0.741003        -0.283918        -0.526660
Te        19.61293        3.30480        2.47489        2        -0.110276        0.542111        0.025032
Te        16.23693        5.19099        2.00840        2        0.146430        -0.444811        -0.044096
Te        13.90307        8.60280        5.43825        2        -0.374712        -0.126255        0.076496
Te        17.30779        10.29196        6.06643        2        -0.218409        0.063142        -0.538010
Te        19.57565        6.83141        2.54836        2        0.259591        0.022320        -0.641510
Te        16.19593        8.52984        1.93843        2        0.071468        0.262562        0.697379
