54
Lattice="19.940895089 0.000456147 -0.025753600 -0.000245476 10.309403738 0.000007040 0.013560576 0.000001770 30.000000000" Properties=species:S:1:pos:R:3:tags:I:1:forces:R:3 energy=-312.55172199 stress= -7.59180 1.22321 -2.50005 0.00834 -1.75618 0.95467 pbc="T T T"
Mo        2.01529        0.27918        3.90709        1        1.619774        -0.624611        -0.176357
Mo        4.60287        1.78818        4.21776        1        -0.254934        -1.869908        -0.861950
Mo        2.36556        3.39836        3.92852        1        -0.376490        0.595007        -0.315144
Mo        4.72096        4.87554        4.16938        1        -0.046651        2.295744        0.308113
Mo        2.07917        6.63657        3.95502        1        2.123911        0.977765        -0.749779
Mo        4.51456        8.52410        4.06302        1        -0.252516        0.561949        -1.130479
Mo        8.85685        9.96287        4.06610        1        -1.374369        1.584218        -0.822810
Mo        11.30016        1.12227        4.13560        1        -0.457532        -0.252634        -0.241151
Mo        8.98383        3.03952        4.14393        1        -0.427366        -1.551821        -0.537803
Mo        11.53039        5.23131        3.75249        1        -0.923795        0.978066        0.610040
Mo        8.68097        7.11189        3.77678        1        -0.006335        -2.666932        0.978122
Mo        11.27256        8.21924        3.80209        1        0.021082        1.238819        0.064763
Mo        15.56228        0.19482        3.49660        1        -0.084513        1.249647        1.952558
Mo        18.02360        2.23412        3.83885        1        -0.650054        -0.485357        0.326535
Mo        15.59333        3.52088        3.86067        1        -0.333662        0.236923        1.034993
Mo        18.04667        5.17337        3.99502        1        -0.565511        -0.058304        -0.052055
Mo        15.76188        7.08289        3.49532        1        -0.669564        0.019710        1.433507
Mo        18.04996        8.87272        3.48200        1        -1.151031        -0.044643        2.488401
Te        0.39761        2.18961        5.47581        2        0.553387        -1.254918        -0.258737
Te        4.10303        3.40175        6.17723        2        -0.864780        -0.291786        1.271888
Te        6.27386        0.10937        2.66400        2        -0.407505        -0.722321        0.316271
Te        3.02849        1.78619        1.79312        2        0.147554        -0.398922        1.620614
Te        0.55551        5.26713        5.60749        2        -0.158373        -0.485554        -0.154684
Te        4.00048        6.85870        6.00137        2        -0.783620        -0.993266        0.076392
Te        6.38877        3.36729        2.82385        2        0.539823        -0.879350        -0.701145
Te        3.32668        5.05909        1.96114        2        -1.272970        0.298382        0.219994
Te        0.29732        8.73657        5.28332        2        1.127188        0.584213        -0.684701
Te        4.00392        10.17719        6.09542        2        -0.745703        0.853087        -0.578476
Te        6.07185        6.69191        2.52449        2        0.677296        0.794660        -0.169549
Te        2.85416        8.44888        1.84457        2        -0.141050        0.654451        1.742321
Te        7.57159        1.49159        5.84054        2        -0.869134        -0.102375        -0.169626
Te        11.06215        3.26797        5.61794        2        0.435822        0.450266        1.827211
Te        12.60684        0.05026        2.19897        2        0.829735        -0.981266        -0.078168
Te        9.25265        1.44909        2.03999        2        1.276583        -0.073145        0.706476
Te        7.44206        5.01423        5.33327        2        -0.400540        0.414414        0.374771
Te        10.37038        6.49885        5.74567        2        0.342508        0.703020        0.553961
Te        13.04235        3.32884        2.66695        2        -0.223485        -0.686257        -0.452257
Te        9.43263        4.72401        2.19529        2        0.153712        1.794349        -1.423281
Te        7.02629        8.30447        5.41343        2        -0.239979        0.817768        0.699297
Te        10.31214        9.79446        6.22685        2        1.406148        0.325927        -0.824352
Te        13.01872        6.81525        2.07436        2        -0.107522        0.276042        0.420032
Te        9.04234        8.59196        1.77479        2        1.687457        -0.152847        -1.113717
Te        14.15061        1.77147        5.50215        2        -0.279453        -0.481241        -0.631863
Te        17.04843        3.84313        6.12796        2        0.481121        -0.789288        -1.077278
Te        19.73246        0.25047        2.14557        2        -0.269085        0.347766        0.497721
Te        16.24424        2.12883        1.71515        2        0.454168        -1.653514        -0.038945
Te        13.90694        5.44328        5.47221        2        0.376226        0.192816        -0.931815
Te        17.40876        7.16456        5.70277        2        -0.479928        0.427859        -0.816372
Te        0.02235        3.70424        2.29340        2        -0.882767        -0.666121        0.614604
Te        16.33751        5.14164        1.82750        2        0.306279        0.998304        -0.371061
Te        13.89528        8.52492        5.28432        2        -0.145385        -0.201489        -0.962398
Te        17.19630        0.44462        5.69671        2        0.446835        -1.049460        -1.179466
Te        19.66522        6.79218        2.54298        2        0.308819        0.769078        -0.921065
Te        16.02532        8.90915        1.59887        2        0.521990        -1.056430        -1.703265
