54
Lattice="20.641237959 0.000008540 -0.000615361 -0.000005198 11.916711949 0.000045896 0.042448411 0.000094922 30.000000000" Properties=species:S:1:pos:R:3:tags:I:1:forces:R:3 energy=-305.49841486 stress= -22.63593 -23.10254 0.84046 1.60589 0.75126 0.01691 pbc="T T T"
Mo        2.60122        11.78047        3.98166        1        0.255931        -0.017631        -0.076881
Mo        6.15094        1.83017        4.24780        1        -0.006021        -0.121853        -0.008575
Mo        2.67662        3.93161        4.28301        1        -0.119672        -0.225412        -0.786855
Mo        6.07325        5.82413        4.26720        1        0.159807        0.189071        -1.106929
Mo        2.69716        7.80155        3.64484        1        -0.535705        0.661175        0.472376
Mo        6.13049        9.91484        4.10964        1        0.486670        -1.746536        0.419813
Mo        9.52749        11.78948        4.02014        1        0.242978        0.038165        -0.157186
Mo        12.94842        1.92496        3.90549        1        -0.701370        0.776450        -0.515905
Mo        9.53466        3.77746        3.87622        1        0.432103        1.195815        1.451158
Mo        12.96731        6.12158        3.87674        1        -0.326059        -0.043437        0.299859
Mo        9.51484        8.04233        4.10292        1        1.186826        -0.733516        -0.587952
Mo        13.15569        10.17458        4.05314        1        -1.211148        -0.198922        -1.368735
Mo        16.32652        0.13896        3.64861        1        0.239263        0.121862        -0.028572
Mo        19.49990        2.03646        3.48582        1        0.522113        -0.016582        0.913116
Mo        16.25016        4.15941        3.81245        1        -0.692077        -0.259002        -0.235757
Mo        19.59094        6.07161        3.89659        1        0.709788        -0.608295        -0.732149
Mo        16.46708        7.97239        3.92631        1        -0.494691        1.027513        -0.313727
Mo        19.66646        10.01921        3.64009        1        0.517388        -1.094628        0.449491
Te        1.17261        1.82227        5.40672        2        -0.004311        0.243024        0.509599
Te        5.09093        3.94011        5.89389        2        -0.762196        -0.687542        0.302198
Te        1.47663        2.05201        2.37032        2        0.146761        -0.052976        -0.431977
Te        5.12997        11.78563        2.54537        2        -0.761816        0.677521        -0.841288
Te        1.29327        6.04026        5.47737        2        0.359136        -0.080886        0.455036
Te        4.81364        7.86081        5.61607        2        -0.192325        0.209703        0.035629
Te        1.50256        5.77488        2.30416        2        -0.114671        -0.184551        -0.026488
Te        5.00108        3.74978        2.59514        2        -0.194290        0.188019        0.028822
Te        1.25505        9.76560        5.33309        2        0.466473        0.140627        0.171742
Te        4.79795        11.61419        5.84286        2        0.069325        0.632721        -0.239992
Te        1.55174        9.94644        2.05663        2        0.016258        -0.153941        0.367245
Te        5.12664        7.52732        2.29846        2        -0.321674        0.910735        0.245469
Te        8.53673        1.79017        5.75541        2        -0.182764        0.293066        -0.010491
Te        11.88820        3.86197        5.67408        2        -0.243548        0.357066        -0.820733
Te        8.34063        1.94368        2.42253        2        -0.466652        -0.918612        -0.440608
Te        11.66909        0.09257        2.12001        2        0.460818        -0.330890        1.144791
Te        8.37128        5.91198        5.63345        2        0.877056        -0.277815        0.813613
Te        12.29512        8.11320        5.79549        2        -0.866630        -0.071032        -0.833828
Te        8.37675        6.02012        2.52116        2        -0.091293        -0.517781        -0.541109
Te        11.76518        3.97382        2.27163        2        0.230787        0.083412        0.093016
Te        8.57346        9.72228        5.82442        2        -0.898631        1.327256        0.319599
Te        11.82045        0.09010        5.70319        2        0.162606        -0.204064        -0.451244
Te        8.30299        9.79087        2.36309        2        0.158014        0.420922        0.052856
Te        11.73346        8.37389        2.31496        2        0.406757        -0.758823        0.797716
Te        15.15467        2.05759        5.44047        2        0.713867        -0.041903        0.393625
Te        18.41927        3.98781        5.37099        2        0.688055        -0.124504        0.530507
Te        15.18525        2.24240        2.14286        2        -0.378786        -0.599123        -0.358421
Te        18.60597        11.83646        1.93280        2        -0.406977        0.732334        -0.488737
Te        15.18300        5.97642        5.51079        2        0.102045        0.513786        0.679413
Te        18.70924        8.01497        5.49602        2        -0.207352        0.616665        0.539381
Te        15.16272        6.27951        2.23761        2        -0.182782        -0.634202        -0.747888
Te        18.40457        4.25973        2.12645        2        0.402089        -0.426218        -0.654412
Te        15.37422        10.21517        5.51064        2        0.598573        -0.453870        0.432222
Te        18.49531        0.02689        5.26785        2        0.463081        0.493570        0.357818
Te        15.37896        10.01275        2.12804        2        -0.636069        -0.306766        0.316850
Te        18.58712        7.95120        2.06833        2        -0.049556        0.057246        0.195919
