54
Lattice="20.324373841 0.000456147 -0.025753600 -0.000245476 10.927967962 0.000007040 0.013560576 0.000001770 30.000000000" Properties=species:S:1:pos:R:3:tags:I:1:forces:R:3 energy=-313.68041022 stress= -14.30898 -10.56138 -2.97555 -3.16764 1.14345 2.15004 pbc="T T T"
Mo        2.06290        10.59679        3.72252        1        1.141967        0.345892        -0.639688
Mo        4.74482        2.22167        4.06301        1        -0.611120        0.206843        -0.002620
Mo        2.31422        4.00131        3.74679        1        0.638009        0.088124        1.072914
Mo        4.78051        5.82882        4.20264        1        -0.608737        -1.706697        -0.693677
Mo        2.25427        7.57495        3.65993        1        -0.087607        -0.153892        1.134510
Mo        4.64759        8.94300        3.68613        1        0.094116        0.013342        1.822111
Mo        8.95416        0.17020        3.93651        1        -0.603909        -0.375177        0.968683
Mo        11.68791        1.84686        4.21325        1        -0.868999        -0.439017        0.321570
Mo        9.11610        3.85062        3.90760        1        0.484316        -0.545100        -0.209422
Mo        11.65616        5.54194        4.05913        1        -1.098549        -0.434720        -0.464120
Mo        9.10479        7.25952        3.85326        1        -0.478263        -0.152459        -0.403184
Mo        11.44846        8.85381        4.08113        1        -0.369714        0.070398        -0.376925
Mo        15.76961        10.60326        3.84577        1        -0.440549        -0.624350        0.118571
Mo        18.40451        1.60144        3.85252        1        -0.859925        -0.473430        0.429444
Mo        16.04581        3.55040        3.70456        1        -0.068367        -0.088647        0.591579
Mo        18.38786        5.67660        3.85988        1        -0.069112        -0.701790        0.813086
Mo        16.00603        7.22911        3.73299        1        -0.779496        -0.500544        -1.104646
Mo        18.17257        8.82584        3.97627        1        0.749051        2.006441        -0.976413
Te        0.76090        1.83161        5.07904        2        -0.025520        -0.304401        -0.415851
Te        3.75941        4.03311        6.06417        2        0.475877        -0.683306        -0.954474
Te        6.16233        0.10253        2.64919        2        0.254681        0.675927        0.000756
Te        2.91914        1.87835        1.99323        2        0.083770        0.064115        0.856203
Te        0.52753        5.52695        5.23395        2        0.648471        0.780853        0.091087
Te        3.98160        7.54870        5.94334        2        -0.752085        0.529059        -0.237580
Te        6.58950        3.75841        2.94977        2        -0.608796        0.435553        -0.778682
Te        3.19293        5.73272        1.92385        2        0.117411        -0.384145        -0.096241
Te        0.55396        9.28690        5.50831        2        -0.068546        -0.915540        -0.873842
Te        3.97974        0.14590        5.76204        2        -0.190918        -0.429888        -1.098330
Te        6.47135        7.00031        2.45669        2        0.199145        0.961808        -0.579606
Te        3.17788        9.12466        1.55917        2        -1.234230        0.393115        0.399799
Te        7.48402        2.05972        5.44314        2        -0.174401        -0.300401        -0.166835
Te        10.78268        3.73022        5.97091        2        0.354011        -0.056645        0.462886
Te        12.89436        10.70976        2.66040        2        0.820109        0.394845        0.249687
Te        10.05087        1.60094        2.10173        2        -0.067937        1.947653        -0.393065
Te        7.46485        5.69079        5.51760        2        0.108063        -0.031488        -0.071429
Te        10.69182        7.16595        5.99958        2        0.299482        -0.068605        0.432403
Te        13.26576        3.44252        2.85444        2        0.519528        0.652751        -0.408848
Te        9.81154        5.58897        1.83465        2        0.437500        -0.366225        1.153211
Te        7.04885        9.19893        4.95532        2        1.220847        -0.241136        0.430574
Te        10.50996        10.86990        6.04423        2        0.987362        -0.115418        -0.526345
Te        13.21209        7.18957        2.56561        2        -0.197833        0.241507        -0.372069
Te        9.53418        9.27918        2.05554        2        0.509489        -0.884164        -0.112816
Te        14.42690        1.54522        5.47015        2        -0.564069        0.556405        -0.519226
Te        17.79343        3.57262        5.82212        2        -0.167620        0.188177        -1.330595
Te        19.78533        10.75800        2.21933        2        0.272733        -0.086527        0.814362
Te        16.38551        1.42324        2.00101        2        0.519044        1.296677        -0.571932
Te        14.32969        5.51219        5.13014        2        0.090481        -0.933060        0.468724
Te        17.60898        7.19742        5.88869        2        -0.276947        -0.346764        1.109607
Te        20.06936        3.70543        2.71529        2        -0.789126        -0.410413        -0.576916
Te        16.88310        5.22705        1.69275        2        -0.908928        0.374200        0.689864
Te        14.06202        8.75441        5.28277        2        0.414334        0.706173        0.178978
Te        17.42503        10.91705        5.85756        2        1.031124        -0.621223        -0.286812
Te        19.92666        7.25965        2.30026        2        0.260544        0.713031        0.042479
Te        16.43721        9.00298        1.74377        2        0.224008        -0.301908        0.588172
