54
Lattice="19.173937585 0.000456147 -0.025753600 -0.000245476 10.721779888 0.000007040 0.013560576 0.000001770 30.000000000" Properties=species:S:1:pos:R:3:tags:I:1:forces:R:3 energy=-318.64609567 stress= -2.83015 -5.45549 1.03691 0.75513 -0.86650 -0.40198 pbc="T T T"
Mo        2.16816        0.09529        3.83415        1        1.422482        -0.982797        -0.596098
Mo        4.46616        1.98996        3.81096        1        1.133268        -0.161506        0.552597
Mo        2.18239        3.60215        3.62675        1        -1.040165        0.134312        0.758712
Mo        4.34204        5.47623        3.76956        1        0.756155        -0.585668        0.300006
Mo        2.10779        7.29784        3.71534        1        0.294368        -2.243463        0.107841
Mo        4.40888        8.71638        4.00632        1        0.972244        2.611784        -1.907118
Mo        8.38073        0.03847        3.94281        1        1.914227        -0.493638        -0.829059
Mo        10.74015        1.69559        4.13549        1        0.770003        -0.427477        0.545307
Mo        8.66481        3.76368        3.86097        1        -1.151179        0.503439        -0.915886
Mo        10.95512        5.42334        4.04129        1        -0.515181        -0.438466        -0.143480
Mo        8.48638        7.25954        3.70722        1        0.541775        -0.668131        -0.151625
Mo        10.81210        8.82887        4.08940        1        0.166739        0.184198        -0.454666
Mo        14.97366        10.61593        4.01170        1        -1.330849        0.522420        -1.408839
Mo        17.27289        1.67659        4.06307        1        -0.084345        0.072473        -0.879972
Mo        14.92139        3.45689        3.76394        1        -0.149197        0.409161        0.317046
Mo        17.28302        5.34362        4.04859        1        0.283677        -0.015992        0.559233
Mo        15.01337        7.07167        3.97052        1        0.178281        0.022203        0.363943
Mo        17.29517        8.95008        4.30619        1        -0.070406        -0.792250        -1.663850
Te        0.76749        1.74020        5.37525        2        -0.986487        0.623071        0.401700
Te        3.73309        3.64043        5.77226        2        0.652141        0.324518        0.062933
Te        6.21321        0.18888        2.43753        2        -1.349205        -0.461176        -0.393705
Te        2.71531        1.76819        1.79942        2        0.209194        -0.160790        -0.811761
Te        0.65054        5.25839        5.53653        2        -0.289831        0.088539        -1.333732
Te        3.82665        7.13276        5.85813        2        -0.574797        -0.972280        0.964011
Te        6.17584        3.64097        2.22533        2        -0.341218        0.504396        0.721623
Te        2.53974        5.34078        1.64028        2        0.404405        0.657929        0.615825
Te        0.80284        8.83426        5.39957        2        -1.053671        1.018094        0.815282
Te        4.14384        0.11094        5.74964        2        -0.683806        -0.065203        0.185961
Te        5.86936        7.26065        2.14331        2        0.522574        -0.049195        0.598234
Te        2.86241        8.97434        1.83221        2        -0.256366        0.400244        -0.208287
Te        7.04807        1.99130        5.35019        2        -0.772268        0.219451        0.087579
Te        10.22332        3.50099        6.00712        2        0.113449        0.630270        0.249936
Te        12.29662        0.04619        2.56064        2        0.587440        -0.463683        0.164793
Te        9.12063        1.85595        2.05483        2        0.262281        -0.076814        -0.834266
Te        6.86087        5.65492        5.25868        2        0.083933        -0.959508        -0.369882
Te        10.07111        7.02198        5.96075        2        -0.078393        0.301569        0.121495
Te        12.41041        3.53031        2.45854        2        -0.130728        -0.164581        0.421159
Te        9.40735        5.40354        1.79389        2        -0.386313        0.300751        0.755915
Te        6.90086        9.07166        5.36199        2        -0.217517        -1.211257        0.198503
Te        10.04153        10.44307        6.06551        2        0.335065        1.056248        0.046093
Te        12.51366        7.18483        2.51684        2        -0.060549        -0.234815        0.132773
Te        9.33319        8.98233        1.85158        2        -0.496908        0.558634        0.371139
Te        13.27984        1.70947        5.48587        2        0.254455        0.078304        -0.404305
Te        16.52205        3.43438        5.85605        2        0.363264        0.854418        0.999167
Te        18.92096        0.01334        2.56489        2        -0.753855        -0.634433        -0.027792
Te        15.41458        1.57600        1.96670        2        0.672685        0.248605        -0.282570
Te        13.41200        5.23014        5.41271        2        -0.075504        0.162215        -0.094027
Te        16.73085        7.09411        6.20200        2        -0.171275        -0.300748        -0.915957
Te        18.78458        3.37521        2.40646        2        -0.233774        0.941780        0.210285
Te        15.56614        5.46196        1.95414        2        0.114485        -1.067433        -0.285533
Te        13.39274        8.80521        5.30971        2        -0.769339        0.174480        1.180334
Te        16.56756        0.05034        6.02887        2        0.681853        -0.059558        2.084784
Te        18.77390        7.23663        2.50912        2        -0.251325        -0.146496        0.102071
Te        15.56996        8.86973        2.09249        2        0.567240        0.229613        -0.117083
