54
Lattice="22.299908866 0.000008540 -0.000615361 -0.000005198 10.639921383 0.000045896 0.042448411 0.000094922 30.000000000" Properties=species:S:1:pos:R:3:tags:I:1:forces:R:3 energy=-306.75905605 stress= -30.03611 -9.61598 0.72047 0.03338 0.84823 0.14520 pbc="T T T"
Mo        2.69468        0.04400        4.09647        1        0.720750        -0.047416        -0.239100
Mo        6.69365        1.81764        3.66378        1        -0.191698        -0.426856        0.759981
Mo        2.92994        3.53779        4.04508        1        -0.266384        -0.084631        -0.410018
Mo        6.27336        5.28604        3.80571        1        0.786949        0.140415        0.419087
Mo        2.66038        7.23744        4.04890        1        1.093388        -0.146301        -0.062892
Mo        6.42627        8.72146        3.78124        1        0.386955        0.915366        0.440349
Mo        10.42913        10.58950        3.84144        1        -0.172819        0.107685        0.352587
Mo        14.25225        1.77934        3.76000        1        -0.305070        -0.081873        0.731421
Mo        10.45585        3.47534        3.75034        1        -0.523482        0.560782        0.501150
Mo        14.01162        5.32588        3.91226        1        -0.237003        -0.111221        -0.031897
Mo        10.10669        7.10122        3.89817        1        0.442818        -0.312239        -0.478258
Mo        13.89645        8.81077        3.98036        1        0.041853        0.440446        -0.565255
Mo        17.81185        10.54412        3.95488        1        -0.025999        0.206669        0.350647
Mo        21.72324        1.71123        3.94513        1        -0.930452        0.203125        -0.166071
Mo        17.91587        3.67371        4.07546        1        0.104252        -0.047517        -0.123400
Mo        21.56570        5.42480        4.06223        1        0.051976        -0.184630        -0.741945
Mo        17.51737        7.07139        4.03339        1        0.465820        -0.554086        0.770508
Mo        21.29927        8.83900        3.99161        1        0.311706        0.557705        0.123479
Te        1.52998        1.85168        5.76116        2        0.525719        0.033358        0.138196
Te        5.36390        3.42119        5.62450        2        0.059636        0.079422        -0.563637
Te        1.63268        1.66860        2.26032        2        0.323319        0.868181        0.059360
Te        5.16799        10.59995        2.21412        2        0.080378        0.244712        0.052350
Te        1.75778        5.41976        5.73405        2        -0.706831        -0.496808        0.306072
Te        5.15428        7.00470        5.61137        2        -0.068619        0.480666        -0.079172
Te        1.73722        5.38357        2.29051        2        -0.579306        -0.267228        0.311058
Te        5.17416        3.51462        2.16397        2        -0.176187        -0.235016        -0.446371
Te        1.39989        9.01887        5.77063        2        -0.316392        -0.543678        -0.055019
Te        5.36218        0.00267        5.49675        2        -0.018709        -0.005398        -0.332287
Te        1.38499        8.92681        2.35904        2        -0.179462        0.045996        0.066635
Te        4.91407        7.16306        2.24127        2        0.033153        -0.612972        -0.436603
Te        9.31548        1.76859        5.53228        2        -0.351760        0.065394        -0.264034
Te        12.78264        3.42394        5.48191        2        0.208384        0.221359        -0.008897
Te        9.37545        1.63811        2.01992        2        -0.620346        0.682973        0.050472
Te        12.79314        0.08765        2.20962        2        0.358874        -0.725545        -0.141981
Te        8.76092        5.29375        5.50081        2        0.355811        -0.304092        -0.407104
Te        12.51017        7.03653        5.55168        2        -0.014003        -0.149339        0.235977
Te        8.78727        5.38894        2.20390        2        0.094641        -0.554829        -0.005510
Te        12.91987        3.58174        2.12544        2        -0.032147        -0.107337        -0.166125
Te        8.88882        8.89057        5.40759        2        -0.183508        0.230386        0.979235
Te        12.75159        10.62741        5.60057        2        0.240328        0.367167        -0.195700
Te        8.92440        8.93158        2.14756        2        -0.012520        -0.536419        -0.089156
Te        12.58594        7.08572        2.25214        2        0.037818        0.012830        -0.046414
Te        16.69193        1.84229        5.59424        2        -0.363799        -0.463326        0.387965
Te        20.46542        3.54482        5.63766        2        -0.318181        -0.069884        0.618992
Te        16.82356        1.82864        2.31216        2        -0.400667        -0.091316        -0.407314
Te        20.33612        0.04087        2.16471        2        -0.278232        -0.318580        0.405756
Te        16.30281        5.34175        5.75837        2        0.175504        -0.266336        -0.309460
Te        19.88669        6.99136        5.63766        2        0.458682        0.546520        0.302679
Te        16.43559        5.26794        2.30397        2        0.058662        0.025214        0.072723
Te        20.43422        3.57604        2.38287        2        -0.134484        0.274120        -0.438663
Te        16.18593        8.89374        5.74410        2        0.558519        0.028418        -0.501970
Te        20.17368        0.04883        5.58986        2        -0.066994        -0.212748        0.429817
Te        16.31220        8.69584        2.39823        2        -0.335384        1.192590        -0.870282
Te        19.97902        7.14417        2.38691        2        -0.046027        -0.604307        -0.271397
