54
Lattice="19.166863819 0.000008540 -0.000615361 -0.000005198 11.065518238 0.000045896 0.042448411 0.000094922 30.000000000" Properties=species:S:1:pos:R:3:tags:I:1:forces:R:3 energy=-319.98954276 stress= -12.39392 -12.64642 -4.37281 0.77017 -0.33359 0.14928 pbc="T T T"
Mo        2.43913        11.03053        3.83135        1        -0.376295        -0.261148        0.136393
Mo        5.45620        1.77802        3.87369        1        0.488496        0.408906        0.244073
Mo        2.33973        3.61098        3.83625        1        0.331806        0.156672        0.216600
Mo        5.62329        5.48336        4.00243        1        0.352068        0.415290        0.011578
Mo        2.47840        7.27384        3.95776        1        -0.533025        0.524112        -0.044636
Mo        5.64991        9.30172        3.90423        1        -0.164126        -0.135532        -0.264134
Mo        8.77863        0.15042        3.93813        1        0.662555        -0.995323        -0.592655
Mo        12.07467        1.71125        3.95134        1        0.322271        0.609038        -0.213897
Mo        8.74543        3.64353        3.94272        1        0.376688        0.742768        0.275704
Mo        11.96841        5.39982        4.06815        1        0.165668        0.017978        -0.905577
Mo        8.89354        7.48980        3.93781        1        -0.414783        -0.809504        0.418166
Mo        12.09577        9.12763        3.93545        1        -0.727890        0.666176        0.404450
Mo        15.18574        0.01293        3.98694        1        0.503621        -0.177735        -0.394383
Mo        18.43841        1.89017        3.84570        1        0.299561        0.484371        0.317146
Mo        15.34847        3.61745        3.76685        1        -1.114196        0.259686        0.407093
Mo        18.40008        5.74016        3.97741        1        0.885755        -0.027744        -0.009247
Mo        15.17437        7.36287        4.01066        1        -0.166015        0.251087        -0.748982
Mo        18.27845        9.31081        3.98136        1        0.466196        -0.071838        0.193400
Te        1.32902        1.71657        5.62858        2        0.239634        0.473685        -0.262588
Te        4.40179        3.66928        5.69854        2        0.274877        -0.220804        -0.537068
Te        1.32493        1.78539        1.99718        2        0.205685        0.024553        0.555581
Te        4.47733        11.03496        2.00460        2        0.301344        -0.201456        0.614164
Te        1.35787        5.45019        5.72176        2        0.127514        0.201710        -0.392320
Te        4.56575        7.51577        5.69525        2        0.336643        -0.696730        -0.024284
Te        1.41107        5.55244        2.11404        2        -0.252445        -0.028394        0.417888
Te        4.60437        3.64049        2.10086        2        -0.660639        0.464195        0.533396
Te        1.32468        9.24173        5.69444        2        0.180326        -0.291690        -0.608888
Te        4.51818        0.01635        5.71141        2        -0.221069        -0.323787        -0.437560
Te        1.23064        9.05486        2.20073        2        0.522644        0.510197        0.383018
Te        4.64058        7.28520        2.19595        2        -0.203917        0.427114        0.296535
Te        7.58397        1.82066        5.64774        2        -0.083152        0.443005        0.372008
Te        10.85088        3.49984        5.78436        2        0.286150        0.172418        -0.570037
Te        7.61991        1.97903        2.16599        2        0.186212        -0.606012        -0.207637
Te        10.98600        10.92676        2.14596        2        -0.143012        0.487039        0.542940
Te        7.88708        5.57691        5.75657        2        -0.570693        -0.049268        -0.638916
Te        11.12389        7.40783        5.75098        2        -0.794066        -0.521889        0.076876
Te        7.76103        5.66148        2.19128        2        -0.020660        -0.551272        0.521119
Te        10.96494        3.53872        2.24995        2        -0.221784        0.249967        0.131567
Te        7.88127        9.22464        5.64253        2        -0.780099        0.921292        0.458919
Te        10.95515        0.01459        5.71229        2        -0.002186        -0.549017        -0.299318
Te        7.79363        9.38303        2.14385        2        -0.042722        -0.304794        0.276577
Te        10.88094        7.25026        2.26252        2        1.252552        0.074299        -0.573096
Te        14.26936        1.90594        5.69871        2        -0.397615        -0.260793        -0.375019
Te        17.39159        3.77980        5.57859        2        0.043995        -0.238547        0.358912
Te        14.20640        1.73626        2.04525        2        -0.227846        0.262994        0.758923
Te        17.35316        0.14174        2.15120        2        -0.594292        -0.753532        0.167849
Te        14.18855        5.28474        5.64607        2        0.093128        0.615520        -0.080695
Te        17.22372        7.45191        5.79539        2        0.361512        0.140365        -0.175295
Te        14.12133        5.54708        2.13918        2        -0.124224        -0.209367        0.748541
Te        17.52038        3.95763        2.20002        2        -0.310603        -0.888539        -0.855524
Te        14.14093        9.17907        5.82561        2        0.110006        0.257303        -0.726042
Te        17.37101        0.15579        5.73133        2        -0.361051        -0.196651        -0.279495
Te        14.08313        9.27969        2.16081        2        0.790455        -0.577289        0.380870
Te        17.32319        7.53968        2.20484        2        -0.671563        -0.309302        0.003828
