54
Lattice="18.429676749 0.000008540 -0.000615361 -0.000005198 11.703913521 0.000045896 0.042448411 0.000094922 30.000000000" Properties=species:S:1:pos:R:3:tags:I:1:forces:R:3 energy=-314.10527540 stress= -4.41127 -16.27549 2.11732 2.14012 -0.20303 -0.61902 pbc="T T T"
Mo        2.20205        0.23134        3.69945        1        0.226652        -1.518633        -0.763689
Mo        5.37332        2.04408        3.84125        1        0.069792        -1.136113        -1.152982
Mo        2.33646        3.81476        3.84074        1        -2.321537        -0.567936        -1.117859
Mo        5.51403        5.94585        3.93990        1        -2.178798        -1.127762        -1.361519
Mo        2.21476        7.79207        3.66397        1        0.031617        -0.202238        -2.032973
Mo        5.43980        9.80397        3.69539        1        -0.180450        -0.387655        0.638854
Mo        8.58244        0.02254        4.00151        1        -1.037646        -0.443402        1.174107
Mo        11.50131        1.73579        4.32867        1        1.194244        1.551484        1.172941
Mo        8.47675        3.56456        4.06628        1        -0.128832        1.031277        -0.685988
Mo        11.84193        5.71864        4.03235        1        -2.022189        1.293662        -0.593302
Mo        8.62116        7.85180        3.93484        1        -1.984464        -1.338461        -0.594753
Mo        11.49175        9.67780        4.20585        1        -0.118063        -0.019039        -0.131625
Mo        14.65213        0.26801        4.24257        1        -0.532249        -1.025621        1.242946
Mo        17.70806        2.03254        4.00083        1        -0.040125        0.178834        -0.039885
Mo        14.52420        4.04320        4.04056        1        -0.313677        -0.008242        0.893080
Mo        17.37563        5.91107        3.66100        1        1.674831        -0.542412        1.069221
Mo        14.72624        7.80456        3.91590        1        0.347710        0.281393        0.292070
Mo        17.53486        9.90853        3.76778        1        1.248643        -0.593504        -0.612412
Te        1.42970        1.91401        5.59940        2        -0.262958        0.504773        0.849763
Te        4.28208        3.78492        5.54953        2        1.243713        1.322428        1.155227
Te        1.09882        1.97538        1.93058        2        0.359057        0.563867        0.614448
Te        4.33760        0.10630        2.07145        2        0.553376        0.171837        -0.632126
Te        1.21971        5.85207        5.27682        2        -0.288279        -0.195281        0.874220
Te        4.12713        7.93302        5.44112        2        1.634969        -0.229059        0.736942
Te        1.09181        5.56614        1.99839        2        0.461283        0.856094        0.002012
Te        4.18304        3.92632        2.05391        2        1.964302        0.342821        -0.175371
Te        1.40216        9.78543        5.22631        2        -0.567090        0.652060        1.288797
Te        4.36403        11.64362        5.34573        2        -0.138748        0.573622        1.040862
Te        1.24615        9.86912        1.92193        2        -0.256707        0.086383        0.330891
Te        4.48374        7.83997        2.04783        2        -0.074525        -0.390948        -0.084382
Te        7.24572        1.73758        5.74122        2        0.805329        0.444122        0.215072
Te        10.60199        3.82051        5.91358        2        -0.345773        0.074973        -0.353476
Te        7.53653        1.79019        2.13059        2        0.071544        0.410834        0.344058
Te        10.74540        0.05419        2.51919        2        -0.153841        -1.066511        -1.526892
Te        7.56788        5.67621        5.55301        2        0.134701        0.623434        0.743957
Te        10.45858        7.53362        5.73876        2        1.148562        0.371660        0.485759
Te        7.48488        5.55032        2.07652        2        0.603311        0.481681        1.170262
Te        10.70198        3.76911        2.50346        2        -0.279316        -0.551927        -0.288866
Te        7.48132        9.71873        5.68131        2        -0.300249        0.058521        -0.683064
Te        10.47218        11.43918        6.06148        2        -0.010550        0.585455        -0.543291
Te        7.68855        9.84163        2.22778        2        0.009262        -0.066209        -0.505618
Te        10.56432        7.88733        2.18057        2        1.089095        -0.500010        0.495705
Te        13.60760        2.16847        6.16062        2        0.086333        -0.478023        -1.279507
Te        16.57923        3.86527        5.69058        2        0.800189        0.815018        0.106496
Te        13.53765        2.07766        2.55673        2        -0.222520        -0.718015        -0.747589
Te        16.50869        0.30981        2.39821        2        -0.095923        -0.599260        -1.637525
Te        13.71157        6.18153        5.80825        2        0.682735        -1.103751        0.377477
Te        16.98787        7.90287        5.48606        2        -1.359309        -0.182357        0.625693
Te        13.78228        5.87019        2.09031        2        -0.559653        0.267063        0.724353
Te        16.45971        3.91378        2.13757        2        0.168315        -0.743733        0.044213
Te        13.66102        9.72016        5.90251        2        0.349586        0.105388        -0.673303
Te        16.92526        11.62611        5.79449        2        -0.659152        0.857443        -0.060280
Te        13.61049        9.80091        2.53650        2        0.185986        0.936716        -0.575348
Te        16.72295        7.92526        1.94492        2        -0.795254        0.260944        0.157731
