54
Lattice="19.173937585 0.000456147 -0.025753600 -0.000245476 10.515591813 0.000007040 0.013560576 0.000001770 30.000000000" Properties=species:S:1:pos:R:3:tags:I:1:forces:R:3 energy=-320.53435929 stress= -2.69182 -2.97679 -2.24386 1.56911 -0.15336 -0.34105 pbc="T T T"
Mo        2.18113        10.50548        3.92130        1        -0.191047        -0.496069        -0.735009
Mo        4.48532        1.97007        3.90303        1        0.017320        -0.818090        0.763849
Mo        2.15905        3.41645        3.77531        1        -0.586133        -0.351255        -0.681943
Mo        4.52485        5.37631        4.03445        1        -1.023325        -0.765970        -0.631951
Mo        2.23110        6.88946        3.88185        1        -1.076408        0.602483        -0.718266
Mo        4.56587        8.73347        4.14153        1        -1.211875        -0.129869        0.025037
Mo        8.54435        0.00944        3.89226        1        0.222246        -0.146579        -0.626236
Mo        10.90071        1.60912        4.02358        1        -0.105286        0.139950        -1.465847
Mo        8.60337        3.39394        3.68392        1        0.061202        0.964830        -0.430941
Mo        10.88718        5.31115        3.95910        1        -0.326820        0.050913        0.261871
Mo        8.60524        7.00391        3.77217        1        -0.644285        0.111124        0.636871
Mo        10.82685        8.68704        4.17914        1        0.506657        -0.287467        -0.465244
Mo        15.00226        10.42257        3.86487        1        -0.750017        0.277181        -0.025398
Mo        17.18649        1.68667        4.16170        1        0.130117        0.922014        -1.175706
Mo        14.93440        3.73052        3.91386        1        -0.191580        -0.250480        -0.753359
Mo        17.32869        5.31122        3.88463        1        -0.929430        -0.433365        0.880935
Mo        14.98492        7.01243        3.76069        1        -0.301238        0.911659        0.468574
Mo        17.16819        8.70373        4.02510        1        1.023128        0.537086        -0.660404
Te        0.54145        1.68149        5.42143        2        0.229389        0.332043        0.032882
Te        3.70667        3.53354        5.92797        2        0.480552        0.212576        0.275688
Te        6.03427        0.03233        2.58466        2        0.342994        -0.054812        -0.269818
Te        2.77285        1.50357        1.74772        2        -0.028703        1.005335        0.991993
Te        0.56191        5.10201        5.35407        2        0.163826        0.598089        -0.023758
Te        3.74222        7.01481        6.08369        2        0.395124        0.011358        -0.025516
Te        6.03498        3.58287        2.33292        2        0.104845        -0.064545        0.033487
Te        2.81246        5.13540        1.86676        2        0.112679        0.572463        0.040467
Te        0.45193        8.69663        5.47963        2        0.795017        -0.052088        -0.542164
Te        3.89460        0.12117        5.97654        2        0.056367        0.130046        -0.142030
Te        5.92302        7.11667        2.39451        2        1.009589        -0.279299        0.003522
Te        2.97324        8.73206        1.96937        2        -0.572636        -0.354126        0.423976
Te        7.02430        1.86502        5.32705        2        -0.515876        -0.162917        0.218557
Te        10.23838        3.39840        5.80965        2        -0.016504        0.728787        0.729754
Te        12.49143        10.40830        2.51616        2        0.009628        0.205866        0.124872
Te        9.27034        1.66030        1.76737        2        -0.023005        -0.089266        0.618857
Te        6.95445        5.23901        5.14194        2        0.579448        0.022943        0.930273
Te        10.04450        6.85835        6.10085        2        0.378356        0.300123        -0.889519
Te        12.40686        3.58892        2.29648        2        0.381570        -0.187600        0.941095
Te        9.18826        5.32740        1.82025        2        0.217640        -0.561363        -0.309746
Te        6.99042        8.73106        5.43824        2        0.351638        0.070577        -0.019598
Te        10.22071        10.47439        6.02337        2        -0.082108        0.147993        0.549936
Te        12.51316        7.13419        2.46556        2        -0.579864        -0.413071        0.032866
Te        9.30129        8.77234        1.93319        2        -0.103820        0.305450        -0.127045
Te        13.37238        1.75824        5.29151        2        0.248919        0.047287        0.381295
Te        16.63018        3.60253        6.04071        2        -0.058448        -0.077581        -0.676654
Te        18.81040        0.01644        2.54368        2        0.055915        -0.108509        0.165760
Te        15.55523        1.93837        1.96749        2        0.072054        -0.734149        0.621480
Te        13.32284        5.44931        5.43375        2        0.056521        -0.824913        -0.145604
Te        16.64707        6.97529        5.93061        2        -0.140955        -0.243889        0.310082
Te        18.74839        3.55561        2.33655        2        0.395885        -0.795594        0.383997
Te        15.49517        5.35708        1.81624        2        0.293429        -0.578755        -0.287921
Te        13.42846        8.61283        5.46665        2        -0.169741        0.791158        0.004096
Te        16.61712        10.50701        6.07258        2        -0.253937        -0.598254        0.087507
Te        18.74515        7.02486        2.29631        2        0.703457        0.366950        0.457057
Te        15.51080        8.87840        1.76785        2        0.486243        -0.508969        0.460487
