54
Lattice="19.173937585 0.000456147 -0.025753600 -0.000245476 10.721779888 0.000007040 0.013560576 0.000001770 30.000000000" Properties=species:S:1:pos:R:3:tags:I:1:forces:R:3 energy=-315.56899394 stress= -3.72954 -6.49172 -5.06331 1.27189 0.69463 -1.21641 pbc="T T T"
Mo        2.12536        10.51340        4.12671        1        0.244950        0.427719        -1.015351
Mo        4.34947        2.02109        4.45289        1        0.735848        -0.291881        -1.789307
Mo        2.22032        3.74841        4.03156        1        -1.182648        0.450754        0.210100
Mo        4.28620        5.49414        4.38834        1        1.408539        -1.346969        -0.504512
Mo        2.14773        7.12265        4.13950        1        0.927005        0.295668        0.765413
Mo        4.63996        8.81631        4.31186        1        -2.185853        0.181641        0.074662
Mo        8.44704        0.00911        3.75129        1        0.562426        0.371406        1.123784
Mo        10.68912        1.98717        3.85973        1        1.568773        -1.263666        1.975460
Mo        8.43912        3.77253        3.76134        1        0.748913        -0.040772        -1.769445
Mo        10.96003        5.28564        3.66099        1        -1.619665        0.511019        0.379776
Mo        8.44518        7.14220        3.82681        1        1.452722        -0.177754        -0.223381
Mo        10.78397        8.97875        3.86143        1        0.398945        -0.065659        -0.280257
Mo        15.20759        10.59174        3.33128        1        -0.898059        0.338172        0.065444
Mo        17.21818        1.86818        3.87881        1        -0.042656        -1.206861        -1.140945
Mo        14.96582        3.18224        3.42633        1        0.188637        1.561818        1.009699
Mo        17.06847        5.17362        3.97235        1        0.259365        0.849202        0.844337
Mo        15.13941        7.22434        3.65322        1        -1.778573        -0.182042        -0.074875
Mo        17.37172        8.62386        3.90680        1        0.301234        0.980012        -0.093575
Te        0.37536        1.66869        5.40545        2        0.730915        0.737715        0.129312
Te        3.74964        3.55454        6.44482        2        -0.534250        1.153464        -0.439505
Te        5.83276        0.08214        2.77615        2        0.359719        0.062429        -0.170096
Te        2.83482        1.73540        2.28007        2        -0.445023        0.332666        -0.010657
Te        0.25565        5.37723        5.78926        2        1.106581        -0.310636        -1.282257
Te        3.96119        7.12252        6.46067        2        -0.517701        0.698622        -0.888853
Te        5.78918        3.52559        2.59824        2        0.363438        0.691742        0.476744
Te        3.16016        5.60639        1.92726        2        -1.248131        -0.903853        1.517697
Te        0.49048        9.06692        5.73783        2        0.353862        -0.945654        -0.425437
Te        3.89705        0.02547        6.08488        2        -0.109311        -0.659549        1.551582
Te        6.00507        7.20019        2.73643        2        -0.347919        -0.664697        -0.419090
Te        2.82220        8.93527        2.09818        2        0.232077        -0.277799        1.021763
Te        7.14041        1.96871        5.36585        2        -0.794063        -0.516925        0.419850
Te        10.17820        3.66671        5.84021        2        0.250548        0.375859        -0.358405
Te        12.41748        0.23365        2.32216        2        -0.191088        -1.062589        0.168379
Te        9.11094        1.86909        1.88037        2        -1.059955        0.031949        -1.426964
Te        6.97352        5.30936        5.40579        2        -0.072166        0.888586        0.564540
Te        10.41689        7.09358        5.73669        2        -0.139306        -0.141326        -0.252089
Te        12.41452        3.47930        2.15120        2        -0.334063        0.002303        -0.486878
Te        9.11869        5.37443        1.43576        2        -0.086381        0.151866        2.397736
Te        7.12760        9.08845        5.59544        2        -0.176289        -0.852361        -0.326707
Te        10.08559        10.61280        5.92394        2        0.607213        0.920115        -1.083224
Te        12.51606        7.17707        2.31568        2        -0.123316        0.448911        -0.121341
Te        8.84433        8.94536        1.88523        2        0.751123        -0.215202        -0.766846
Te        13.29576        2.02023        5.08260        2        -0.088177        -0.903495        0.406793
Te        16.67836        3.41070        5.98286        2        -0.911871        0.251454        -0.736984
Te        18.87099        10.69165        2.39899        2        0.332031        -0.225182        0.823209
Te        15.89531        1.76960        1.32378        2        -0.208593        -0.402972        1.251974
Te        13.33655        5.26169        4.97850        2        0.905626        -0.022076        0.247673
Te        16.54782        7.15847        5.96369        2        -0.061059        -0.868811        -0.274612
Te        18.71743        3.61018        2.46912        2        1.298289        0.287033        -0.299218
Te        15.32968        5.33472        1.71920        2        0.904487        -0.435880        0.234103
Te        13.55889        9.03585        5.09156        2        -0.415007        0.093126        -0.413353
Te        16.55793        10.52352        5.64115        2        -0.125056        0.785981        -0.066622
Te        19.12307        7.02158        2.67396        2        -0.976599        -0.492090        -0.768683
Te        16.00991        8.67316        1.54904        2        -0.376508        0.588828        0.227557
