54
Lattice="20.272644424 0.000008540 -0.000615361 -0.000005198 10.639921383 0.000045896 0.042448411 0.000094922 30.000000000" Properties=species:S:1:pos:R:3:tags:I:1:forces:R:3 energy=-317.94034575 stress= -19.99793 -4.43381 -0.40515 0.41537 0.06041 -0.31280 pbc="T T T"
Mo        2.53132        0.00403        3.85758        1        0.331509        0.115361        0.614765
Mo        5.97692        1.70557        3.91470        1        0.983072        -0.072178        -0.302345
Mo        2.54731        3.56472        3.87065        1        0.404290        -0.498220        -0.057969
Mo        5.94559        5.36069        4.04610        1        0.978877        -0.768602        -0.561981
Mo        2.58769        7.10397        3.88770        1        0.273833        -0.606287        0.562648
Mo        5.79178        8.80052        3.93789        1        0.773533        0.079695        0.043176
Mo        9.39213        10.60096        4.02941        1        -0.583111        0.770012        -0.540859
Mo        12.74065        1.78357        3.96269        1        0.365885        -0.227316        -0.200064
Mo        9.33795        3.70467        3.89093        1        0.116030        -0.848441        0.558150
Mo        12.69530        5.31502        3.95893        1        0.640502        0.195963        0.801111
Mo        9.36945        7.10985        3.95467        1        -0.122643        -0.503514        -0.124919
Mo        12.74193        8.99530        3.90846        1        0.233682        -1.131500        0.070115
Mo        16.18909        10.58615        4.00195        1        -0.394090        1.277436        0.100408
Mo        19.53582        1.76932        4.00299        1        -0.380767        0.132226        -0.589843
Mo        16.16107        3.60424        3.87948        1        0.126998        0.196992        0.361976
Mo        19.36168        5.31745        3.82655        1        1.117930        0.212381        0.049922
Mo        16.15751        7.03235        3.87567        1        -0.508273        0.250716        0.631154
Mo        19.31261        8.78527        3.80528        1        0.835789        0.213094        1.730610
Te        1.60825        1.77561        5.72857        2        -0.740518        -0.060870        -0.354204
Te        4.77638        3.43622        5.57640        2        -0.122092        0.446753        0.657717
Te        1.34315        1.78476        2.18835        2        0.185582        0.010336        -0.314442
Te        4.74113        10.60786        2.15488        2        0.087990        -0.060172        -0.063538
Te        1.37682        5.28591        5.59597        2        -0.252599        0.407508        -0.150307
Te        4.74464        7.03420        5.78993        2        -0.271691        0.317047        -0.259976
Te        1.52185        5.36592        2.09578        2        -0.660714        -0.212548        0.096865
Te        4.87801        3.52833        2.21436        2        -0.172783        0.100046        0.048491
Te        1.32686        8.85259        5.57560        2        -0.083163        0.032259        -0.031976
Te        4.84769        10.63705        5.65366        2        -0.765558        -0.155785        0.234709
Te        1.30392        8.80726        2.21013        2        0.211524        0.361064        -0.645144
Te        4.86939        6.94759        2.21700        2        -0.694765        0.643751        -0.525240
Te        8.30046        1.85221        5.79310        2        -0.382410        -0.156395        -1.040804
Te        11.50775        3.43846        5.68830        2        0.146279        0.914273        0.023387
Te        8.37936        1.76730        2.23859        2        -0.802487        0.042968        0.033723
Te        11.48378        0.05962        2.20716        2        0.416834        0.001579        -0.272773
Te        8.20342        5.34836        5.77930        2        0.040532        0.300449        -0.616088
Te        11.63726        7.17200        5.71807        2        -0.221960        -0.168604        -0.458893
Te        8.18564        5.42137        2.03420        2        0.064267        -0.143485        1.256223
Te        11.62052        3.56477        2.25134        2        -0.354436        0.005629        -0.576854
Te        8.06967        8.87233        5.61787        2        -0.001089        -0.296613        0.524456
Te        11.55038        10.60891        5.66426        2        0.365261        0.458812        0.799465
Te        8.08362        8.81973        2.27010        2        0.184513        0.437015        -0.059804
Te        11.66510        7.14337        2.20355        2        -0.467999        0.026612        0.122838
Te        15.07375        1.91525        5.68175        2        -0.397856        -0.964695        -0.062641
Te        18.30696        3.59788        5.59346        2        0.170612        -0.215764        0.508494
Te        15.11745        1.86181        2.21482        2        -0.825372        -1.122518        -0.126606
Te        18.27785        0.02138        2.24924        2        0.130819        0.287568        -0.655738
Te        14.95560        5.25750        5.71678        2        -0.030470        0.565359        -0.473409
Te        18.28689        7.06940        5.68431        2        0.024448        -0.133186        -0.490274
Te        14.89446        5.30036        2.20260        2        -0.127755        0.302903        -0.385926
Te        18.25975        3.55334        2.01467        2        0.535280        -0.346966        0.924810
Te        14.94969        8.81967        5.64770        2        0.152647        -0.046888        0.127492
Te        18.38232        10.62061        5.75212        2        -0.011166        -0.229451        -0.363895
Te        14.98646        8.92720        2.22513        2        -0.011907        -0.237915        -0.285325
Te        18.29459        7.03498        2.04945        2        -0.466581        0.095260        -0.292348
