54
Lattice="19.173937585 0.000456147 -0.025753600 -0.000245476 10.515591813 0.000007040 0.013560576 0.000001770 30.000000000" Properties=species:S:1:pos:R:3:tags:I:1:forces:R:3 energy=-316.82295374 stress= -2.44310 -2.95776 -4.36059 -0.32645 -2.00661 -0.31382 pbc="T T T"
Mo        2.19555        0.00108        3.74964        1        -0.828164        0.120594        0.648435
Mo        4.37901        1.75860        3.96467        1        0.527927        -0.244902        2.492826
Mo        2.17187        3.60579        3.65236        1        -0.145719        -0.831979        1.483154
Mo        4.44088        5.16292        3.81316        1        -0.616555        -0.159129        1.215923
Mo        2.24383        6.90162        3.87853        1        -0.032340        0.030565        -1.840019
Mo        4.59457        8.71781        4.06727        1        -0.643826        0.454203        -1.808153
Mo        8.62624        0.36864        3.99847        1        -0.796676        -1.590921        -1.990225
Mo        10.90789        1.74902        3.84932        1        1.005025        0.709907        0.944303
Mo        8.50202        3.50033        3.89963        1        0.044033        -0.045150        -0.795747
Mo        10.77835        5.15413        4.19972        1        -0.438231        0.282453        0.444394
Mo        8.57821        6.90719        3.84369        1        -0.915979        0.758126        0.343323
Mo        10.83031        8.78258        4.04172        1        0.509444        0.149291        0.493637
Mo        14.90548        10.38456        3.86086        1        0.671827        0.522284        0.362136
Mo        17.20957        1.81156        4.04235        1        -0.576407        0.029587        0.161063
Mo        14.89225        3.83158        3.90621        1        0.304604        -1.575294        -0.530879
Mo        17.27685        5.34182        3.91169        1        -0.126975        -0.415865        0.511410
Mo        14.94946        6.93772        3.94170        1        0.078050        0.225128        -1.158418
Mo        17.23269        8.78830        4.02815        1        -0.170175        -0.331534        -0.868232
Te        0.50541        1.89952        5.40021        2        0.480807        -0.684885        -0.692248
Te        3.74375        3.44171        6.04283        2        -0.083830        0.200157        -1.517877
Te        5.96174        0.10321        2.42869        2        0.937278        -0.690834        0.264307
Te        2.88075        1.79668        1.86293        2        -0.763232        -0.619283        -1.434846
Te        0.60996        5.11347        5.33340        2        -0.416481        0.772641        -0.024033
Te        3.99159        6.96838        5.89483        2        -0.166350        -0.857343        0.864879
Te        5.96790        3.25838        2.39142        2        0.840803        1.264163        -0.251611
Te        2.68150        5.23042        1.62865        2        0.008724        0.483052        0.646341
Te        0.63279        8.62223        5.22325        2        -0.229173        0.954675        0.882586
Te        3.83270        10.40137        5.92729        2        -0.348848        0.830044        0.278896
Te        5.72198        6.88127        2.21348        2        1.857294        0.469534        0.162600
Te        2.87344        8.72746        1.92905        2        0.436596        -0.053052        -0.053973
Te        7.06355        1.71401        5.61346        2        -0.744960        0.835819        0.095408
Te        10.24377        3.34715        6.01791        2        -0.167674        0.158576        0.059610
Te        12.42806        10.44449        2.26194        2        -0.010347        0.085334        0.909818
Te        9.07363        1.80222        1.84792        2        0.455925        0.541421        -0.123384
Te        6.73792        5.14086        5.31209        2        1.235723        0.477472        0.079587
Te        10.11732        7.15611        6.07562        2        -0.016945        -0.733635        -0.402337
Te        12.43227        3.58010        2.28510        2        0.129996        -0.328556        0.945733
Te        9.35966        5.32840        1.96382        2        -0.694097        -0.837256        -0.817455
Te        7.11301        8.95394        5.35646        2        -0.192988        -1.067795        0.037355
Te        10.48497        0.17492        5.92900        2        -0.016780        -0.928593        0.449740
Te        12.36898        6.71769        2.80048        2        0.849677        1.844546        -1.410095
Te        9.13860        8.93705        1.98453        2        -0.273899        -0.505823        0.602505
Te        13.58013        1.80854        5.56238        2        -0.571432        -0.108138        -1.217805
Te        16.52372        3.69692        6.09795        2        0.302311        -0.485509        -1.453089
Te        18.71871        10.47176        2.20356        2        0.172081        0.097052        1.127752
Te        15.68227        1.87869        1.77287        2        -0.593073        -0.335219        1.756414
Te        13.23752        5.28912        5.55027        2        0.593401        -0.411334        0.346952
Te        16.63241        6.95551        6.05005        2        0.465233        0.471573        -0.591768
Te        18.75539        3.39465        2.36669        2        0.281259        0.730877        -0.149212
Te        15.48467        5.29309        1.79331        2        0.625626        0.453275        0.382976
Te        13.50508        8.59969        5.51253        2        -0.909157        1.122461        0.086052
Te        16.76531        0.01780        6.04507        2        -0.448559        -0.089569        -0.727384
Te        0.00163        7.19567        2.31775        2        -1.863046        -0.840561        0.442855
Te        15.25550        8.70657        1.86950        2        0.971134        -0.285257        0.319739
