54
Lattice="18.429676749 0.000008540 -0.000615361 -0.000005198 11.491115093 0.000045896 0.042448411 0.000094922 30.000000000" Properties=species:S:1:pos:R:3:tags:I:1:forces:R:3 energy=-313.52610324 stress= -5.75286 -14.69533 -7.05846 1.72816 0.69113 0.49076 pbc="T T T"
Mo        2.27196        11.44810        4.11352        1        1.355215        -0.731676        -3.184421
Mo        5.31144        1.71047        4.14839        1        1.026197        0.244698        1.466372
Mo        2.41876        4.02293        4.18447        1        0.470086        -0.565676        -1.003562
Mo        5.34071        5.62801        4.08294        1        -0.237876        0.832261        1.835746
Mo        2.18987        7.52102        3.73968        1        0.210549        2.821400        3.464067
Mo        5.21973        9.37102        3.93577        1        -0.068614        0.464807        -0.865561
Mo        8.45767        11.42895        4.20400        1        0.329848        0.402281        -0.289359
Mo        11.70767        2.00830        3.95418        1        -0.561095        0.089343        -0.605810
Mo        8.53807        3.74445        4.33784        1        0.074817        -0.257624        0.394395
Mo        11.46832        5.95243        3.73951        1        0.515446        -0.331658        1.017611
Mo        8.49380        7.59909        4.00242        1        -0.176931        -0.646078        -1.096403
Mo        11.49154        9.57690        3.87733        1        -0.433680        1.383133        -0.299688
Mo        14.44453        0.01174        3.75007        1        0.998038        0.172657        -1.140028
Mo        17.62492        1.89112        3.66374        1        1.236710        1.503408        -0.461078
Mo        14.76668        3.84774        3.75731        1        0.075645        -0.363193        -1.781246
Mo        17.78804        5.79284        3.67779        1        -1.225826        -1.010663        0.819307
Mo        14.44950        7.85843        3.80132        1        1.965762        -0.880012        -0.275715
Mo        17.44017        9.57974        3.90595        1        0.498632        0.421921        -1.018099
Te        1.39628        1.88006        5.59493        2        -1.144378        1.023810        0.909621
Te        4.66883        3.88483        6.07123        2        -1.459364        -0.643040        -0.977688
Te        1.59539        2.06031        2.29035        2        -0.494374        -0.329706        0.269557
Te        4.58743        0.01888        2.04626        2        -1.125054        -0.600469        1.689242
Te        1.15752        5.89312        5.70748        2        0.269763        -0.203364        -0.056420
Te        4.09148        7.69508        5.75928        2        0.454624        -0.730119        -0.632179
Te        1.54975        5.84661        2.07748        2        -1.629423        -3.063351        -1.623794
Te        4.55397        3.64298        2.45854        2        -0.807663        0.338184        -0.482283
Te        1.01556        9.66972        5.64348        2        0.401261        -0.922734        0.275170
Te        4.33148        11.17045        5.84527        2        -0.165989        0.439509        -0.388076
Te        1.12453        9.41913        2.05214        2        0.400216        0.838188        1.015367
Te        4.26405        7.29469        2.11613        2        1.491203        1.015258        0.380092
Te        7.46779        1.71496        6.19787        2        -0.054663        0.096034        -1.624333
Te        10.85798        3.80972        5.85079        2        -0.576962        0.804879        -0.812383
Te        7.50484        1.91770        2.56337        2        -0.038456        -0.318624        -0.013740
Te        10.40176        0.31822        2.22012        2        0.376249        -1.297512        0.878443
Te        7.42196        5.82829        5.97034        2        0.411266        -0.271405        -0.713496
Te        10.53907        7.76652        5.69218        2        0.522609        -0.494312        -0.216654
Te        7.41187        5.43382        2.56725        2        1.253166        0.818149        -1.420986
Te        10.52079        3.86182        2.28370        2        -0.335585        0.063790        0.241196
Te        7.36228        9.35758        5.59195        2        -0.194352        0.603007        1.262803
Te        10.76615        0.07364        5.95159        2        -0.654072        -0.232721        -1.838726
Te        7.33903        9.39914        2.21909        2        0.427425        0.550332        0.481713
Te        10.39479        7.97871        1.93317        2        -0.028089        -1.219385        1.105272
Te        13.73652        2.00264        5.59071        2        0.487799        -0.154007        0.039646
Te        16.72417        3.75471        5.58333        2        0.627212        0.505386        -1.067893
Te        13.83843        2.02393        1.87898        2        -1.223667        -0.279801        1.171272
Te        16.83737        11.46308        1.81415        2        -1.055506        -0.101176        1.398132
Te        13.85898        5.71829        5.35443        2        -1.894909        0.653955        0.999306
Te        16.52641        7.52894        5.67103        2        0.337792        0.726707        -1.061967
Te        13.63680        6.04267        1.99844        2        -0.739221        -1.202886        0.026532
Te        16.77779        3.87257        1.72840        2        0.113507        0.128277        1.662613
Te        13.55194        9.58552        5.56939        2        0.120323        0.716211        0.574846
Te        16.53944        0.29107        5.41034        2        -0.090218        -1.696585        0.886109
Te        13.45990        9.55249        1.92180        2        -0.125745        0.845305        0.581364
Te        16.58867        7.70767        2.07405        2        0.046880        0.074783        0.106227
