54
Lattice="18.429676749 0.000008540 -0.000615361 -0.000005198 10.852719811 0.000045896 0.042448411 0.000094922 30.000000000" Properties=species:S:1:pos:R:3:tags:I:1:forces:R:3 energy=-322.14076191 stress= -2.01619 -5.09529 -2.40006 -0.46652 -2.43332 -0.19361 pbc="T T T"
Mo        2.30726        10.80184        3.98665        1        0.422058        0.580793        0.336208
Mo        5.31015        1.78250        3.94816        1        0.722929        -0.068388        0.506245
Mo        2.26590        3.69905        3.91969        1        -0.042795        -0.335583        0.267146
Mo        5.33457        5.40962        4.03975        1        0.802446        0.120901        -0.077852
Mo        2.36034        7.24877        3.95685        1        -0.466700        -0.609263        0.731523
Mo        5.40976        9.01498        4.00437        1        -0.097838        0.048529        0.176450
Mo        8.54292        10.79730        3.98025        1        -0.723727        -0.129367        -0.136158
Mo        11.51373        1.79904        3.84722        1        -0.256127        -0.129717        -0.398929
Mo        8.40308        3.52735        3.91235        1        0.799060        0.472361        0.003515
Mo        11.70624        5.52037        3.90636        1        -0.809457        -0.176929        -0.018408
Mo        8.46264        7.18290        4.00643        1        0.929345        -0.458567        -0.625602
Mo        11.55616        8.93943        3.87643        1        0.131466        0.677278        0.141762
Mo        14.57530        0.00681        3.80035        1        0.032325        0.059566        0.667011
Mo        17.70195        1.80929        3.85396        1        -0.655753        0.564455        0.094017
Mo        14.62975        3.76507        3.86976        1        -0.081834        -1.685485        -0.601387
Mo        17.64156        5.49872        3.98270        1        0.492277        -0.069147        -1.017544
Mo        14.58316        7.28187        3.93141        1        0.948914        -0.391482        -0.281180
Mo        17.71858        9.11444        3.90276        1        -0.099008        -0.027665        0.036185
Te        1.27554        1.83198        5.69519        2        0.130596        -0.097463        0.074489
Te        4.27902        3.65993        5.79874        2        0.112790        -0.559094        -0.230089
Te        1.31321        1.85839        2.16608        2        0.489521        -0.419353        -0.350735
Te        4.24570        10.79747        2.11576        2        0.841662        0.109050        0.622882
Te        1.23005        5.35468        5.77781        2        0.211162        0.898200        -0.212884
Te        4.40566        7.22091        5.84494        2        -0.295677        0.202707        -0.272497
Te        1.25796        5.49122        2.04065        2        0.122897        0.140739        1.091395
Te        4.35521        3.64873        2.23991        2        -0.072481        -0.117662        -0.641925
Te        1.26800        9.04335        5.80399        2        0.291499        -0.108517        -0.349997
Te        4.50439        10.82771        5.78065        2        -0.990369        0.097341        0.006089
Te        1.39399        9.03157        2.18942        2        -0.417887        -0.011398        -0.459566
Te        4.45045        7.19939        2.21927        2        -0.390041        0.078162        -0.199327
Te        7.52780        1.82409        5.78089        2        -0.653208        -0.569550        -0.359319
Te        10.54888        3.60278        5.64704        2        0.088092        0.414167        -0.273405
Te        7.39854        1.62472        2.17640        2        -0.025395        0.519006        -0.001785
Te        10.46539        10.72088        2.10860        2        0.375589        0.455576        -0.081297
Te        7.47715        5.37111        5.76737        2        -0.114384        -0.179209        -0.066648
Te        10.70451        7.25514        5.80138        2        -0.795331        -0.519178        -0.580645
Te        7.38048        5.28538        2.17643        2        0.016573        0.676018        0.198627
Te        10.55332        3.73456        2.11136        2        -0.283356        -0.362955        0.384868
Te        7.58882        9.02730        5.77329        2        -0.584298        -0.086061        0.167547
Te        10.66625        10.82655        5.67380        2        -0.279786        -0.143557        0.117616
Te        7.36913        8.92588        2.21376        2        0.699890        0.465826        -0.082440
Te        10.42894        7.23734        1.99623        2        0.301680        -0.377757        1.184119
Te        13.51986        1.84667        5.61716        2        0.676945        0.059525        -0.219244
Te        16.63950        3.57437        5.63502        2        0.229875        0.252184        0.420425
Te        13.51228        1.82569        2.03906        2        0.483727        0.376115        0.208737
Te        16.66625        0.07462        2.04996        2        0.066350        -0.428851        -0.028116
Te        13.76906        5.42227        5.75337        2        -0.789707        0.404118        0.092732
Te        16.67961        7.36693        5.75184        2        -0.120031        -0.263949        -0.315281
Te        13.71555        5.48737        2.05468        2        -0.488997        0.300389        -0.149678
Te        16.73481        3.69815        2.05983        2        -0.258909        -0.024734        0.519893
Te        13.65507        9.03133        5.71839        2        -0.411440        0.573955        -0.288334
Te        16.64196        0.06199        5.61409        2        -0.246782        -0.081790        0.294008
Te        13.57086        8.99950        2.07635        2        0.027829        0.121901        -0.172253
Te        16.67097        7.33871        2.14408        2        -0.002151        -0.247316        0.150767
