54
Lattice="20.324373841 0.000456147 -0.025753600 -0.000245476 10.309403738 0.000007040 0.013560576 0.000001770 30.000000000" Properties=species:S:1:pos:R:3:tags:I:1:forces:R:3 energy=-316.57633031 stress= -14.83137 -4.26946 -1.54346 -0.57866 -0.26956 0.25538 pbc="T T T"
Mo        2.30672        10.24771        3.66192        1        -0.296978        0.288092        -0.308520
Mo        4.66853        1.70384        3.87244        1        0.380437        -0.513816        -0.834004
Mo        2.26581        3.41546        3.52512        1        0.520270        -0.053678        0.715175
Mo        4.79661        4.92550        3.98071        1        -0.576753        1.150549        -0.763701
Mo        2.03526        6.80261        3.77535        1        1.074285        -0.408433        -0.161974
Mo        4.76768        8.41994        3.87896        1        -0.198250        1.041420        -0.758407
Mo        9.01913        10.28084        3.86818        1        -0.291985        0.327275        0.710379
Mo        11.46279        1.77633        3.88869        1        0.219981        1.296445        1.189663
Mo        8.93601        3.42818        3.86096        1        -0.047720        -0.304881        0.027899
Mo        11.48427        5.20223        4.14422        1        0.771276        0.467999        -0.927051
Mo        9.12160        6.84960        3.89344        1        0.384258        0.255796        1.395968
Mo        11.40817        8.77315        4.05389        1        1.365326        -1.010171        -0.690127
Mo        15.89620        0.36015        3.93471        1        0.031724        -0.587121        1.175169
Mo        18.58686        1.70011        4.04265        1        -1.652368        0.673756        -1.683314
Mo        15.81501        3.56234        3.99718        1        0.158729        0.224821        0.349689
Mo        18.28331        5.17068        4.09615        1        -0.394072        -0.574858        -0.642032
Mo        15.88333        6.88651        3.97336        1        -0.872684        -0.328468        -0.124478
Mo        18.20946        8.59385        4.18943        1        1.231743        -0.135068        0.119302
Te        0.79333        1.58407        5.20209        2        -0.298027        0.289782        0.347105
Te        3.74147        3.33265        5.84581        2        0.285029        0.193067        -0.409124
Te        6.36026        10.22081        2.23624        2        0.052964        -0.012042        0.902852
Te        3.01949        1.68668        1.58348        2        0.185960        -0.347243        0.978715
Te        0.50941        4.84782        5.26292        2        0.805607        0.954593        -0.088767
Te        3.86593        6.84696        5.74939        2        0.125403        -0.609631        0.782959
Te        6.48801        3.42699        2.37748        2        -0.350209        -0.422715        0.038945
Te        3.21400        5.27230        1.68729        2        -0.378902        -0.587318        1.137336
Te        0.56771        8.56050        5.33164        2        0.186075        -0.150515        -0.194310
Te        3.95093        0.02967        5.81466        2        0.328365        -1.074723        -0.478264
Te        6.74193        6.63682        2.55431        2        -1.440129        0.600451        -0.123380
Te        2.76188        8.47518        1.76889        2        0.837749        -0.159995        0.055959
Te        7.25857        1.49083        5.34619        2        -0.398978        0.724233        -0.067194
Te        10.53656        3.59942        5.92328        2        0.715226        -1.154438        0.844982
Te        13.16788        0.14590        2.55185        2        0.485330        -0.300047        -0.388003
Te        9.59074        1.68835        1.97927        2        0.239051        0.194956        -1.338090
Te        7.19537        4.81705        5.47583        2        0.216925        0.770348        0.026019
Te        10.95174        7.03640        6.08675        2        -0.514848        0.011396        -0.732879
Te        13.21351        3.47830        2.45082        2        -0.034417        0.576480        0.558782
Te        9.89501        5.08480        2.04285        2        -0.092122        0.304447        -1.042286
Te        7.54283        8.54570        5.46024        2        -1.012222        -0.516170        -0.160087
Te        10.89672        0.22632        5.90075        2        -0.623228        -0.203310        0.999180
Te        13.26555        7.03848        2.45864        2        -0.089308        -0.266439        0.806768
Te        9.64444        8.64843        1.94621        2        0.500580        -0.904940        -0.538769
Te        14.18270        1.89968        5.56731        2        0.067993        -0.181027        -0.441036
Te        17.76186        3.43137        6.00570        2        -0.522484        -0.336044        0.150495
Te        19.95975        10.24134        2.18912        2        -0.107349        -0.208210        1.188296
Te        16.67463        2.02969        2.02061        2        0.181598        -1.236391        -0.140030
Te        14.02971        5.25221        5.54615        2        0.577806        -0.060878        -0.462868
Te        17.54950        6.73199        6.18857        2        0.060452        0.915682        -0.836477
Te        20.04991        3.25523        2.27805        2        -0.145670        0.711630        0.071237
Te        16.62221        5.13750        1.94867        2        -0.444938        1.195740        0.632292
Te        14.10609        8.79220        5.40087        2        0.208475        -0.148000        -0.243395
Te        17.88544        0.17295        6.03415        2        -1.032292        -0.902566        0.437266
Te        19.79653        6.72376        2.46567        2        0.482795        0.639150        -0.034126
Te        16.62973        8.76293        2.16736        2        -0.856161        -0.098660        -1.030010
