54
Lattice="18.429676749 0.000008540 -0.000615361 -0.000005198 11.703913521 0.000045896 0.042448411 0.000094922 30.000000000" Properties=species:S:1:pos:R:3:tags:I:1:forces:R:3 energy=-317.94915701 stress= -6.07947 -17.56888 0.44319 -1.33897 -1.12327 0.25746 pbc="T T T"
Mo        2.35586        0.09210        3.76546        1        0.062834        -0.088862        0.825933
Mo        5.41689        2.01050        3.84358        1        -0.033438        0.395499        -1.136077
Mo        2.35554        3.89712        4.10319        1        0.182435        0.275884        -0.483098
Mo        5.44671        5.88899        3.93575        1        -0.894914        -0.086026        0.045318
Mo        2.32485        7.72122        3.82220        1        -0.178999        0.903348        0.907512
Mo        5.40501        9.79199        3.91553        1        -1.145695        0.090265        -0.977597
Mo        8.39283        11.62408        3.82015        1        -0.677794        0.018786        0.241727
Mo        11.54882        1.92513        4.02168        1        -0.236065        0.503725        -0.772927
Mo        8.43851        3.75884        3.69719        1        0.478000        0.524975        0.696777
Mo        11.36666        5.82793        3.86706        1        0.447891        -0.245572        -0.289602
Mo        8.43168        7.71583        3.83849        1        -0.221232        0.704466        -0.735948
Mo        11.44044        9.69453        3.92662        1        -0.071822        0.262338        -0.226650
Mo        14.58598        11.59396        4.07215        1        -0.293246        1.166461        -0.860560
Mo        17.84640        2.05287        4.09801        1        -0.882966        -0.533824        -0.518075
Mo        14.57215        3.85817        4.09090        1        0.704784        -0.511436        -0.483741
Mo        17.64746        5.92304        4.08459        1        0.116957        -0.253168        -0.343287
Mo        14.51547        7.77241        3.96336        1        0.523217        1.305320        -0.020558
Mo        17.71510        9.81740        4.01677        1        -0.443336        -1.113499        0.475925
Te        1.54620        1.80994        5.75159        2        -0.303595        0.576584        0.123974
Te        4.57644        3.92578        5.72034        2        -0.380952        0.086747        -0.166790
Te        1.35783        2.13582        2.18018        2        -0.119586        -0.244165        0.300990
Te        4.37179        0.13935        2.05231        2        0.504853        -0.402243        -0.016315
Te        1.30303        6.03144        5.74764        2        0.554330        -0.659324        0.028432
Te        4.36559        7.89333        5.66802        2        0.193275        -0.436332        -0.311331
Te        1.36055        5.67496        2.19959        2        -0.588137        0.588730        0.652198
Te        4.36375        4.01286        2.18638        2        -0.003562        -0.167473        0.460803
Te        1.47499        9.86846        5.55944        2        0.033526        -0.434781        0.294190
Te        4.53629        0.12507        5.51537        2        -0.755508        -0.455642        0.486866
Te        1.28803        9.75785        2.19840        2        0.218963        -0.149637        -0.479588
Te        4.42729        7.83035        2.20311        2        0.154884        -0.222356        -0.487410
Te        7.46273        1.88773        5.48833        2        0.489285        0.186154        0.746352
Te        10.39873        3.88400        5.60454        2        0.235566        -0.119060        0.015380
Te        7.49749        1.85574        2.01511        2        -0.387608        -0.113358        -0.103740
Te        10.50989        11.66804        2.25606        2        0.553872        0.210046        -0.720040
Te        7.58254        5.78433        5.52020        2        -0.043251        -0.319045        0.544361
Te        10.50728        7.80512        5.58555        2        -0.404452        -0.388162        0.629791
Te        7.38095        5.74428        2.10998        2        0.524669        0.346608        -0.443987
Te        10.64186        3.84958        2.03751        2        -0.312123        -0.330712        0.604977
Te        7.40233        9.65186        5.59041        2        0.910389        0.136227        0.338504
Te        10.43342        0.05065        5.61952        2        0.074153        -0.749156        0.464438
Te        7.29775        9.74273        2.03139        2        0.911501        -0.284559        0.308342
Te        10.47433        7.67650        2.04826        2        0.027988        0.624018        0.303918
Te        13.60201        1.89821        5.86375        2        -0.033111        -0.048718        -0.506862
Te        16.83012        3.91673        5.91814        2        -0.620308        0.121184        -0.784025
Te        13.61260        1.91583        2.28037        2        0.527675        -0.177205        0.368494
Te        16.77907        11.63170        2.35486        2        -0.515141        1.154637        -0.298129
Te        13.51174        5.83026        5.53156        2        -0.296195        0.110202        1.648373
Te        16.61099        7.90697        5.84142        2        0.026438        -0.139801        -0.757536
Te        13.58446        5.86547        2.27989        2        0.107707        -0.583724        -0.505423
Te        16.69647        3.95797        2.37061        2        -0.037798        -0.199584        0.175688
Te        13.51205        9.74823        5.73080        2        -0.081122        -0.525689        0.121860
Te        16.69809        0.06683        5.75824        2        0.448068        -0.166404        0.176249
Te        13.46591        9.80999        2.20187        2        0.905158        -0.462005        0.120346
Te        16.67852        7.77981        2.27358        2        -0.018978        0.311335        0.303336
