54
Lattice="18.429676749 0.000008540 -0.000615361 -0.000005198 14.470293080 0.000045896 0.042448411 0.000094922 30.000000000" Properties=species:S:1:pos:R:3:tags:I:1:forces:R:3 energy=-300.79888913 stress= -8.11600 -11.64986 0.41311 -0.02590 -0.60132 0.65480 pbc="T T T"
Mo        2.98948        0.96141        3.77601        1        0.384020        0.197116        -0.016033
Mo        5.47198        2.46211        3.76375        1        -0.011160        0.218389        0.033072
Mo        2.91139        4.95399        3.80787        1        -0.275664        0.229129        0.065098
Mo        5.20382        7.54292        3.89199        1        -0.321828        0.213247        0.209252
Mo        2.55875        9.20210        3.91515        1        -0.005015        0.180025        -0.087172
Mo        5.48712        11.96343        3.93794        1        -0.053381        0.113261        -0.036930
Mo        7.62539        0.23419        3.86336        1        0.060776        0.379050        -0.262615
Mo        9.94283        1.95623        3.74525        1        0.228230        0.142463        -0.035771
Mo        7.08407        5.03071        3.78273        1        0.148012        0.009137        0.078394
Mo        12.12301        7.57744        3.93196        1        0.503330        0.592374        -0.333535
Mo        8.03224        9.62612        4.00626        1        -0.220433        -0.146452        -0.194431
Mo        9.67027        12.08818        4.05040        1        -0.382267        -0.173850        -0.539840
Mo        13.47791        1.90456        3.91937        1        0.069360        -0.011068        0.299605
Mo        18.07386        3.45172        3.78640        1        0.515772        -0.191991        0.137914
Mo        14.73676        5.00693        3.89308        1        -0.303868        0.130023        0.109823
Mo        18.26959        7.11029        3.90464        1        0.098820        0.048787        0.049400
Mo        15.28635        8.07728        3.79608        1        0.046318        -0.110627        -0.025131
Mo        17.69106        10.14429        4.05765        1        -0.031833        0.431907        -0.025001
Te        1.95331        2.92345        5.39090        2        -0.504368        -0.005609        0.493298
Te        5.00433        4.78163        5.52403        2        0.091459        -0.168102        0.007832
Te        1.96983        2.92610        2.21004        2        -0.538984        0.170842        -0.573178
Te        5.01952        14.42785        2.19875        2        0.141237        0.056786        0.123664
Te        2.07160        6.97712        5.60453        2        0.012368        0.074346        -0.401978
Te        4.66728        9.73060        5.58942        2        -0.054785        -0.247555        -0.104250
Te        1.99269        7.08589        2.21213        2        0.358021        -0.099244        0.130970
Te        5.00889        4.78454        2.09522        2        0.140688        -0.150160        -0.116839
Te        1.30508        10.89947        5.66604        2        -0.159790        0.173718        0.292888
Te        4.94583        0.06005        5.46469        2        0.411336        -0.073572        0.082028
Te        1.60152        11.80365        3.10252        2        -0.159330        -0.449131        0.209411
Te        4.65411        9.75962        2.26540        2        -0.154710        -0.174292        -0.080511
Te        7.80197        2.60846        5.36165        2        -0.370896        -0.039168        0.237621
Te        10.59221        6.01162        5.36734        2        -0.146134        -0.427823        0.224812
Te        7.71567        2.29265        2.06680        2        -0.280352        0.109114        -0.104447
Te        9.90078        14.21482        2.21024        2        -0.469739        0.060422        0.109833
Te        7.34167        7.36135        5.55867        2        0.070584        -0.234218        0.007855
Te        10.39672        9.86619        5.49215        2        -0.084238        -0.306256        0.191502
Te        7.35188        7.43692        2.31852        2        0.105891        -0.176128        -0.443250
Te        9.74715        4.69815        2.99786        2        0.191014        0.180143        0.228856
Te        7.54671        11.69842        5.70234        2        -0.128399        -0.000112        0.328071
Te        9.81906        14.38794        5.58897        2        -0.411815        0.097877        0.068573
Te        7.58208        11.76876        2.25370        2        0.112211        -0.304292        0.096091
Te        10.25016        9.82897        2.40878        2        0.244405        -0.256590        -0.046156
Te        13.28447        3.55178        5.84481        2        -0.270536        0.079979        0.139542
Te        17.06122        5.12169        5.55250        2        -0.031461        0.163071        0.206636
Te        12.79805        3.38398        1.99895        2        0.284469        0.039483        0.047153
Te        16.08131        1.85928        4.02099        2        0.458384        -0.265222        -0.433938
Te        13.89734        6.86241        5.80539        2        0.287554        -0.203805        -0.276218
Te        17.00718        8.45028        5.93593        2        -0.053978        0.247662        -0.101341
Te        13.69745        6.71867        1.94136        2        0.269631        0.182344        0.307068
Te        17.02475        5.28874        2.19095        2        -0.075538        -0.102949        -0.305102
Te        12.83176        13.95611        4.20109        2        -0.221674        -0.089882        -0.007994
Te        16.14981        12.14337        4.24943        2        0.133554        -0.160989        -0.095874
Te        13.55471        9.95617        3.78717        2        0.164122        0.066730        0.152958
Te        17.13911        8.73350        1.90559        2        0.155505        -0.065954        -0.006817
