54
Lattice="19.535457354 0.000008540 -0.000615361 -0.000005198 11.278316666 0.000045896 0.042448411 0.000094922 30.000000000" Properties=species:S:1:pos:R:3:tags:I:1:forces:R:3 energy=-317.23978536 stress= -15.91219 -14.29903 1.02175 0.94297 0.39414 0.05835 pbc="T T T"
Mo        2.57119        0.09614        4.05217        1        0.502907        -0.231733        -1.211872
Mo        5.76797        1.83672        3.97150        1        -0.160915        0.836582        1.005668
Mo        2.25039        3.82815        3.84545        1        1.069776        -0.140300        0.085505
Mo        5.58412        5.62509        3.95175        1        1.804933        -0.042147        -0.442087
Mo        2.52848        7.50658        3.95516        1        -0.105408        0.219762        -1.238402
Mo        5.76853        9.39362        4.00163        1        0.014269        -0.028820        -0.184326
Mo        9.00723        11.19902        4.01995        1        0.156946        -0.231705        0.167371
Mo        12.21291        1.95053        4.04892        1        -0.184147        -0.627568        -0.579149
Mo        8.88381        3.62054        4.16767        1        1.571850        0.848615        -1.692934
Mo        12.24982        5.67160        3.99140        1        1.257852        -0.370424        -0.465956
Mo        9.13929        7.29962        4.03057        1        -0.675229        0.536096        -0.624931
Mo        12.14615        9.36821        4.00956        1        0.245216        0.203389        -0.236288
Mo        15.42719        0.18827        3.82363        1        0.707191        -1.211109        -0.480428
Mo        18.75889        1.72425        3.82938        1        -0.942492        0.810635        -0.367496
Mo        15.47806        3.76128        3.87411        1        0.075272        -0.431303        -1.313261
Mo        18.63602        5.77914        3.72317        1        0.789283        -0.371867        0.266937
Mo        15.40040        7.52808        3.85111        1        0.842452        -0.044107        -1.409206
Mo        18.76396        9.50844        3.90589        1        0.193601        -0.044862        -0.052445
Te        1.23458        1.94058        5.51088        2        0.534640        0.028252        1.747406
Te        4.42050        3.79421        5.66933        2        0.103278        -0.315962        -0.367564
Te        1.40275        1.77855        2.21105        2        0.240022        0.245624        -0.774304
Te        4.79483        0.09064        2.25657        2        -0.600199        -0.693353        -0.032818
Te        1.23857        5.75886        5.56628        2        -0.359648        -0.344077        0.157305
Te        4.67920        7.42640        5.61197        2        -0.361313        0.873328        1.340741
Te        1.37578        5.69834        2.08117        2        -0.287035        0.419558        0.007493
Te        4.66162        3.82711        2.25934        2        -0.765549        -0.913524        -0.417023
Te        1.63169        9.43461        5.66167        2        -1.191170        -0.154078        0.375441
Te        4.63656        0.06320        5.86027        2        0.572315        -0.156889        -0.627818
Te        1.50834        9.49964        2.25217        2        0.001776        -0.142827        0.266944
Te        4.69535        7.55200        2.18458        2        -0.109950        0.096845        0.130337
Te        7.92512        1.77149        5.73999        2        -0.638906        -0.629995        1.004200
Te        11.18693        3.78428        5.77417        2        -0.321765        0.282181        0.145894
Te        7.99370        1.82487        2.31934        2        -0.329601        -0.138884        -0.299167
Te        11.14446        0.03573        2.34324        2        -0.183592        -0.123488        -0.364470
Te        7.77973        5.55175        5.70451        2        -0.069970        -0.011840        0.498735
Te        11.30785        7.41622        5.81820        2        -0.500690        0.309108        -0.021729
Te        7.96433        5.45468        2.26472        2        -0.376271        0.193148        0.520455
Te        11.21428        3.75741        2.29439        2        -0.982350        0.283273        0.281213
Te        8.03712        9.15362        5.71029        2        -0.373887        0.664256        -0.064203
Te        11.24746        0.04981        5.79721        2        -0.603580        -0.402247        -0.097415
Te        7.90849        9.28209        2.19514        2        0.402145        -0.097587        1.038026
Te        11.19706        7.50808        2.25818        2        -0.096661        -0.265344        -0.279267
Te        14.36906        1.95162        5.60056        2        0.688768        0.057820        0.903973
Te        17.69172        3.76838        5.48892        2        0.122042        -0.051782        -0.050661
Te        14.13712        1.91003        2.11928        2        0.917031        0.324585        0.099331
Te        17.72107        0.00751        1.95866        2        -0.492949        -0.073478        1.002335
Te        14.62155        5.63831        5.60100        2        -1.031873        -0.061035        0.417177
Te        17.53209        7.54333        5.54456        2        0.588067        0.289385        0.145937
Te        14.45806        5.55391        2.03541        2        -0.458576        0.421046        0.855957
Te        17.75556        3.68747        2.07026        2        -0.578618        0.166346        0.407765
Te        14.41769        9.42084        5.46722        2        0.035646        0.542597        1.156261
Te        17.63462        11.24431        5.66509        2        -0.267683        0.382878        -0.347566
Te        14.27554        9.42917        2.16325        2        -0.034273        0.262423        0.084367
Te        17.63429        7.83033        2.10609        2        -0.324899        -0.931478        -0.058073
