54
Lattice="19.173937585 0.000456147 -0.025753600 -0.000245476 10.515591813 0.000007040 0.013560576 0.000001770 30.000000000" Properties=species:S:1:pos:R:3:tags:I:1:forces:R:3 energy=-316.45540403 stress= -2.02988 -0.46752 -1.28444 2.12065 -3.46160 -1.14824 pbc="T T T"
Mo        2.30811        10.26661        3.89613        1        -1.234015        1.772577        2.585173
Mo        4.58025        1.72211        4.05434        1        -2.432839        0.269738        -0.622853
Mo        2.26934        3.55839        3.76312        1        -0.902754        -0.833665        0.701335
Mo        4.48775        5.16683        4.01949        1        -0.015459        1.366922        -0.341592
Mo        2.26662        6.82386        3.90648        1        -1.344089        1.563354        0.113046
Mo        4.43619        8.61359        4.20992        1        1.035918        -0.018710        -1.758982
Mo        8.36944        10.44967        3.92082        1        0.898984        0.734958        0.459637
Mo        10.76141        1.75976        3.86725        1        -0.615953        0.570862        0.628829
Mo        8.43525        3.92285        3.66680        1        0.413951        0.027236        0.439885
Mo        10.92237        5.25101        3.66185        1        -0.601733        0.517701        1.098900
Mo        8.64821        7.06973        3.67860        1        -0.429687        0.232885        -0.330569
Mo        10.79990        8.68599        3.88398        1        0.819806        0.683355        1.649120
Mo        15.04462        0.27393        4.13745        1        -0.425274        -0.632894        -1.758158
Mo        17.29728        1.93106        4.06543        1        1.189654        -2.473815        -1.175473
Mo        14.93549        3.44597        3.76729        1        -0.901582        1.689330        -0.778175
Mo        17.28445        5.15025        3.96818        1        -0.346882        -0.317179        -0.614481
Mo        15.11840        6.81451        3.85680        1        -1.695595        0.407970        -0.252319
Mo        17.25575        8.63247        4.10470        1        -0.073279        0.183438        1.002445
Te        0.67236        1.60611        5.50377        2        -0.060061        0.621530        -0.609766
Te        3.78656        3.56033        5.98311        2        0.153485        -0.715302        0.230068
Te        5.88565        10.38954        2.53701        2        0.711013        0.065787        -0.172637
Te        2.67254        1.61768        1.98084        2        0.639857        0.320785        -0.069397
Te        0.50232        5.02897        5.34790        2        0.753400        0.443146        0.200801
Te        3.84028        7.00945        6.13998        2        -0.283055        -1.130754        -0.049618
Te        5.97329        3.57511        2.27777        2        -0.167516        -0.155636        0.487630
Te        2.68180        5.29442        1.82631        2        0.589632        -0.328585        -0.292605
Te        0.63980        8.72563        5.58190        2        0.050200        -0.557462        -0.714250
Te        4.13299        10.42719        6.12867        2        -0.756550        0.648208        -0.497338
Te        6.08214        6.88770        2.36942        2        -0.301186        0.859739        0.709309
Te        2.71112        8.79502        1.93962        2        0.639370        -2.086590        -0.712106
Te        6.90225        1.87672        5.25582        2        1.445849        0.377124        0.625669
Te        10.19799        3.70449        5.72387        2        -0.474409        -0.422901        -0.235435
Te        12.64176        10.33113        2.61201        2        -0.655681        1.295602        -0.043576
Te        8.91171        1.92921        2.02791        2        -0.046208        -0.621284        -1.330991
Te        6.94603        5.44636        5.45445        2        0.556645        -0.587501        -0.600566
Te        10.37311        6.96390        5.98110        2        -0.336120        0.345083        -1.654255
Te        12.27188        3.31122        2.13119        2        0.637702        0.607553        0.137402
Te        9.16795        5.52219        1.44547        2        0.315025        -0.366568        1.438752
Te        7.22593        8.64588        5.51517        2        -1.171926        0.002915        0.292433
Te        10.17325        0.27301        5.98599        2        -0.000200        -1.522798        -0.690788
Te        12.57793        7.07632        2.46311        2        -0.077523        -0.437669        -0.426810
Te        9.00040        9.23390        1.80914        2        0.850224        -2.271883        -0.752624
Te        13.07716        2.02494        5.28336        2        1.284472        -1.094842        0.584159
Te        16.44962        3.37836        5.88090        2        -0.020659        1.578546        2.461032
Te        18.78457        10.39783        2.52571        2        0.429325        0.414861        0.311322
Te        15.58398        1.76606        1.94671        2        0.489571        -0.769519        -0.579326
Te        13.30741        5.17771        5.36840        2        0.143099        0.169478        -0.549657
Te        16.69422        6.79096        5.99024        2        0.048474        0.382347        0.842847
Te        18.84533        3.46440        2.32629        2        0.034852        -0.004821        0.170068
Te        15.49542        5.29700        1.77378        2        0.493079        -0.906236        0.018559
Te        13.61878        8.69148        5.28356        2        -0.706429        0.300500        0.498416
Te        16.87474        10.49664        6.17144        2        -0.413976        0.114264        -1.024916
Te        18.66048        7.06276        2.45727        2        1.303698        -0.616210        -0.224079
Te        15.53782        8.81401        1.97717        2        0.538691        0.306195        1.180491
