54
Lattice="19.174335959 0.000456436 -0.025753600 -0.000245188 11.952133320 0.000007040 0.013560858 0.000001769 30.000000000" Properties=species:S:1:pos:R:3:tags:I:1:forces:R:3 energy=-307.26207779 stress= -1.75932 -12.29205 5.02008 -2.30049 -0.34715 2.33966 pbc="T T T"
Mo        2.05002        11.67602        3.70562        1        1.381922        0.578063        -0.550944
Mo        4.58101        1.74864        3.99941        1        0.092214        0.580632        1.827921
Mo        1.96859        3.41350        3.85801        1        0.550165        0.259674        -1.527431
Mo        5.01556        6.99686        3.87688        1        -0.635620        -3.125334        -0.686862
Mo        2.66139        8.43109        3.61398        1        -1.408515        -1.034177        2.431754
Mo        4.68741        10.17633        3.95116        1        0.583104        -0.048998        0.501329
Mo        8.79978        0.53632        3.83734        1        -2.298368        -2.306193        0.076426
Mo        11.03834        2.01718        4.14684        1        -0.382948        2.111694        -0.041497
Mo        8.24475        3.89011        3.90858        1        1.657016        1.194150        0.874776
Mo        10.76076        5.85010        3.79442        1        0.474184        -0.989126        1.708802
Mo        8.30897        7.74801        4.02496        1        -0.144544        -0.926878        -0.588351
Mo        10.61109        10.25945        4.22244        1        0.664445        0.199173        1.276153
Mo        14.77098        0.04056        3.87557        1        0.678445        -0.365086        0.028398
Mo        17.31515        1.60406        3.96862        1        -2.223125        -0.446836        -1.132163
Mo        14.77776        3.64344        3.60739        1        0.777067        -0.611759        1.105497
Mo        17.38153        6.13385        3.91292        1        0.538930        -1.727007        0.861919
Mo        14.78681        8.18071        3.94846        1        0.981043        1.441899        -2.036986
Mo        17.22418        10.00985        4.27800        1        -1.417628        0.225669        -1.396060
Te        0.60180        1.76003        5.13412        2        -0.412246        -1.499434        1.016539
Te        3.81422        4.26216        5.40820        2        0.668158        -0.457411        0.022263
Te        6.22636        0.14401        2.39457        2        0.158217        -0.010740        0.276428
Te        3.28492        1.63495        1.95909        2        -3.116595        0.384289        -2.460013
Te        0.84279        5.51397        5.25708        2        -0.380697        0.478983        -0.412932
Te        4.34452        8.22927        5.99496        2        -0.906409        1.351888        -0.148568
Te        5.83952        3.89933        2.68752        2        -0.008428        0.712953        -0.146718
Te        2.89284        6.12782        2.24641        2        0.446206        -0.087879        0.333027
Te        0.74899        9.72916        5.23380        2        0.197838        0.442665        0.391449
Te        3.69335        0.07794        5.75697        2        0.120004        -1.025316        1.299897
Te        6.18559        8.11525        1.98828        2        0.494092        1.073374        -0.061693
Te        3.19704        10.07261        1.80691        2        -0.580966        1.025280        -1.865659
Te        6.90604        1.96228        5.22389        2        0.898633        -0.161595        1.061004
Te        10.04927        4.13256        6.03034        2        0.486886        -0.017322        -1.600049
Te        12.15607        11.88937        2.66221        2        0.835183        0.170287        -0.214193
Te        9.35428        2.35037        2.16847        2        -0.355125        0.041517        -3.144751
Te        6.91343        5.73127        5.53720        2        0.439969        1.428763        -0.095019
Te        10.39635        8.00227        5.69738        2        -0.560747        -0.853822        0.285437
Te        12.09142        3.68512        2.03204        2        0.695495        1.039943        1.148730
Te        8.82798        5.91609        1.98652        2        -0.053822        -0.087487        0.201722
Te        7.17731        9.96075        5.29928        2        0.201141        0.571827        0.125206
Te        10.19220        0.39624        5.99965        2        0.446213        -1.098829        1.722753
Te        12.00375        8.08902        2.90080        2        0.647847        0.446318        -0.593467
Te        8.92813        10.01718        2.32032        2        0.018409        0.283619        -0.938356
Te        13.48995        2.19091        5.46002        2        -0.148511        -0.616860        0.035958
Te        16.64714        3.74811        5.60755        2        -0.133638        0.578364        -0.229953
Te        18.71067        11.67256        2.39411        2        -0.151561        0.068341        0.476868
Te        15.35716        1.79452        1.84922        2        0.674509        -0.392667        -0.040894
Te        13.60788        5.97000        4.75209        2        -1.773168        -1.557159        0.526171
Te        16.59967        7.69222        5.83935        2        -0.049284        1.294077        1.483659
Te        18.43895        3.73045        2.81044        2        1.306664        0.808765        -0.883040
Te        15.50006        5.96010        2.25944        2        -1.102214        0.524232        -1.612030
Te        13.34186        9.90202        5.36188        2        -0.534639        0.993269        0.405650
Te        16.50120        0.18878        6.01451        2        -0.055538        -1.418762        0.191685
Te        18.79826        7.94033        2.92556        2        1.293831        1.126967        -0.851336
Te        15.43688        10.13545        1.94402        2        0.414054        -0.629390        1.550614
