54
Lattice="19.535457354 0.000008540 -0.000615361 -0.000005198 11.278316666 0.000045896 0.042448411 0.000094922 30.000000000" Properties=species:S:1:pos:R:3:tags:I:1:forces:R:3 energy=-315.30877816 stress= -14.55088 -15.19645 -1.09515 -0.47519 1.79713 0.51696 pbc="T T T"
Mo        2.38311        11.19062        4.12256        1        0.581453        -0.174634        0.600520
Mo        5.85558        1.76720        3.85488        1        -1.497425        1.281885        0.666774
Mo        2.36469        3.42315        4.04636        1        -0.771981        0.911968        0.744756
Mo        5.88164        5.55406        3.79279        1        -1.733045        -0.005142        0.411030
Mo        2.55407        7.22458        3.87310        1        0.032306        0.073390        0.905527
Mo        5.92286        9.33490        4.10750        1        -1.074241        0.726312        0.090332
Mo        9.10089        0.20544        4.21387        1        0.408308        -0.339067        -2.001374
Mo        12.09238        1.97955        3.85200        1        0.831351        -0.886889        -0.486214
Mo        9.06331        3.81187        3.75535        1        0.727035        0.570511        -0.067723
Mo        12.21685        5.70138        3.69433        1        -0.377349        -0.325382        0.551765
Mo        8.90734        7.59951        3.98252        1        1.500703        0.574804        -1.064819
Mo        12.26853        9.70314        3.93962        1        0.262833        -1.114299        -1.599028
Mo        15.48179        0.07854        3.89209        1        -0.380123        -0.944595        -0.231351
Mo        18.55642        1.81822        4.09478        1        0.573029        0.441669        0.795279
Mo        15.38660        3.85054        3.77892        1        0.609507        -0.098754        -0.925325
Mo        18.86902        5.55654        3.90304        1        -1.265399        -0.048405        0.292803
Mo        15.52044        7.67406        3.85316        1        -0.276969        0.270713        -0.079249
Mo        18.66834        9.32058        4.00451        1        0.986197        0.735998        0.017519
Te        1.14919        1.75270        6.01287        2        0.292438        -0.396981        -1.139065
Te        4.65249        3.77114        5.64915        2        0.336399        -0.778928        -0.500353
Te        1.11703        1.64331        2.41334        2        0.800436        -0.092129        -0.453573
Te        4.65194        11.14725        2.34595        2        -0.153819        -0.249969        0.057650
Te        1.33584        5.25426        5.73713        2        0.376550        1.062756        -0.195500
Te        4.83861        7.25573        5.69461        2        -0.537777        0.463220        -0.382031
Te        1.39701        5.29638        2.16131        2        0.438077        0.413907        0.283218
Te        4.34880        3.70784        2.30296        2        1.722076        -0.704572        -0.768015
Te        1.35778        9.07859        5.67286        2        0.263452        0.191002        -0.136799
Te        4.74907        0.01275        5.82863        2        -0.134680        -0.204992        -0.825734
Te        1.48332        9.34200        2.29478        2        -0.354545        -0.453743        0.188341
Te        4.87023        7.57921        2.29707        2        -0.521274        -0.312343        -0.691258
Te        7.86221        2.28108        5.56306        2        0.379739        -1.257072        1.173667
Te        11.11922        3.73847        5.64420        2        0.032682        0.965028        -0.710248
Te        7.99354        1.83464        2.15524        2        0.043994        -0.061461        0.154981
Te        11.16283        0.11630        2.04084        2        -0.517260        -0.046098        1.291537
Te        7.91259        5.72394        5.45727        2        0.440210        -1.143505        1.933224
Te        11.17963        7.59217        5.44295        2        0.217048        0.069815        0.654185
Te        7.99855        5.72418        2.16689        2        0.049275        0.032612        -1.243887
Te        11.31423        3.75881        1.92250        2        -0.885074        0.409137        0.599249
Te        8.00289        9.53881        5.80803        2        0.261702        -0.267652        0.671265
Te        11.36475        0.10289        5.84290        2        -0.815787        0.529298        -0.322004
Te        8.09223        9.54546        2.41565        2        -0.685470        0.736656        -0.613872
Te        11.10098        7.66793        2.05632        2        -0.006152        0.278583        0.869850
Te        14.34592        1.94541        5.40580        2        -0.244999        0.642390        1.048208
Te        17.43848        3.87407        5.60389        2        0.216270        -0.157350        0.035763
Te        14.24325        1.78716        2.00266        2        0.506232        0.772488        0.838714
Te        17.69077        0.03405        2.35121        2        -0.229722        -0.644917        -0.988337
Te        14.30832        5.77363        5.45794        2        0.157417        -0.158923        0.442828
Te        17.57759        7.57539        5.69319        2        0.124375        -0.844973        0.018150
Te        14.40799        5.85185        2.11350        2        0.254666        -0.247739        -0.660699
Te        17.78086        3.66061        2.07616        2        -0.727392        0.271339        1.028720
Te        14.30678        9.55296        5.73284        2        0.719708        -0.231096        -0.830182
Te        17.48053        11.18837        5.81224        2        0.245336        0.139037        -0.339075
Te        14.55497        9.60465        1.98401        2        -0.551353        -0.431751        1.197860
Te        17.85368        7.47243        2.22433        2        -0.674509        0.090702        -0.315949
