54
Lattice="18.429676749 0.000008540 -0.000615361 -0.000005198 10.639921383 0.000045896 0.042448411 0.000094922 30.000000000" Properties=species:S:1:pos:R:3:tags:I:1:forces:R:3 energy=-316.24877505 stress= 4.61057 4.00797 3.24994 -1.43194 0.77816 2.22889 pbc="T T T"
Mo        2.44261        0.01572        4.28792        1        0.684530        -0.370143        -2.201775
Mo        5.46947        1.91496        4.32581        1        -0.781859        0.237826        0.898512
Mo        2.48090        3.50454        4.04478        1        -1.367565        1.401424        -0.127024
Mo        5.36365        5.36858        4.27595        1        1.166039        1.370110        -0.196913
Mo        2.29849        7.03152        3.91281        1        -0.075968        0.929811        0.997173
Mo        5.43797        8.92630        4.04114        1        0.410531        -0.501141        0.073679
Mo        8.29510        0.06671        3.99121        1        0.961726        -0.587210        0.803034
Mo        11.59957        1.72634        3.84070        1        0.978810        0.409264        -1.358836
Mo        8.63010        3.49942        4.05978        1        0.033726        1.270846        0.203673
Mo        11.31891        5.33416        3.48428        1        0.327282        0.069756        1.930728
Mo        8.45021        7.04835        4.01191        1        -0.267000        1.091621        -1.079097
Mo        11.44223        8.59279        3.79536        1        0.299046        1.865783        -0.033723
Mo        14.45599        0.05445        3.64013        1        1.368516        0.417844        0.125886
Mo        17.75200        1.57897        4.06594        1        0.193505        2.788656        -0.929052
Mo        14.55693        3.40021        3.63443        1        -0.839299        0.654419        0.163674
Mo        17.62898        5.06635        3.75538        1        -0.131620        3.188173        0.823441
Mo        14.79725        7.09245        3.66654        1        -1.679853        0.649677        -0.305811
Mo        17.79682        8.74505        3.96682        1        -1.010090        0.231539        -0.245450
Te        1.32374        1.88892        5.80746        2        -0.140016        -0.679669        1.585713
Te        4.22376        3.71937        6.00830        2        0.858546        -0.687235        0.939928
Te        1.42985        1.65907        2.43291        2        0.868253        0.350130        -1.320139
Te        4.74244        0.18529        2.33663        2        -2.296728        -0.114433        0.524967
Te        1.11663        5.24018        5.77292        2        0.585624        0.256644        -0.867865
Te        4.28488        7.25998        5.83737        2        -0.253125        -0.438730        0.156280
Te        1.28554        5.24113        2.21818        2        1.171054        -0.586292        -1.191460
Te        4.59734        3.88878        2.40331        2        -1.160203        -3.151295        -1.232800
Te        1.33948        8.82060        5.81918        2        -0.490752        -0.597646        0.428024
Te        4.38456        10.56698        6.16897        2        0.729251        0.690705        -1.063024
Te        1.30039        9.04544        2.19713        2        2.115451        -1.113134        0.355660
Te        4.50608        6.97100        2.23240        2        -0.603260        1.414889        0.429194
Te        7.75424        1.93666        6.02449        2        -1.128999        -0.641535        -0.074085
Te        10.94168        3.55265        5.58666        2        -1.545700        0.302750        0.263773
Te        7.26907        1.88883        2.49870        2        0.949763        0.605475        -2.476903
Te        10.39716        0.00603        2.14933        2        -0.190068        -0.429891        0.204115
Te        7.40506        5.41554        5.98218        2        0.942472        -0.722224        -0.371410
Te        10.48258        6.87770        5.61452        2        0.510064        0.344810        0.605040
Te        7.45010        5.28837        2.30186        2        -0.258064        -0.298160        0.408721
Te        10.39383        3.47333        1.86421        2        -0.225084        -0.751339        0.525050
Te        7.48233        8.83052        5.78349        2        -0.209005        0.307698        0.408526
Te        10.39112        10.62349        5.60118        2        1.496017        -0.628277        0.120042
Te        7.53736        8.96765        2.09467        2        -1.140405        -0.716528        0.703821
Te        10.24428        7.19796        1.87340        2        0.185566        -0.582833        -0.215935
Te        13.75782        1.87000        5.63568        2        -1.051983        -0.912806        -0.586448
Te        16.52316        3.67652        5.60111        2        -0.442234        -1.880693        0.736857
Te        13.43078        1.66195        1.58829        2        0.384775        0.345101        1.840183
Te        17.09021        10.54762        2.10748        2        -2.360036        -0.026877        -0.350915
Te        13.37544        5.55107        5.25451        2        1.030923        -1.612427        0.426074
Te        16.59910        6.99581        5.59544        2        0.556311        -0.363810        0.478153
Te        13.48136        5.31913        1.89689        2        0.848281        -0.183262        -0.342711
Te        16.72933        3.21605        2.17078        2        0.059380        -0.193038        -1.665928
Te        13.63169        8.85076        5.42189        2        -0.309691        -0.000683        0.525762
Te        16.47911        0.01220        5.54956        2        -0.452939        -1.909057        1.417919
Te        13.56826        8.78329        1.99734        2        -0.432715        0.184411        -0.854349
Te        16.73819        7.11572        1.92738        2        1.143115        -0.677174        -0.032671
