54
Lattice="19.166863819 0.000008540 -0.000615361 -0.000005198 11.065518238 0.000045896 0.042448411 0.000094922 30.000000000" Properties=species:S:1:pos:R:3:tags:I:1:forces:R:3 energy=-316.70399239 stress= -12.27440 -10.53309 -4.67281 -0.45454 0.77268 -0.39205 pbc="T T T"
Mo        2.33426        0.09583        4.08090        1        0.325637        0.411865        -1.407834
Mo        5.83121        1.96404        3.73144        1        -1.261971        0.045542        -0.391617
Mo        2.42902        3.71605        3.93012        1        0.490403        -0.645700        0.577310
Mo        5.55967        5.50457        3.84568        1        0.231063        1.301130        0.942496
Mo        2.47511        7.52988        4.18903        1        0.407693        -0.272561        -0.866885
Mo        5.72432        9.39192        3.89707        1        0.630025        -0.045794        -0.161990
Mo        9.03553        10.84650        3.85627        1        -0.853667        1.348447        0.503008
Mo        11.86568        1.70875        3.98461        1        1.025803        0.163028        0.144139
Mo        8.70769        3.79456        3.84234        1        1.245059        0.103459        -0.116811
Mo        11.76789        5.56635        3.91372        1        1.225887        -1.252896        -0.893402
Mo        8.75506        7.46992        3.78942        1        1.029637        0.012045        -1.062353
Mo        12.03765        9.10702        3.77338        1        -0.177960        0.042299        1.311280
Mo        14.99782        10.93485        3.87354        1        1.308976        -0.193714        0.749259
Mo        18.22361        1.80482        3.92101        1        2.132440        1.194159        1.317186
Mo        15.28204        3.73157        4.05249        1        -0.718705        -1.324109        0.358347
Mo        18.46426        5.57503        4.07478        1        -0.697837        -1.052298        0.015706
Mo        15.21719        7.40862        4.00886        1        0.009948        -2.128302        -0.774003
Mo        18.31974        9.21039        3.92532        1        0.787592        -1.307629        1.233067
Te        1.32322        1.98550        5.88894        2        -0.104623        -0.528919        -1.490832
Te        4.55487        3.45869        5.58340        2        0.585814        1.631154        0.187550
Te        1.34117        1.99232        2.13436        2        -0.518056        -0.888373        0.894746
Te        4.50693        0.25772        2.07601        2        -0.072114        -0.918326        0.633035
Te        1.47749        5.51845        5.81837        2        -0.069813        0.452107        -0.200809
Te        4.78322        7.54647        5.86098        2        -0.617147        -0.321114        -1.349289
Te        1.45329        5.56648        2.34800        2        -0.284325        1.155354        -0.211879
Te        4.59386        3.81856        1.98877        2        -0.518920        -0.533580        0.540965
Te        1.26805        9.43498        5.87871        2        0.032591        -0.654016        -0.658158
Te        4.75323        0.27725        5.50707        2        -0.748641        -0.931836        0.655252
Te        1.27943        9.06968        2.22675        2        0.582650        0.924244        0.713594
Te        4.67131        7.61697        2.17131        2        -0.986468        -0.685703        0.840746
Te        7.84487        1.89252        5.54527        2        0.148839        -0.667356        0.163332
Te        10.61882        3.74908        5.76305        2        1.036461        -0.175689        -0.678310
Te        8.01941        1.84930        2.16561        2        -0.337455        -0.821968        -0.833183
Te        11.06457        10.93453        2.06900        2        0.044803        0.353815        -0.045657
Te        7.82279        5.78320        5.51703        2        -1.347817        -1.359940        0.762162
Te        10.86700        7.39812        5.59790        2        -0.337680        0.279973        0.002751
Te        7.53610        5.48273        1.96543        2        0.816743        0.577275        0.652184
Te        10.96404        3.43390        2.19660        2        -0.529285        1.505077        -0.209837
Te        7.84089        9.24589        5.72492        2        -0.219821        -0.003626        -0.673493
Te        10.99965        10.92998        5.79696        2        -0.025896        -0.266727        -0.815866
Te        7.82659        9.25071        2.01512        2        -0.526291        0.231403        0.054464
Te        11.02039        7.34465        1.92210        2        -0.724568        -0.271755        0.833900
Te        14.05864        1.59734        5.67428        2        -0.122875        1.202603        0.082688
Te        17.50509        3.52203        5.95861        2        -0.954537        0.941599        -1.234399
Te        14.22725        1.90871        2.12950        2        -0.666684        -0.265583        1.086041
Te        17.34058        10.99812        2.34148        2        -1.299445        0.116944        -2.089749
Te        13.92633        5.46757        5.67473        2        0.379713        0.309609        -0.076082
Te        17.30332        7.41697        5.76729        2        0.269994        -0.132370        -0.054833
Te        14.18622        5.42098        2.18569        2        -0.535457        0.592901        0.894929
Te        17.24855        3.70591        2.24214        2        0.790876        0.297062        0.151529
Te        14.00233        8.92606        5.71857        2        -0.085829        1.625691        0.314623
Te        17.21008        11.01980        5.66023        2        -0.508880        -0.122272        0.091383
Te        14.20521        9.04809        2.17756        2        -0.200241        0.243930        -1.187301
Te        17.27914        7.19749        2.14648        2        0.526082        0.723658        0.741558
