54
Lattice="19.535457354 0.000008540 -0.000615361 -0.000005198 10.639921383 0.000045896 0.042448411 0.000094922 30.000000000" Properties=species:S:1:pos:R:3:tags:I:1:forces:R:3 energy=-318.66997127 stress= -12.65532 -3.91774 -3.06150 1.13872 -1.20748 0.15675 pbc="T T T"
Mo        2.43169        10.40770        3.90810        1        -0.021470        1.093937        0.170021
Mo        5.71232        1.91095        3.85824        1        -0.942932        0.025498        0.355401
Mo        2.57823        3.61652        3.74295        1        0.570248        -0.060005        0.782892
Mo        5.89777        5.45911        3.87781        1        -0.289244        -0.532499        -0.050997
Mo        2.43868        7.07456        4.03391        1        -0.146297        -0.579734        -0.800119
Mo        5.81539        9.02838        4.11137        1        -0.892875        -1.000870        -2.233836
Mo        9.01049        0.06431        3.94262        1        0.279393        -1.018772        -1.032331
Mo        12.25930        1.69020        3.72376        1        0.144446        0.156458        0.129795
Mo        9.03525        3.62249        3.81104        1        -1.406169        0.370104        -0.718883
Mo        12.31387        5.29285        4.03930        1        0.032815        -0.156618        -1.539858
Mo        8.97255        6.99924        3.83148        1        0.073616        0.112551        -0.472258
Mo        12.23055        8.84894        3.93882        1        -0.191507        -0.475158        0.308861
Mo        15.50984        10.41917        3.99501        1        0.439638        1.104506        0.327323
Mo        18.73236        1.90052        4.07399        1        0.455316        0.485519        -0.312136
Mo        15.65063        3.41921        4.00507        1        -1.013734        0.996693        -1.044142
Mo        18.71982        5.32285        3.95036        1        0.225177        0.490980        -0.101847
Mo        15.56904        6.93980        4.11407        1        -1.395717        0.376226        -1.461690
Mo        18.77609        8.97052        4.07898        1        0.382175        0.134288        -0.569324
Te        1.59491        1.79085        5.54746        2        -0.618350        -0.234454        0.420929
Te        4.65600        3.69512        5.68757        2        0.129835        -0.125205        -0.916282
Te        1.40223        1.71124        2.23224        2        -0.647144        -0.022657        -0.356987
Te        4.46737        0.16688        2.21400        2        1.043044        -0.909015        -0.437409
Te        1.39091        5.10207        5.68541        2        -0.054372        0.875570        -0.205981
Te        4.75607        7.12031        5.77074        2        -0.309859        0.165420        -0.280662
Te        1.30685        5.42356        2.13503        2        0.126815        -0.455147        0.149680
Te        4.82618        3.77299        2.02518        2        -0.592245        -0.456354        0.278105
Te        1.39958        8.73296        5.77467        2        -0.313443        0.616965        0.805462
Te        4.55246        0.02141        5.66407        2        0.032353        1.108858        0.946313
Te        1.18754        8.75422        2.12735        2        0.547234        0.129346        0.562020
Te        4.52998        7.25219        2.27855        2        0.676934        0.290691        0.289808
Te        7.80108        1.90919        5.52827        2        0.541924        -0.243148        0.973923
Te        11.05816        3.36402        5.49566        2        0.732176        0.489427        1.059223
Te        7.86558        1.69285        2.17980        2        0.037582        0.744629        -0.713380
Te        11.08832        10.57422        2.06307        2        0.008584        -0.167097        0.170156
Te        7.89357        5.34723        5.75791        2        0.486605        -0.172589        -0.943063
Te        11.07594        6.92657        5.77677        2        0.040738        0.881137        -0.741853
Te        7.91912        5.28449        1.78357        2        0.204195        0.373159        1.799985
Te        11.24171        3.63409        2.12336        2        -0.090318        -0.146910        -0.267200
Te        8.05291        8.86285        5.60792        2        -0.173218        -0.081734        0.883475
Te        11.19214        0.06010        5.64384        2        -0.164277        -0.277285        0.128793
Te        7.65199        8.84741        2.11357        2        1.218247        0.255595        0.663069
Te        11.18014        7.10954        2.10472        2        0.038124        -0.349385        0.839852
Te        14.33767        1.66412        5.50806        2        -0.054011        -0.383912        1.041105
Te        17.68239        3.70836        5.85335        2        -0.078380        -0.501550        -0.167131
Te        14.55465        1.63585        2.05846        2        -0.105452        -0.065986        0.878758
Te        17.70421        0.09627        2.39974        2        -0.286583        -0.175338        -0.873776
Te        14.35693        5.08051        5.87095        2        0.548835        0.412427        -0.628571
Te        17.67276        7.25317        5.71834        2        0.117581        -1.124154        0.942524
Te        14.45155        5.22565        2.09852        2        0.232661        0.021844        1.641431
Te        17.60589        3.59970        2.11908        2        0.673299        -0.284943        0.606335
Te        14.35323        8.72883        5.84876        2        -0.021301        -0.047548        -0.540741
Te        17.69105        0.21387        5.94415        2        -0.189528        -0.797554        -0.777396
Te        14.39850        8.75943        2.24382        2        0.153053        -0.746661        0.155559
Te        17.64541        7.18676        2.19477        2        -0.158656        -0.118162        0.871021
