54
Lattice="19.535457354 0.000008540 -0.000615361 -0.000005198 11.278316666 0.000045896 0.042448411 0.000094922 30.000000000" Properties=species:S:1:pos:R:3:tags:I:1:forces:R:3 energy=-310.68058342 stress= -11.84439 -12.26004 0.71758 -1.87435 -1.01110 -0.40278 pbc="T T T"
Mo        2.85509        0.00447        4.30086        1        -2.427481        -0.452344        -0.064807
Mo        5.86184        1.48110        4.05280        1        0.627886        0.551565        0.521743
Mo        2.54691        3.55780        4.01844        1        0.248031        0.804355        0.022831
Mo        5.74026        5.68501        4.16944        1        -1.252678        -1.117572        -1.131884
Mo        2.37467        7.69244        4.40775        1        1.872700        -2.038248        -0.672250
Mo        5.54946        8.97263        4.19921        1        1.411823        2.578631        -0.666788
Mo        8.86776        10.92126        3.71012        1        0.623714        -0.086125        -0.280221
Mo        12.28153        1.84668        3.73152        1        0.018302        -0.653897        -1.136843
Mo        8.77150        3.55408        3.98297        1        0.297652        -0.220401        -0.783712
Mo        12.38756        5.60286        3.83353        1        -0.479517        0.286566        0.005593
Mo        8.77612        7.34002        4.02997        1        0.525338        0.044053        -2.086423
Mo        12.18606        9.42422        3.96379        1        0.274954        -0.665499        -0.329971
Mo        15.50563        0.22792        3.76540        1        -1.676808        0.398146        -1.243018
Mo        18.86388        2.10970        3.84374        1        0.340044        -1.442983        -1.016557
Mo        15.48249        4.18791        3.69969        1        0.413755        -1.290114        -2.424968
Mo        18.80466        5.91712        3.69222        1        1.291560        1.844392        -2.318704
Mo        15.47300        8.04247        3.76826        1        1.052929        -2.274107        2.548245
Mo        18.69725        9.56677        3.91085        1        -0.096547        0.360645        1.639370
Te        1.55236        1.83862        5.87332        2        -0.887695        0.516375        -0.148920
Te        4.72303        3.42516        5.69194        2        0.286047        0.637325        0.318543
Te        1.66208        1.65616        2.36640        2        -0.276760        0.149646        -0.273849
Te        4.74460        10.93601        2.53577        2        -0.312030        -0.171385        -1.631900
Te        1.28417        5.59242        5.59259        2        -0.257067        -0.503289        1.115569
Te        4.51808        7.43574        5.99346        2        -0.214985        -1.143706        1.359022
Te        1.84640        5.70976        2.36628        2        -1.358428        -0.118530        0.055241
Te        4.76957        3.55401        2.38926        2        -0.059030        0.127389        0.411727
Te        1.43414        9.70592        6.06145        2        -0.713097        -0.536792        -0.396474
Te        4.89778        11.05369        6.06310        2        0.145141        0.057825        -0.363335
Te        1.42729        9.29396        2.69399        2        0.585319        1.961502        -2.358145
Te        4.40795        7.47649        2.33000        2        0.169253        -0.697503        0.599470
Te        8.21143        1.40231        5.60803        2        -1.307314        0.864816        0.305580
Te        11.14600        3.58035        5.39964        2        0.066035        0.670116        1.145280
Te        7.62592        1.39764        1.94991        2        0.853484        0.644462        1.157578
Te        11.25340        11.04777        1.92567        2        -0.842952        0.569472        1.132307
Te        7.81423        5.72013        5.83353        2        0.330208        -1.707026        0.632026
Te        11.06028        7.28006        5.60170        2        0.604501        0.534180        0.167554
Te        7.64114        5.22947        2.21330        2        0.501812        1.371418        0.387999
Te        11.02032        3.73458        2.15743        2        -0.006916        0.064726        0.094281
Te        7.74030        9.13084        5.77543        2        0.886591        0.390306        -0.416730
Te        11.08315        11.20123        5.49988        2        -0.236100        0.632912        0.188840
Te        7.50702        9.05866        2.09806        2        0.686507        -0.501966        1.096092
Te        11.09374        7.52551        2.29234        2        -0.452144        -0.526180        -0.145944
Te        14.50284        2.12118        5.38943        2        -0.522762        0.762690        -0.041219
Te        17.79803        4.13876        5.04079        2        -1.548045        -1.569523        4.093794
Te        14.42782        2.23620        1.74780        2        0.000823        -0.436849        1.706915
Te        17.75957        0.07794        2.19883        2        -0.072770        0.933592        -0.804893
Te        14.74971        5.83285        5.56275        2        -1.338599        1.145944        0.196278
Te        17.79696        7.70293        5.58330        2        -0.878712        -0.032502        -0.056851
Te        14.45102        6.17935        2.01223        2        -0.253391        -0.805178        0.373338
Te        17.70144        4.14493        1.78987        2        0.186737        -0.369393        0.822415
Te        14.24906        9.90775        5.79286        2        0.691382        -0.937893        -1.222533
Te        17.37689        0.38086        5.53820        2        2.046339        -0.445060        0.765481
Te        14.23283        9.57512        2.18087        2        -0.034127        1.448806        -1.249942
Te        17.58482        7.80263        1.99496        2        0.485856        0.355177        0.446419
