54
Lattice="21.194128261 0.000008540 -0.000615361 -0.000005198 10.639921383 0.000045896 0.042448411 0.000094922 30.000000000" Properties=species:S:1:pos:R:3:tags:I:1:forces:R:3 energy=-308.27823959 stress= -22.04441 -6.50901 -1.10671 1.22403 2.07979 0.03905 pbc="T T T"
Mo        2.84827        0.07533        4.09015        1        -0.319486        0.552691        1.139385
Mo        6.40666        2.00291        3.92717        1        -0.320802        0.518275        0.107848
Mo        2.67887        3.73111        4.19176        1        -0.350481        0.004164        -0.649444
Mo        6.45912        5.51023        3.86401        1        0.302401        -0.729414        -0.851396
Mo        2.59446        7.10678        3.84651        1        1.531717        0.592956        1.853451
Mo        6.70907        9.22049        3.82055        1        -1.088467        -0.703915        -0.350378
Mo        10.18984        0.15075        3.71075        1        -2.249887        -1.461148        -0.237613
Mo        13.12481        1.34355        3.74978        1        0.334137        -0.072379        0.186402
Mo        9.91749        3.52412        3.72913        1        -0.194862        1.117416        1.065620
Mo        13.26390        5.30444        3.75586        1        0.907678        -1.197951        0.590234
Mo        9.91125        7.01853        3.93029        1        -1.981248        -0.404845        0.294480
Mo        13.06470        8.62270        3.93269        1        0.824532        1.047363        -1.169097
Mo        16.64259        10.57776        3.83308        1        -0.391728        0.359210        1.026977
Mo        20.37588        1.78716        4.10849        1        -0.567863        1.242025        0.388050
Mo        16.58371        3.14635        3.95990        1        -0.090976        0.980500        0.178792
Mo        20.04456        5.38575        4.04611        1        0.222896        0.485290        1.646921
Mo        16.83430        7.04239        3.75863        1        -0.190358        -1.037077        1.168378
Mo        20.26233        8.93253        4.03107        1        0.775996        -0.821835        2.151454
Te        1.38827        1.87272        5.78034        2        0.757929        -0.307152        0.109155
Te        5.00640        3.95478        5.62095        2        0.732449        -0.757926        0.078967
Te        1.73029        1.96484        2.41055        2        -0.734969        -0.449689        -0.267351
Te        4.94420        0.28602        2.30507        2        1.129528        -0.094959        -0.296472
Te        1.17504        5.45423        5.70164        2        0.229083        0.112994        0.036560
Te        5.42922        7.34202        5.35805        2        -0.574576        0.909051        1.159499
Te        1.22345        5.38254        2.42837        2        -0.204574        -0.601176        -0.582849
Te        5.14302        3.80738        2.19013        2        -0.192150        -0.368939        0.485460
Te        1.91412        8.76676        5.96596        2        -0.399746        0.358878        -1.075840
Te        5.15761        0.19118        5.63564        2        0.915465        0.129658        0.082616
Te        1.73095        9.04864        2.37492        2        -1.472035        0.003243        -1.029935
Te        5.10234        7.31209        2.15867        2        0.335978        0.154651        0.302450
Te        8.87814        1.91962        5.66096        2        -0.402428        -0.654316        -0.990571
Te        12.13899        3.34230        5.33967        2        -0.012282        0.296178        0.713707
Te        8.73167        1.98235        2.04578        2        -0.706375        -1.473889        -0.144060
Te        12.17472        10.29493        1.87924        2        -0.244948        0.080742        0.227585
Te        8.65367        5.20334        5.70602        2        0.233201        0.474351        -1.130570
Te        12.06670        6.90811        5.59191        2        -0.145567        -0.927875        1.311117
Te        8.64940        5.32507        2.02889        2        0.034261        0.294885        0.829511
Te        12.27837        3.27662        2.11025        2        -0.875159        0.989282        -0.697257
Te        8.92957        8.93862        5.60294        2        -0.524352        0.623090        -0.913901
Te        11.90718        10.29838        5.64528        2        1.119681        1.044438        0.525072
Te        8.90491        8.78760        1.94024        2        -0.308313        0.924356        1.407752
Te        11.80046        6.90176        2.20133        2        1.730337        0.021958        -1.651242
Te        15.01273        1.38456        5.55715        2        1.869841        0.363012        0.528057
Te        18.83751        3.51901        5.91226        2        0.467506        -0.149070        -1.225961
Te        15.18848        1.53824        1.92350        2        1.476054        0.079555        0.923832
Te        19.10420        0.03809        2.52082        2        -0.415336        0.505401        -2.000420
Te        15.79263        5.12501        5.74427        2        -0.744381        0.112130        -1.394690
Te        18.74545        7.21434        5.85628        2        1.116359        -0.135058        -1.345822
Te        15.64628        5.08207        2.13314        2        -0.164399        0.273153        0.443322
Te        18.97146        3.56053        2.48596        2        -0.069462        -0.840077        -0.922014
Te        15.64194        8.62132        5.64393        2        -0.645464        0.538464        -0.653201
Te        18.95943        0.13231        5.73310        2        0.023710        -0.714721        -0.016065
Te        15.37509        8.83436        2.28281        2        0.119022        -0.988352        -0.774275
Te        19.21847        7.23519        2.26745        2        -0.563152        -0.273201        -0.583223
