54
Lattice="18.429676749 0.000008540 -0.000615361 -0.000005198 11.065518238 0.000045896 0.042448411 0.000094922 30.000000000" Properties=species:S:1:pos:R:3:tags:I:1:forces:R:3 energy=-316.79674056 stress= -2.13034 -7.74292 -2.46731 2.10842 -2.67878 -0.39781 pbc="T T T"
Mo        2.24611        0.14743        3.85406        1        0.958677        -2.067025        -1.425470
Mo        5.50242        2.05721        4.02891        1        -0.180501        -1.184488        -1.189680
Mo        2.34555        3.66785        3.74672        1        -1.028064        -0.552698        0.367582
Mo        5.15743        5.47204        3.89784        1        -0.184375        -0.351776        0.522565
Mo        2.21908        7.67666        3.73719        1        0.590863        -0.558063        0.631978
Mo        5.47800        8.99803        3.99554        1        -0.861611        -0.346216        1.197460
Mo        8.41010        10.99552        4.22420        1        0.609394        0.710978        -0.670635
Mo        11.56762        1.79521        4.15600        1        0.359095        1.087383        -0.075487
Mo        8.38929        3.51359        3.95096        1        1.720220        1.299519        -0.613141
Mo        11.52074        5.26369        4.05910        1        0.560347        0.805889        0.353228
Mo        8.52800        7.15948        3.97294        1        0.344090        1.628742        0.556312
Mo        11.63407        9.13777        4.30399        1        -0.895512        -0.161544        -2.527314
Mo        14.49753        0.06039        3.78299        1        1.074739        -0.840837        1.077306
Mo        17.77230        1.98806        3.80105        1        -1.017801        0.682917        -0.655678
Mo        14.93485        3.76103        3.87335        1        -0.878162        -1.936961        -0.473235
Mo        17.45679        5.60094        3.73534        1        1.095135        0.159704        0.001267
Mo        14.57537        7.49464        3.93421        1        0.221635        -0.780494        -0.721196
Mo        17.67366        9.30761        3.82882        1        0.997421        -0.032861        -0.100744
Te        1.48745        1.80977        5.56467        2        -1.708825        1.545693        1.320910
Te        4.20255        3.41614        5.81650        2        0.019201        2.110842        -0.300640
Te        1.16102        1.78703        1.96690        2        1.342252        1.176047        -0.573647
Te        4.63631        0.01426        2.41245        2        -0.709580        -0.025582        -0.639147
Te        1.24929        5.52902        5.40977        2        -0.155824        0.654065        -0.280012
Te        4.06863        7.27905        5.90940        2        0.764210        0.170643        -1.838473
Te        1.19259        5.81919        2.01353        2        -0.023490        -0.730160        0.372104
Te        4.18484        3.78379        1.96023        2        1.677336        -0.484679        -0.016116
Te        1.37985        9.37241        5.65717        2        -0.904473        0.021971        -0.210596
Te        4.38803        10.97574        5.67999        2        0.421172        0.391295        -0.513105
Te        1.14573        9.66665        1.84985        2        0.839945        -1.599064        0.956987
Te        4.32604        7.26180        2.08273        2        0.311679        1.100575        0.052287
Te        7.43839        2.11696        5.89172        2        -0.309452        -2.006093        0.650193
Te        10.45473        3.69282        5.94122        2        0.006169        -0.936711        -0.582011
Te        7.56443        1.68607        2.17665        2        -0.385182        -0.028389        0.359130
Te        10.65668        11.02231        2.37448        2        -0.899504        -0.514556        1.107353
Te        7.30497        5.41887        5.53379        2        -0.382877        -0.062242        1.035938
Te        10.53094        7.13188        5.95030        2        0.154353        0.213215        -0.693819
Te        7.48851        5.49575        2.10746        2        -0.650248        -0.623124        0.533651
Te        10.53197        3.51405        2.22901        2        -0.209316        -0.104260        0.332727
Te        7.51089        9.00928        5.89193        2        -0.268430        -0.099933        -0.407216
Te        10.65033        11.03162        5.94974        2        -0.714857        0.034354        0.210730
Te        7.53854        9.14582        2.34912        2        0.510995        -0.137051        -0.450554
Te        10.74300        7.27533        2.41277        2        -0.480499        0.022024        -0.183531
Te        14.01477        1.94919        5.69629        2        -1.715082        -0.282072        0.114666
Te        16.81478        3.65342        5.72786        2        0.863875        0.814225        -0.185394
Te        13.51767        1.94097        2.23845        2        0.190649        0.201706        -0.496548
Te        16.60529        10.99784        2.03176        2        -0.495605        1.330206        0.125255
Te        13.79237        5.37053        5.65277        2        -0.430301        1.128545        0.295905
Te        16.77602        7.45976        5.58121        2        -0.659148        -0.027485        0.380296
Te        13.55124        5.23233        2.23157        2        -0.237062        2.143900        -0.537817
Te        16.62413        3.99945        1.70860        2        0.387047        -1.146900        1.112948
Te        13.73103        9.25571        5.76946        2        0.802654        0.336628        0.787004
Te        16.70580        0.20135        5.45445        2        -0.099469        -0.941387        0.583297
Te        13.46493        9.25454        2.06533        2        -0.135459        -0.327092        0.979053
Te        16.54345        7.64491        2.00490        2        -0.221161        -0.900359        0.359619
