54
Lattice="19.557416337 0.000456147 -0.025753600 -0.000245476 10.309403738 0.000007040 0.013560576 0.000001770 30.000000000" Properties=species:S:1:pos:R:3:tags:I:1:forces:R:3 energy=-317.51395094 stress= -3.39971 -0.99672 -0.59995 -0.44926 0.43517 0.38056 pbc="T T T"
Mo        2.18331        10.26702        3.81323        1        -0.598214        -0.129615        0.413581
Mo        4.53028        1.64653        3.95935        1        -0.214057        -1.198625        -0.350841
Mo        2.11845        3.32433        3.72556        1        -0.523237        0.543102        -0.792834
Mo        4.52054        5.06369        3.91134        1        0.272327        0.081736        0.557605
Mo        2.33649        6.95130        3.93085        1        -0.666877        -1.141611        -0.067117
Mo        4.85463        8.37970        3.90515        1        -2.287514        0.912762        1.984809
Mo        8.80574        10.27354        3.96842        1        -0.441948        -0.507995        0.159862
Mo        10.97313        1.59882        4.05127        1        0.787427        -0.423615        -1.850241
Mo        8.54929        3.27621        3.81590        1        0.931971        0.572821        -0.816251
Mo        11.00782        5.28568        4.09064        1        0.553267        -0.821015        -0.030106
Mo        8.64993        6.74004        4.01993        1        1.520741        0.186597        0.003818
Mo        11.32554        8.55916        4.10184        1        -1.341942        -0.286673        0.961181
Mo        15.34575        0.07974        3.93370        1        -1.375464        0.540450        -1.522837
Mo        17.59387        1.89917        3.91622        1        -1.455339        -0.600047        0.962505
Mo        15.05626        3.59063        3.69535        1        1.687359        -0.656403        0.128841
Mo        17.57418        5.33856        3.86881        1        1.238331        -0.234704        0.125371
Mo        15.25899        6.91911        3.67957        1        1.015949        -0.192599        1.151847
Mo        17.75221        8.78019        4.10826        1        -2.433477        -0.824287        -0.075023
Te        0.41536        1.78880        5.36885        2        0.681922        0.033523        -0.334830
Te        3.67273        3.29804        5.82079        2        0.703987        0.721005        0.686559
Te        6.38141        10.12924        2.44394        2        -0.321029        0.984897        0.141401
Te        2.71821        1.50228        1.78136        2        0.592561        1.108974        0.063176
Te        0.61510        5.28768        5.37787        2        -0.379092        -0.589034        -0.206093
Te        4.13153        6.81364        6.06980        2        -0.487277        -0.206368        -1.212710
Te        6.08771        3.34833        2.28200        2        0.011044        0.235597        0.550421
Te        2.68599        5.19763        1.78765        2        0.458298        -0.415771        0.852990
Te        0.59558        8.65699        5.47445        2        0.430062        0.095750        0.073422
Te        3.66220        10.22921        6.01216        2        1.144656        -0.039628        -1.025218
Te        6.53583        7.01517        2.39173        2        -1.055242        -1.488372        -0.490986
Te        3.00253        8.47502        1.94515        2        -0.044848        0.704433        -1.020213
Te        7.07145        1.59829        5.50035        2        -0.353389        0.152581        -0.417882
Te        10.29164        3.21123        5.87015        2        -0.304110        2.008650        1.273622
Te        12.77559        0.03890        2.53586        2        0.209298        0.237260        -0.116532
Te        9.21003        1.51310        1.82704        2        0.686174        0.831847        0.573481
Te        6.96173        5.00246        5.47447        2        0.113277        -0.122287        -0.732364
Te        10.42879        6.80140        6.18991        2        -0.008671        0.303207        -0.642888
Te        12.62951        3.60635        2.52445        2        -0.671475        -0.501075        -0.603984
Te        9.47821        5.21465        1.85509        2        -0.587033        -0.723465        1.029933
Te        7.03394        8.52201        5.49251        2        0.903952        0.230500        0.277914
Te        10.59223        10.18904        6.11102        2        -0.341384        0.206266        -0.145562
Te        12.80198        6.97731        2.41947        2        -0.582008        -0.559716        -0.199833
Te        9.67147        8.52866        2.11846        2        -0.896300        -0.226903        -0.710490
Te        13.44739        1.81575        5.39017        2        0.960286        -0.028804        -0.233038
Te        16.84123        3.70142        5.77513        2        -0.248475        -0.824484        0.726435
Te        18.95099        0.02502        2.48797        2        2.349413        0.587964        -1.294798
Te        15.80451        1.78856        1.73641        2        0.062218        -0.193341        1.117208
Te        13.74408        5.33015        5.21091        2        -1.429344        -0.385885        1.212367
Te        16.95418        6.99343        5.88319        2        -0.328157        -0.380936        0.490109
Te        19.03867        3.41310        2.27555        2        0.857803        0.539934        0.013713
Te        16.05897        5.23117        1.72881        2        -0.767335        -0.171781        -0.494065
Te        13.75842        8.59438        5.29690        2        0.207787        0.273550        0.955097
Te        16.77670        0.15242        6.14377        2        0.974581        0.193207        -0.721365
Te        19.29825        6.90049        2.42163        2        0.284700        0.591268        0.300821
Te        15.97033        8.66380        1.93123        2        0.468629        1.011005        -0.672990
