54
Lattice="19.557416337 0.000456147 -0.025753600 -0.000245476 10.309403738 0.000007040 0.013560576 0.000001770 30.000000000" Properties=species:S:1:pos:R:3:tags:I:1:forces:R:3 energy=-321.50334625 stress= -4.96821 -2.05696 0.22160 -0.75904 0.73749 0.25105 pbc="T T T"
Mo        2.13123        0.00409        3.96852        1        0.069976        0.215677        -0.908768
Mo        4.56898        1.60872        3.95074        1        0.394909        0.647636        0.910461
Mo        2.12379        3.45409        3.93944        1        0.273589        0.102720        -0.269495
Mo        4.62102        5.12663        3.99598        1        -0.040386        -0.441772        0.281057
Mo        2.13918        6.92427        3.95053        1        -0.197886        -0.278029        0.608380
Mo        4.54504        8.48096        3.95574        1        0.551279        0.953361        0.724073
Mo        8.75492        10.21733        3.79733        1        -0.587046        0.361099        -0.525272
Mo        11.10363        1.66348        3.88203        1        -0.095120        0.260374        1.153959
Mo        8.72964        3.32367        3.72883        1        0.363273        0.401662        -0.223698
Mo        11.09683        5.14621        3.90560        1        0.039108        -0.252592        0.472601
Mo        8.75765        6.80921        3.77926        1        -0.241557        0.251713        0.219290
Mo        11.16703        8.51112        3.94360        1        -1.104786        0.599486        0.506795
Mo        15.23696        10.30923        3.83286        1        0.093430        0.484771        -0.100082
Mo        17.57385        1.78868        4.08182        1        0.277813        -0.054653        -0.761972
Mo        15.18602        3.48875        3.79310        1        0.189271        -0.569567        0.412329
Mo        17.61658        5.28753        4.04428        1        0.000085        -0.470019        -0.438086
Mo        15.21832        6.90478        3.75595        1        0.651996        -0.390541        0.901299
Mo        17.59874        8.70738        4.03507        1        -0.037551        -0.003218        0.224472
Te        0.47618        1.72929        5.56970        2        0.340071        0.104888        -0.412269
Te        3.87347        3.38556        5.93113        2        0.474109        -0.068664        0.326115
Te        6.17520        10.25371        2.42133        2        0.106692        -0.251998        -0.034730
Te        2.84675        1.78269        1.94234        2        -0.354174        -0.568292        -0.008827
Te        0.51025        5.13582        5.56187        2        0.166918        0.319862        -0.368586
Te        3.95379        6.84938        5.94312        2        -0.032698        -0.208949        0.630474
Te        6.23538        3.33032        2.37398        2        -0.418051        0.266720        0.099343
Te        2.86740        5.22266        2.00798        2        -0.308259        -0.370723        -0.455238
Te        0.48923        8.65720        5.63065        2        0.357231        -0.101606        -0.601745
Te        3.91218        10.29277        5.98461        2        0.280237        -0.389602        -0.142914
Te        6.16794        6.79986        2.41405        2        0.262559        0.217177        -0.113000
Te        2.75508        8.51076        1.93903        2        0.085652        0.989827        -0.096393
Te        7.18404        1.74373        5.28660        2        -0.674037        -0.595816        0.319581
Te        10.38790        3.46726        5.90018        2        0.187793        -0.642232        -0.524429
Te        12.76381        10.30023        2.44097        2        -0.128853        -0.162017        -0.338529
Te        9.40611        1.64002        1.73133        2        0.009068        -0.166686        0.426145
Te        7.15935        5.08889        5.28463        2        -0.214399        0.183959        0.170162
Te        10.43308        6.77816        5.97157        2        0.041373        0.500890        -0.681054
Te        12.71527        3.41065        2.31431        2        -0.129733        0.098554        0.263124
Te        9.40838        5.11589        1.79379        2        -0.061075        -0.003523        -0.147324
Te        7.11823        8.59781        5.45321        2        0.043811        -0.300613        -0.736809
Te        10.30149        10.26308        5.96004        2        0.846532        0.070003        -0.615871
Te        12.73049        6.85121        2.46654        2        0.140874        -0.055804        -0.835829
Te        9.31060        8.57186        1.78084        2        0.526044        -0.383382        0.371012
Te        13.59903        1.75028        5.33582        2        -0.348551        -0.115733        -0.063090
Te        16.81083        3.55801        5.93106        2        0.113297        -0.049368        0.484040
Te        19.28813        0.08065        2.49368        2        -0.414786        0.116931        0.245309
Te        15.91152        1.70120        1.91126        2        0.306329        0.280266        -0.333659
Te        13.59349        5.15114        5.31544        2        -0.147220        0.212928        0.047973
Te        16.90665        7.01655        5.97172        2        -0.329626        -0.414445        -0.017646
Te        19.35280        3.50977        2.42580        2        -1.090327        -0.024357        0.599593
Te        15.95651        5.11032        1.90053        2        0.260734        0.603454        -0.856355
Te        13.67933        8.61935        5.22345        2        -0.895912        -0.338189        1.098528
Te        16.84043        0.06491        6.00668        2        0.120510        0.216747        0.170968
Te        19.23147        7.05884        2.57639        2        0.097788        -0.720675        -0.414140
Te        15.94321        8.62808        1.87689        2        0.175637        -0.050881        -0.605639
