54
Lattice="19.535457354 0.000008540 -0.000615361 -0.000005198 11.278316666 0.000045896 0.042448411 0.000094922 30.000000000" Properties=species:S:1:pos:R:3:tags:I:1:forces:R:3 energy=-315.23413403 stress= -14.30133 -15.65729 -1.85552 -1.23734 0.20616 0.22451 pbc="T T T"
Mo        2.38155        11.02155        3.73499        1        0.384224        0.257208        0.952848
Mo        5.61999        1.87917        3.77923        1        -0.408040        -0.228072        -0.081019
Mo        2.34585        3.61744        4.11644        1        0.025368        0.353352        -0.944464
Mo        6.01689        5.75737        4.03365        1        -1.649682        -0.625805        -0.291882
Mo        2.25319        7.48588        3.80641        1        0.906837        -0.924045        1.178928
Mo        5.66914        9.33791        3.66197        1        1.026634        1.065808        -0.159968
Mo        8.88641        11.14381        3.68201        1        0.026380        1.094895        0.138083
Mo        12.18286        2.03641        3.92030        1        -0.361806        -0.321032        0.263413
Mo        8.98691        3.75662        4.07169        1        0.252550        -0.240892        -0.133904
Mo        12.42255        5.82099        3.91177        1        -0.910197        0.594308        0.656513
Mo        9.23869        7.62072        3.87955        1        -0.856596        -0.124186        1.556380
Mo        12.30097        9.48607        3.94333        1        0.295840        0.772468        0.199714
Mo        15.70472        0.29125        3.89309        1        -1.383042        -0.919595        0.233602
Mo        18.68566        1.67934        4.06266        1        0.003350        0.891738        -1.380501
Mo        15.46619        3.87943        4.04080        1        -0.600559        0.223649        0.299525
Mo        18.80248        5.44920        4.14777        1        -0.849880        -0.307098        0.927851
Mo        15.69285        7.51050        3.90722        1        -0.447695        0.905477        0.012846
Mo        18.63896        9.32486        4.03285        1        0.589938        0.031266        -1.357770
Te        1.30437        1.49903        5.61367        2        0.879685        0.386432        0.507187
Te        4.69266        3.81892        5.57959        2        0.084964        -0.322677        0.593983
Te        1.28195        1.71781        2.21283        2        -0.103341        0.489733        0.273478
Te        4.51070        0.11582        1.88798        2        0.146539        -0.707042        0.915534
Te        1.31489        5.42061        5.92414        2        0.582469        0.423400        -0.649772
Te        4.74490        7.59316        5.49650        2        -1.068055        0.172291        0.634007
Te        1.17885        5.45068        2.27459        2        0.919570        -0.225397        0.073144
Te        4.53547        3.92780        2.30695        2        0.036667        -0.109878        -0.020156
Te        1.12898        9.21469        5.72867        2        1.470098        0.206582        -0.600041
Te        4.62863        11.14991        5.46932        2        -0.400918        0.121025        -0.404181
Te        1.34445        9.23651        1.97014        2        -0.736228        -0.006777        0.668872
Te        4.72907        7.35509        2.15449        2        -0.783393        -0.091375        -0.406610
Te        7.66977        1.73910        5.53194        2        0.797238        -0.061957        -0.164269
Te        11.13109        3.98755        5.73096        2        0.641679        -0.366720        -0.439789
Te        7.71242        1.93112        2.01704        2        0.796643        -0.157414        0.765088
Te        11.21332        11.25588        2.08210        2        -0.121956        0.512929        0.602654
Te        8.16474        5.87130        5.79248        2        -0.102063        -0.547155        -0.093190
Te        11.33685        7.85801        5.86116        2        -0.137476        -0.916865        -1.038394
Te        8.10681        5.61567        2.45708        2        0.154694        0.341193        -2.054832
Te        11.18207        3.96812        2.20969        2        -0.151780        -0.340162        0.508960
Te        7.78656        9.40195        5.46043        2        0.265472        0.041747        -0.090195
Te        10.95862        0.15437        5.60944        2        0.271364        -0.374258        -0.782066
Te        8.02382        9.13867        1.91973        2        -0.509638        0.750326        0.520250
Te        11.26007        7.67189        2.19833        2        0.950771        -0.303903        -0.570970
Te        14.27283        2.01375        5.71963        2        0.262568        -0.012059        -0.230631
Te        17.47699        3.43828        5.92657        2        0.624180        0.796121        -0.835609
Te        14.34442        2.13055        2.26362        2        0.354482        -0.332691        -0.329411
Te        17.70006        11.23980        2.17319        2        0.304826        -0.041059        -0.200720
Te        14.55169        5.98622        5.65258        2        -0.696603        -1.453740        0.950208
Te        17.71702        7.40390        5.81257        2        -0.160775        0.056470        -0.127125
Te        14.52899        5.73983        2.11551        2        0.031095        -0.118527        0.439876
Te        17.60680        3.75605        2.41047        2        0.347743        -0.806362        -0.273416
Te        14.66216        9.64633        5.54359        2        -0.534718        -0.511423        -0.000177
Te        17.71090        11.21020        5.76594        2        -0.626356        -0.269748        0.612214
Te        14.54530        9.41003        2.22791        2        0.096922        0.708825        0.167648
Te        17.83396        7.25465        2.38558        2        0.074315        0.573232        -0.977931
