54
Lattice="19.166863819 0.000008540 -0.000615361 -0.000005198 11.065518238 0.000045896 0.042448411 0.000094922 30.000000000" Properties=species:S:1:pos:R:3:tags:I:1:forces:R:3 energy=-315.69799635 stress= -9.52944 -8.26673 2.04333 0.68007 0.29678 -1.11680 pbc="T T T"
Mo        2.41050        10.91307        3.87891        1        1.086322        0.983097        2.273021
Mo        5.70196        2.19361        3.93782        1        -0.007864        -1.955571        0.229256
Mo        2.43908        3.54448        3.77035        1        -0.486577        1.477488        0.126173
Mo        5.26201        5.61323        3.89134        1        0.549848        0.049260        0.165778
Mo        2.48396        7.62714        3.86969        1        -1.176372        -0.617246        -0.345118
Mo        5.74539        9.35725        4.19585        1        -0.377711        -1.438219        -1.002318
Mo        8.75125        0.11594        4.20505        1        0.483885        -0.528199        -0.269182
Mo        12.22834        2.17873        4.06196        1        0.049601        -1.873651        0.046960
Mo        8.92401        3.66760        3.97666        1        -0.362819        -0.186586        0.161379
Mo        12.05316        5.34832        3.87811        1        -0.129479        0.012755        0.230553
Mo        8.74145        7.32667        3.76776        1        0.896373        1.222187        0.397484
Mo        11.85109        9.09974        3.97529        1        1.627886        -0.302413        1.069514
Mo        15.04565        0.05966        3.86972        1        -0.608367        -1.590761        -0.917280
Mo        18.39943        1.69970        3.93133        1        -0.293627        -0.299187        -1.630952
Mo        15.33181        3.60831        3.74817        1        0.082486        0.474284        0.878010
Mo        18.26466        5.59924        3.99005        1        1.290572        -0.551975        -0.723956
Mo        15.22025        7.34037        3.76408        1        -0.220532        0.241947        0.991549
Mo        18.44603        9.15269        3.86109        1        -0.106878        -0.375733        0.379791
Te        1.37652        2.04922        5.57950        2        -0.284728        -2.169942        1.069157
Te        4.43359        3.64078        5.68318        2        -0.462319        1.275432        0.406849
Te        1.33710        1.45201        2.19905        2        -0.528484        2.110793        -1.296800
Te        4.67411        0.04252        2.36189        2        0.093772        0.658101        -0.065451
Te        1.47370        5.61772        5.58496        2        -0.653638        -0.216621        -0.737355
Te        4.29105        7.42528        5.80267        2        1.484494        0.264723        -0.155412
Te        1.27692        5.64095        2.14608        2        0.307356        -0.178924        0.771193
Te        4.40711        3.70369        2.08012        2        0.954660        0.384598        -1.013895
Te        1.52299        9.27764        5.78940        2        -1.343991        -0.059146        -0.378912
Te        4.83308        0.18014        5.81674        2        -1.063985        0.329078        -0.457041
Te        1.41864        9.33789        1.97544        2        -0.459487        -1.064904        0.438809
Te        4.59924        7.77851        2.22118        2        0.220720        -0.884504        0.017480
Te        7.72972        2.04080        5.85440        2        0.303348        0.046056        -0.177403
Te        10.96081        3.69103        5.87509        2        -0.000397        0.424160        -0.277628
Te        7.74889        1.75109        2.25961        2        0.860202        0.849519        -0.160914
Te        11.08767        0.18952        2.61337        2        -1.160397        -0.090921        -1.161068
Te        7.49416        5.71846        5.55633        2        0.187505        -1.157312        0.116445
Te        10.77252        7.01053        5.56520        2        0.435006        1.108031        0.279971
Te        7.63290        5.51331        2.31525        2        -0.796449        -0.996571        -1.338810
Te        11.06378        3.56160        2.14978        2        -0.812952        0.571099        -0.647198
Te        7.88227        8.94521        5.74997        2        0.221920        1.346947        0.595689
Te        11.20440        0.10467        5.84632        2        -0.800311        -0.041302        -0.473229
Te        7.68496        9.43666        2.23373        2        0.665908        -0.425086        0.537108
Te        11.06717        7.18534        2.13843        2        -0.934667        0.557187        -0.245397
Te        14.36822        1.89984        5.60827        2        -0.257022        0.465990        1.527925
Te        17.49143        3.55815        5.54916        2        -0.940943        0.572600        1.190628
Te        14.29080        1.90823        2.07895        2        -1.077432        -0.296796        -0.769917
Te        17.17873        10.78158        2.06568        2        0.389325        0.966445        0.596644
Te        14.21619        5.26323        5.51693        2        0.144828        1.299543        0.151786
Te        17.19496        7.45607        5.71170        2        0.514506        -0.258380        -0.458430
Te        14.19086        5.57817        1.99341        2        -0.117637        -0.704238        0.372275
Te        17.37692        3.59947        2.12656        2        1.193334        0.127493        -0.393893
Te        14.06703        8.93355        5.73846        2        -0.418927        0.757360        -1.089729
Te        17.01385        10.99190        5.51750        2        2.298750        -0.330309        1.061793
Te        13.97339        9.32528        2.14345        2        -0.269257        -0.841894        0.135869
Te        17.38359        7.23246        2.07810        2        -0.213694        0.859294        -0.027208
