54
Lattice="18.429676749 0.000008540 -0.000615361 -0.000005198 12.767905659 0.000045896 0.042448411 0.000094922 30.000000000" Properties=species:S:1:pos:R:3:tags:I:1:forces:R:3 energy=-304.29995921 stress= -15.23229 -26.32050 -5.83067 -1.39823 -0.13961 -0.21779 pbc="T T T"
Mo        1.91741        12.65244        4.02867        1        1.798896        -0.081730        -0.626991
Mo        5.20179        2.32484        4.08099        1        0.311912        -0.589895        -0.809791
Mo        2.29779        4.57234        3.88891        1        -0.150913        -0.701577        0.410096
Mo        5.74416        6.33304        4.01999        1        -1.261007        0.946875        -1.027210
Mo        2.33744        8.46579        3.92029        1        1.106293        0.220472        -0.579347
Mo        5.40403        10.82718        3.80557        1        -0.112496        -1.209322        0.551421
Mo        8.45935        0.26335        3.96129        1        0.077922        -0.576417        0.123265
Mo        11.56046        2.01487        4.11533        1        0.842518        -0.193748        0.302365
Mo        8.24762        4.04207        3.90535        1        1.139650        0.129673        -0.085763
Mo        11.37376        6.19347        3.82097        1        -0.259102        0.056648        1.008605
Mo        8.73467        8.78969        3.72408        1        -1.485228        -1.115050        0.324520
Mo        11.50087        10.78101        4.11459        1        -0.497935        -0.833754        -0.290577
Mo        14.72598        12.60396        4.08663        1        -1.789334        0.821433        1.472823
Mo        17.71665        2.18957        4.04459        1        -0.387474        -0.155800        0.493057
Mo        14.64508        4.48101        3.93556        1        -0.808042        -1.602204        0.384524
Mo        17.47567        6.55042        3.85602        1        1.382247        -0.136842        -0.070674
Mo        14.28856        8.26127        3.83750        1        0.635625        0.783875        0.463397
Mo        17.42316        10.53917        3.75501        1        0.129586        -0.467576        0.608300
Te        1.58610        2.26329        5.61488        2        -0.932079        0.135260        -0.228678
Te        4.41972        4.54051        5.73409        2        0.198401        -0.189247        -0.771820
Te        1.29852        1.85960        2.25292        2        -0.511868        1.099632        -0.074345
Te        4.17813        12.76630        2.27871        2        -0.101349        0.669114        0.385291
Te        1.25752        6.52573        5.65661        2        -0.146564        0.045977        -0.630188
Te        4.60232        8.64881        5.58543        2        0.068455        -0.316145        -0.516194
Te        1.39305        6.60025        2.16082        2        -0.724003        -0.374836        0.271884
Te        4.33473        4.46202        2.16377        2        0.601176        -0.317940        0.911074
Te        1.02649        10.42234        5.37217        2        0.902029        -0.282876        1.266037
Te        4.22253        12.70441        5.56970        2        0.108292        0.253236        0.106751
Te        1.72054        10.38751        2.02900        2        -1.620785        0.392994        0.724558
Te        4.69298        8.54254        2.09463        2        -0.302963        -0.194903        1.444453
Te        7.34580        2.19570        5.80253        2        -0.331459        -0.177138        -0.628762
Te        10.37481        4.04473        5.73039        2        0.330089        -0.072285        -0.661480
Te        7.30197        1.98578        2.17439        2        -0.407268        0.720665        0.609124
Te        10.69523        12.74811        2.44949        2        -0.343757        0.837118        -0.565935
Te        8.06298        6.45302        5.37648        2        -0.939692        0.153070        0.222342
Te        10.68896        8.50421        5.52436        2        -0.089090        0.098365        0.114825
Te        7.53185        6.03947        1.98810        2        0.135426        0.362941        0.641835
Te        10.56773        3.85421        2.41963        2        -0.519994        0.519183        -0.708132
Te        7.70412        10.89172        5.43040        2        -0.617385        -0.731545        0.188090
Te        10.47681        12.74371        5.96008        2        0.448119        0.556434        -1.071109
Te        7.44720        10.80098        2.10867        2        0.876809        0.613040        0.010349
Te        10.66314        8.42492        2.01135        2        0.374200        0.335738        0.394311
Te        13.82512        2.30468        5.68089        2        -0.041164        -0.519778        -0.629776
Te        16.62235        4.74031        5.79748        2        0.345698        -0.845168        -0.793278
Te        13.79372        2.23388        2.12590        2        -0.480751        -0.285356        1.750538
Te        16.58040        12.72053        2.42576        2        1.785766        0.599759        -1.564504
Te        13.39818        6.19269        5.72862        2        -0.084937        0.589679        -0.970935
Te        16.40166        8.28467        5.67415        2        -0.123757        0.687882        -1.039506
Te        13.44446        6.17996        2.15030        2        0.439513        0.348959        -0.314841
Te        16.71981        4.23064        2.26910        2        0.659551        0.438693        0.119740
Te        13.58188        10.35113        5.71883        2        0.690213        0.672178        -0.301493
Te        16.89839        12.62990        5.88729        2        -0.565393        0.202161        -1.282610
Te        13.45739        10.76271        2.27957        2        0.788423        -0.374686        0.533559
Te        16.53434        8.64219        2.05250        2        -0.643389        -0.948595        0.387242
