54
Lattice="19.173937585 0.000456147 -0.025753600 -0.000245476 11.134156037 0.000007040 0.013560576 0.000001770 30.000000000" Properties=species:S:1:pos:R:3:tags:I:1:forces:R:3 energy=-317.87429907 stress= -6.14718 -11.79221 -0.32724 -1.38663 -0.50504 0.71113 pbc="T T T"
Mo        2.04421        10.96762        3.81920        1        0.461868        1.411403        0.192288
Mo        4.43592        2.00714        4.04817        1        0.582650        -0.744274        -0.818140
Mo        2.21555        3.83176        3.76524        1        0.210847        0.395901        0.295925
Mo        4.56568        5.64329        3.85855        1        -0.031848        -1.323202        -0.376949
Mo        2.18039        7.43689        3.70312        1        -0.477717        -0.620334        -0.543241
Mo        4.35334        9.38801        3.86145        1        0.041372        -0.662829        -0.892504
Mo        8.62419        10.96160        3.61584        1        -0.398530        0.329471        -0.238543
Mo        10.93709        1.69319        4.05568        1        -0.934613        -0.331445        0.130939
Mo        8.64996        3.54398        3.58377        1        0.718318        -0.432528        0.671196
Mo        10.75499        5.51526        4.21111        1        0.813364        0.208768        -0.215615
Mo        8.59210        7.44700        3.74033        1        -0.545487        0.355424        -1.481454
Mo        10.79135        9.24411        4.10197        1        0.612322        -0.151058        -0.543915
Mo        15.05950        0.20452        3.76550        1        -0.050313        -0.387278        0.047516
Mo        17.23724        2.13312        4.12831        1        0.210305        0.336965        0.138509
Mo        14.94885        3.83436        4.02160        1        -0.402384        -0.112249        0.657409
Mo        17.18999        5.49394        4.23725        1        0.051721        0.553400        0.088507
Mo        14.85627        7.24570        3.98316        1        0.547654        0.659600        1.238417
Mo        17.19492        9.11973        4.03688        1        -0.004345        0.023542        1.537855
Te        0.70032        2.01377        5.43233        2        -0.224583        -0.231132        -0.589816
Te        3.95380        3.78458        5.91221        2        -0.181449        0.657590        -0.133501
Te        5.90903        11.11804        2.35092        2        0.312032        0.350168        0.007854
Te        2.82260        1.89853        1.97315        2        -0.565722        -0.407611        -0.247049
Te        0.76345        5.64016        5.38620        2        -0.406099        -0.064484        -0.060301
Te        3.96677        7.37662        5.66820        2        -0.160500        0.905655        1.532433
Te        6.04873        3.75927        2.33988        2        0.211532        -0.441430        0.154079
Te        2.88420        5.55158        1.72527        2        -0.372351        0.450579        0.697748
Te        0.49809        9.31726        5.27096        2        0.363330        -0.592310        0.176842
Te        3.94820        11.11443        5.84794        2        -0.485730        0.310478        0.106526
Te        6.07729        7.43825        2.39306        2        0.069294        0.178784        -0.120536
Te        2.49972        9.28671        1.77044        2        0.366226        0.142613        0.069346
Te        7.07131        1.99573        5.06005        2        -0.301297        -1.008123        0.408829
Te        10.16812        3.65258        6.00714        2        -0.305435        -0.829662        -0.624728
Te        12.44507        11.01285        2.45222        2        0.093788        0.257541        0.629050
Te        9.45266        1.49030        1.68575        2        -0.105039        1.065286        0.679196
Te        7.20240        5.56762        5.12726        2        -1.000055        -0.626856        0.070573
Te        9.88898        7.35703        5.97173        2        1.039606        0.540961        0.931077
Te        12.38090        3.59427        2.76116        2        0.449423        0.830777        -0.295857
Te        9.41691        5.50390        1.92773        2        -0.281849        0.233370        -0.630250
Te        6.90563        9.34366        4.97179        2        0.121471        -0.320126        0.770121
Te        9.96809        10.98419        5.96521        2        0.433736        0.638811        -0.136830
Te        12.39584        7.34581        2.71793        2        -0.267007        -0.224179        0.012578
Te        9.42466        9.05273        1.73248        2        -0.232261        0.570555        0.451538
Te        13.48420        1.79865        5.41288        2        -0.523023        0.058474        0.166336
Te        16.56035        3.67346        6.26867        2        0.236916        0.471901        -0.947769
Te        18.57211        0.12314        2.65237        2        0.372108        -0.348592        -0.237147
Te        15.46094        2.10639        2.00835        2        0.538756        0.117586        -0.584677
Te        13.33484        5.68690        5.70814        2        -0.187237        -0.461911        -0.653969
Te        16.58302        7.50432        6.15900        2        -0.027178        -0.487650        -0.870109
Te        18.84115        3.86854        2.47132        2        -0.504285        -0.253772        0.447556
Te        15.40391        5.62151        2.03655        2        0.611166        -0.622732        -0.138586
Te        13.49165        9.48297        5.19982        2        -0.509561        -0.705824        0.514419
Te        16.67050        0.06501        5.88792        2        0.155901        -0.073565        -0.136799
Te        18.65320        7.31367        2.55600        2        0.403476        0.095407        -0.137525
Te        15.49476        9.16359        2.11345        2        -0.497416        0.309856        -1.152706
