54
Lattice="20.272644424 0.000008540 -0.000615361 -0.000005198 11.703913521 0.000045896 0.042448411 0.000094922 30.000000000" Properties=species:S:1:pos:R:3:tags:I:1:forces:R:3 energy=-311.90788993 stress= -23.07502 -23.45449 -1.21936 0.53970 -0.58696 0.09988 pbc="T T T"
Mo        2.53994        0.07258        3.90251        1        0.379676        0.449154        -0.079550
Mo        5.84167        2.01405        3.80909        1        0.189895        -0.685997        1.272219
Mo        2.56153        3.84471        3.83121        1        0.128341        0.749787        0.041469
Mo        5.85417        5.79726        3.85859        1        0.272283        0.334826        -0.608515
Mo        2.62406        7.83007        3.89119        1        -0.313247        -0.141240        -0.692777
Mo        5.92550        9.79614        3.88724        1        -0.145627        -0.253720        -0.451809
Mo        9.30406        11.63003        3.71182        1        0.134752        0.403852        1.004067
Mo        12.73506        1.96451        4.11623        1        -0.318171        -0.760762        -0.635328
Mo        9.36014        3.89293        3.76855        1        -0.753146        0.246038        1.094240
Mo        12.81579        5.70459        3.98979        1        -0.811252        0.277598        0.109424
Mo        9.18886        7.75606        3.89443        1        0.741417        0.632557        0.326107
Mo        12.72515        9.60206        4.00705        1        -0.223694        -0.076697        0.203317
Mo        15.99831        0.01725        4.08806        1        0.239353        -0.160997        -0.433260
Mo        19.50752        2.06573        3.88139        1        0.062269        -0.351662        0.929880
Mo        16.08360        4.02655        3.97779        1        0.576741        -0.866536        0.298566
Mo        19.56406        5.92385        3.97973        1        -0.464597        0.070629        0.231843
Mo        16.13358        7.73229        4.09764        1        0.614020        0.520414        -0.914576
Mo        19.52081        9.82972        3.96707        1        -0.700236        -0.389950        0.042862
Te        1.47404        2.00002        5.62222        2        -0.122340        -0.014536        -0.336938
Te        4.80058        3.94641        5.55607        2        -0.220663        -0.418605        0.100257
Te        1.44756        2.05519        2.07956        2        -0.291062        -0.507222        0.486894
Te        4.77366        11.69517        2.15179        2        -0.108749        0.126382        0.167015
Te        1.54626        5.82491        5.57402        2        0.071215        0.118527        -0.082159
Te        4.82654        7.78515        5.52697        2        0.088828        0.111152        0.280150
Te        1.37920        5.90743        2.10627        2        0.430860        -0.083364        0.779837
Te        4.77550        3.79415        2.10365        2        -0.263826        0.729928        -0.176587
Te        1.56374        9.79278        5.57334        2        -0.296284        -0.002101        0.487404
Te        4.80377        0.03078        5.56989        2        -0.023117        0.209849        -0.095713
Te        1.41180        9.88398        2.31382        2        0.150764        -0.471570        -0.870183
Te        4.82886        7.84653        2.11165        2        -0.132977        -0.135009        0.405890
Te        8.26630        1.86025        5.48993        2        -0.346745        0.259413        -0.308789
Te        11.42741        3.84781        5.66111        2        0.389235        0.127203        0.244635
Te        8.02174        2.07257        2.21707        2        0.845112        -0.628183        -1.013063
Te        11.75223        11.61088        2.26362        2        -0.223637        0.152408        0.205312
Te        8.09646        5.80551        5.51326        2        0.106496        -0.181535        0.276917
Te        11.53757        7.60192        5.65757        2        -0.158011        0.247947        -0.298501
Te        8.16196        5.92256        2.20512        2        -0.212204        -0.497268        -0.673301
Te        11.62113        3.72850        2.31783        2        0.528403        0.388617        -0.698098
Te        8.08849        9.78855        5.58780        2        0.481897        -0.000290        -0.379698
Te        11.53619        11.59300        5.59348        2        -0.182580        0.030392        0.002339
Te        8.15301        9.78293        2.11649        2        -0.118188        -0.465759        -0.008138
Te        11.56881        7.63710        2.26427        2        0.109222        0.105071        0.449293
Te        14.95952        2.05039        5.70187        2        0.174729        0.023943        0.346661
Te        18.42551        3.94071        5.76618        2        -0.067517        0.163545        -0.907687
Te        14.93643        1.96722        2.33868        2        0.048106        0.124690        0.183089
Te        18.24482        0.14711        2.31757        2        0.024017        -0.483233        0.038802
Te        15.05664        5.86562        5.71740        2        -0.452110        -0.252587        0.443826
Te        18.46919        7.90024        5.83253        2        -0.030346        -0.219079        -1.198913
Te        14.98012        5.86824        2.29167        2        0.206633        0.142249        -0.192110
Te        18.36462        3.99738        2.33278        2        -0.165005        0.262422        -0.302791
Te        14.99040        9.64172        5.78171        2        -0.261911        0.231585        -0.226684
Te        18.32396        0.03105        5.65974        2        0.212915        0.327951        -0.125481
Te        14.90682        9.65430        2.38518        2        0.579845        0.111874        -0.030013
Te        18.47459        7.78059        2.15960        2        -0.380964        0.378410        1.277357
