54
Lattice="20.272644424 0.000008540 -0.000615361 -0.000005198 10.639921383 0.000045896 0.042448411 0.000094922 30.000000000" Properties=species:S:1:pos:R:3:tags:I:1:forces:R:3 energy=-311.23830208 stress= -14.96029 -3.77227 -0.50464 -1.02147 -0.80705 0.37620 pbc="T T T"
Mo        2.80192        0.07571        3.38305        1        -0.848607        0.575644        2.316319
Mo        6.03773        1.82557        3.76270        1        0.012538        0.067309        0.052373
Mo        2.72377        3.71920        3.90243        1        -0.418643        0.932064        0.651485
Mo        5.91606        5.47689        3.65213        1        -0.042786        -2.033442        2.079581
Mo        2.54484        7.39502        3.52745        1        0.893133        -2.212442        2.077834
Mo        6.17024        8.89349        3.57774        1        -0.647557        0.100219        -0.472619
Mo        9.30897        10.41481        4.00723        1        -0.281425        -0.486825        0.734704
Mo        12.47512        1.96846        4.35334        1        1.016201        -2.052004        -0.648937
Mo        9.24365        3.37160        3.90599        1        0.399517        -0.493188        0.219068
Mo        12.74532        5.04506        4.18933        1        0.076972        0.144507        -0.930550
Mo        9.52386        6.77013        4.05259        1        -1.767955        1.380218        1.537515
Mo        12.55319        8.71689        4.16607        1        -0.611832        0.264587        0.894445
Mo        15.90197        10.56597        3.88476        1        -0.737596        0.794826        1.863248
Mo        19.44221        1.78072        3.74013        1        -0.378196        -0.179740        1.432861
Mo        16.50930        3.48550        4.00479        1        -2.135735        1.207968        -0.054242
Mo        19.78359        5.20176        4.06662        1        -0.652192        1.523477        0.231025
Mo        15.99760        7.24888        4.04367        1        0.882374        -0.152735        0.920317
Mo        19.43114        8.96358        4.04993        1        -0.445492        0.656708        -2.528727
Te        1.57090        1.75091        5.38336        2        -0.158677        0.392888        -0.281367
Te        5.07347        3.56381        5.68807        2        -0.937793        0.500780        -1.176168
Te        1.54432        1.99461        2.06687        2        -0.757970        0.193545        -0.542523
Te        4.92867        0.28052        1.81872        2        0.913121        -1.073279        -0.328376
Te        1.71267        5.76482        5.77536        2        0.055257        -0.913849        -1.550948
Te        4.82057        7.26543        5.27528        2        -0.475228        0.283471        0.380381
Te        1.46062        5.38803        1.97187        2        0.117119        0.081240        1.094874
Te        4.69110        3.62517        2.10512        2        0.839225        0.040428        -0.567270
Te        1.43829        9.25084        5.31863        2        1.080242        -0.786202        0.787777
Te        4.88409        10.58854        5.30661        2        -0.059762        0.208359        -0.018950
Te        1.27994        9.01089        2.01676        2        -1.162846        0.625533        -1.699038
Te        4.81016        7.05674        1.86813        2        -0.077611        1.396363        -0.555701
Te        8.09488        1.67268        5.63927        2        -0.109051        -0.563046        0.109856
Te        11.17359        3.45686        6.04727        2        0.076353        0.454573        -0.679247
Te        8.29561        1.28903        2.15932        2        -0.569051        2.060411        -0.536495
Te        11.50150        0.11561        2.51692        2        0.875776        -0.776158        -0.235672
Te        8.01508        5.15277        5.61088        2        0.047409        0.009722        0.295227
Te        11.74637        6.69542        5.97366        2        -0.645765        1.106264        -0.237870
Te        8.16808        5.27459        2.29927        2        0.700843        -0.808600        -1.728236
Te        11.46258        3.26523        2.22455        2        0.378870        1.411419        0.633050
Te        8.05628        8.62227        5.58132        2        0.372423        -0.134793        0.247882
Te        11.32910        10.41959        5.85983        2        0.100333        0.860013        0.371529
Te        8.60076        8.56851        2.07739        2        -0.631472        0.254338        0.507386
Te        11.43024        6.97202        2.41745        2        2.533360        -0.993468        -1.137075
Te        14.72776        1.80516        6.09902        2        0.499960        0.042380        -1.748329
Te        18.38272        3.51146        5.79449        2        1.965968        -0.458979        0.161620
Te        15.10590        1.87791        2.36763        2        -1.351520        0.334327        -0.528432
Te        17.93214        10.60488        2.09297        2        1.345896        -0.202747        0.402394
Te        15.35054        5.25398        5.80620        2        -0.906290        0.266230        -0.387288
Te        18.63024        7.23763        5.80255        2        -0.783968        -1.246932        0.066828
Te        15.06399        5.45052        2.31375        2        -0.311262        -1.046637        0.558150
Te        18.49591        3.76754        2.21862        2        -0.001653        -0.869262        -1.036518
Te        14.64307        9.22729        5.91899        2        0.638335        -1.672119        -0.402677
Te        18.02830        0.02544        5.58104        2        0.858673        0.444864        0.006621
Te        14.49817        8.78599        2.41233        2        1.092765        0.275820        -1.319393
Te        18.31085        7.04725        2.34585        2        0.194649        0.262373        0.712383
