54
Lattice="19.535457354 0.000008540 -0.000615361 -0.000005198 10.639921383 0.000045896 0.042448411 0.000094922 30.000000000" Properties=species:S:1:pos:R:3:tags:I:1:forces:R:3 energy=-318.44282767 stress= -11.20880 -3.21664 -0.40496 -2.89460 2.44756 0.15473 pbc="T T T"
Mo        2.61447        10.43602        3.94159        1        -1.097686        0.403940        -0.579380
Mo        5.80467        1.61370        3.82940        1        0.633185        -0.454092        -0.086891
Mo        2.33025        3.50507        3.88842        1        0.712247        -0.796897        -0.447838
Mo        5.75383        5.05146        3.94918        1        0.228028        1.974906        -1.132648
Mo        2.43662        6.94630        3.95105        1        0.113418        0.125372        0.173407
Mo        5.84716        8.73683        3.80327        1        -1.341573        -0.701791        -0.282535
Mo        9.06854        0.11093        4.02052        1        0.004886        -0.032477        -1.018202
Mo        12.19991        1.90929        3.80765        1        -0.488371        -0.074401        0.486616
Mo        9.13079        3.54408        4.09635        1        -1.094936        1.506164        -1.598317
Mo        12.23278        5.36870        3.91535        1        -0.336774        1.108620        -0.101631
Mo        8.97621        7.15437        3.96203        1        0.252248        1.549328        -0.078419
Mo        12.31672        9.09807        3.92714        1        0.179372        -0.797090        -0.034153
Mo        15.51415        10.59242        4.04889        1        0.508509        -0.321742        -1.245083
Mo        18.74751        1.85893        4.04037        1        -0.905553        -0.552905        0.519266
Mo        15.51673        3.68792        4.01656        1        -0.200573        -0.070338        -1.029518
Mo        18.79456        5.47873        3.98059        1        -0.533865        -2.273590        -0.407556
Mo        15.51026        7.08873        3.98419        1        -0.095737        0.204995        -0.569556
Mo        18.79454        8.91534        3.85248        1        -0.161768        -0.798114        0.407043
Te        1.47786        1.58269        5.63264        2        -0.319607        0.685702        0.695872
Te        4.64546        3.34958        5.55119        2        -0.875408        -0.385740        1.050850
Te        1.17551        1.55942        2.29946        2        1.264295        0.557053        -0.820409
Te        4.65128        10.36885        2.05196        2        0.155213        0.679182        -0.039852
Te        1.25407        5.16928        5.67702        2        0.993315        0.639942        0.927111
Te        4.73631        6.94848        5.75531        2        -0.434726        -0.019447        -1.253471
Te        1.23963        5.30435        2.06236        2        0.631090        -0.236153        0.538185
Te        4.56424        3.25252        2.18104        2        -0.153093        0.865143        -0.636709
Te        1.27399        8.84935        5.74329        2        0.765541        -0.699549        -0.343812
Te        4.70901        10.51694        5.55724        2        0.505340        -0.407355        0.819371
Te        1.41879        8.76669        2.20033        2        0.140773        -0.228766        -0.500412
Te        4.49580        6.76665        2.01034        2        0.779000        0.300954        1.481816
Te        7.84301        1.91372        5.80933        2        0.162131        -0.808044        -0.473793
Te        11.12097        3.70957        5.70808        2        1.232027        -0.671468        0.904439
Te        8.20221        1.86593        2.17609        2        -1.158297        -0.070845        0.201891
Te        11.12118        0.12065        2.09194        2        0.164655        -0.126348        0.301795
Te        7.82011        5.45894        5.81663        2        0.482763        -0.738915        -0.574817
Te        11.10960        7.27390        5.69389        2        0.278251        -0.152881        -0.398041
Te        8.05640        5.37016        2.32488        2        -0.883527        -1.047460        -0.682331
Te        11.21197        3.72731        2.01875        2        -0.384906        -0.383568        0.606835
Te        7.79970        9.02019        5.58117        2        0.558956        -0.649539        1.018091
Te        11.20536        0.14516        5.75149        2        -0.002866        0.331511        -0.307353
Te        7.93501        9.00186        2.00584        2        0.426072        -0.445821        1.199635
Te        11.17723        7.29871        2.18367        2        -0.112119        -0.346822        0.406661
Te        14.30016        1.86362        5.48373        2        0.110967        -0.215172        1.783532
Te        17.59304        3.76065        5.86687        2        0.215118        -0.470287        -0.724855
Te        14.43634        1.63575        2.18559        2        0.185830        1.065815        0.157307
Te        17.70098        0.05124        2.21431        2        -0.642998        0.375133        -0.098974
Te        14.21791        5.49523        5.77165        2        0.762928        -0.809106        -0.068045
Te        17.63576        7.17629        5.64705        2        0.161023        0.454868        0.654306
Te        14.33361        5.37809        2.18919        2        0.556601        -0.301604        -0.001169
Te        17.67301        3.57978        2.23257        2        -0.229884        0.322478        0.411586
Te        14.38844        8.86251        5.80240        2        0.027479        0.224943        -0.244314
Te        17.69429        10.59874        5.69508        2        -0.072874        0.509428        0.577381
Te        14.57342        8.81734        2.15310        2        -0.581080        0.561962        0.369504
Te        17.80155        6.94620        2.06973        2        -1.047760        1.658119        0.095850
