54
Lattice="20.707852593 0.000456147 -0.025753600 -0.000245476 10.309403738 0.000007040 0.013560576 0.000001770 30.000000000" Properties=species:S:1:pos:R:3:tags:I:1:forces:R:3 energy=-312.24271584 stress= -10.65494 0.39230 1.59017 -0.95887 -1.81305 0.11784 pbc="T T T"
Mo        2.26691        0.08384        3.73707        1        1.577331        0.001018        -1.053087
Mo        4.79526        1.59810        4.01490        1        0.431412        -0.290188        2.238924
Mo        2.28051        3.28849        3.80087        1        -0.388999        1.151028        0.143923
Mo        4.80733        5.01966        4.15363        1        -0.147153        -1.088945        -0.136986
Mo        2.26939        7.04325        3.73980        1        1.183848        -0.787614        -0.988586
Mo        4.99247        8.30285        4.14046        1        -2.546699        2.168539        -0.093273
Mo        9.16514        10.27511        3.94026        1        -0.162382        -0.264559        0.531433
Mo        11.65469        1.81630        3.96820        1        0.050182        -0.890503        -0.200894
Mo        9.20435        3.19963        4.25505        1        -0.428370        -1.155645        -0.656792
Mo        11.50974        5.17761        4.14035        1        0.636988        -0.656508        -1.482711
Mo        9.04953        7.24592        4.04981        1        0.988653        -1.586435        2.314330
Mo        11.72328        8.72610        4.13535        1        -0.372318        -0.827619        -0.687149
Mo        15.95217        0.09757        3.69370        1        2.075272        0.581113        -3.103041
Mo        18.82309        1.75128        3.64874        1        -1.579989        -0.061988        0.565102
Mo        16.14623        3.33033        3.77658        1        -0.782189        -1.263811        0.810183
Mo        18.81008        5.25224        3.79507        1        -0.894936        0.219561        1.407799
Mo        16.27834        7.34126        3.66592        1        0.576101        -1.547229        1.948776
Mo        18.70416        8.44696        3.51646        1        0.345403        1.356272        0.543811
Te        0.44399        1.63787        5.24878        2        0.568263        0.741292        -0.387729
Te        3.73049        3.10519        6.01838        2        0.790383        0.853085        -0.447017
Te        6.52081        0.03055        2.60026        2        0.281553        -0.727521        -0.011653
Te        3.33569        1.81003        1.92711        2        -0.612166        -0.662854        -1.576411
Te        0.65280        5.47018        5.18627        2        -0.550969        -1.813353        0.132316
Te        3.79016        6.66962        5.92740        2        0.174068        0.242771        0.828933
Te        6.74410        3.36969        2.77681        2        -0.912483        -0.137751        0.253672
Te        3.26171        5.09604        1.84645        2        -0.175563        0.032175        1.328062
Te        0.70730        8.74624        5.00282        2        -1.837827        -0.852236        1.306462
Te        3.84212        9.99851        5.93286        2        0.425992        1.083527        -0.168713
Te        6.56324        6.77490        2.96476        2        1.099407        -0.821926        -1.770086
Te        3.44624        8.45994        1.87189        2        -0.155616        1.058177        0.052063
Te        7.57432        1.62314        5.59852        2        -0.929746        -0.491129        0.369223
Te        11.17631        3.43803        6.09068        2        0.113793        -0.290322        0.321609
Te        13.24735        10.18903        2.29269        2        -0.130842        0.484096        0.258981
Te        9.74245        1.67836        2.02255        2        0.316278        0.336969        -0.050273
Te        7.70910        5.10147        5.61353        2        -0.550243        0.548719        -0.028155
Te        11.00422        6.75177        6.08992        2        -0.495353        1.867725        0.306370
Te        13.07510        3.54131        2.41534        2        0.392205        -0.075448        0.310169
Te        9.48860        5.01710        2.43709        2        0.743356        1.320579        -1.049319
Te        7.37386        8.65140        5.60785        2        0.521080        0.051006        0.166085
Te        11.01791        0.10019        5.99398        2        -0.365356        -0.043985        0.268279
Te        13.48261        6.84071        3.03997        2        -0.293806        0.131492        -0.142171
Te        9.96445        8.48536        2.02348        2        0.530355        0.959895        -0.658723
Te        14.23581        1.48644        5.10891        2        0.136566        2.736975        0.768544
Te        17.67429        3.31307        5.92888        2        1.197133        0.482935        -1.364493
Te        20.63828        10.29761        2.20416        2        -1.129781        0.647327        -0.180831
Te        16.76583        1.90228        1.64752        2        0.484375        -1.142601        0.429331
Te        15.00233        5.47218        5.18353        2        -0.374816        -1.002604        0.142954
Te        18.25362        7.02343        5.76968        2        -0.765415        0.041373        -0.677506
Te        20.32207        3.66848        2.39339        2        1.473923        -1.343202        -0.581410
Te        16.93193        4.99999        1.94678        2        -0.187454        2.008529        -0.614230
Te        14.61411        8.92198        5.28216        2        -1.026293        -2.101056        1.368421
Te        17.91537        0.08974        5.61728        2        0.210023        -0.580249        -0.865289
Te        20.50960        6.91770        2.03668        2        -0.395110        0.089919        0.585769
Te        16.65386        8.62557        1.55086        2        0.824258        1.304086        -0.680501
