54
Lattice="18.429676749 0.000008540 -0.000615361 -0.000005198 11.278316666 0.000045896 0.042448411 0.000094922 30.000000000" Properties=species:S:1:pos:R:3:tags:I:1:forces:R:3 energy=-318.63484911 stress= -4.96568 -13.56719 -5.43552 0.97982 -0.80160 0.10396 pbc="T T T"
Mo        2.31487        11.23508        3.91592        1        0.660132        0.512604        1.306115
Mo        5.31285        1.80782        4.14433        1        0.143357        -0.015746        -0.636402
Mo        2.22800        3.78967        4.06704        1        1.267053        -0.330819        -0.625788
Mo        5.48688        5.62540        4.10379        1        -0.714352        0.806287        -0.512225
Mo        2.38984        7.42593        3.83660        1        -0.028444        0.578525        1.104258
Mo        5.41253        9.28420        3.85996        1        -0.090471        -0.836977        1.074014
Mo        8.28718        11.23310        4.01501        1        0.283075        -0.357927        -0.877467
Mo        11.37589        1.89499        3.93864        1        0.070101        0.596850        -0.504063
Mo        8.38351        3.67278        3.99240        1        -0.412397        -0.027632        -0.875140
Mo        11.48392        5.57841        3.95353        1        0.216411        0.527195        -0.479769
Mo        8.57967        7.25989        3.93374        1        -0.399667        0.894005        -0.363209
Mo        11.61676        9.40958        3.87154        1        -0.175135        -0.845418        -0.251377
Mo        14.49179        0.10831        3.80611        1        0.830764        0.093811        -0.026306
Mo        17.78268        2.02579        3.82402        1        -0.030294        -0.205816        0.723304
Mo        14.59472        3.93503        3.80220        1        -0.088924        -0.403172        0.011435
Mo        17.89581        5.78683        3.89288        1        -1.750425        0.014101        -0.497290
Mo        14.57014        7.62211        3.92450        1        0.735647        -0.358451        0.153702
Mo        17.68976        9.32407        3.91783        1        0.426008        1.051274        -0.494296
Te        1.29573        1.85890        5.84276        2        -0.278702        -0.028950        -1.027889
Te        4.44000        3.74587        5.90677        2        -0.720463        0.109266        -0.670917
Te        1.55980        1.81523        2.16618        2        -0.962524        1.054675        -0.021237
Te        4.37445        11.14657        2.19730        2        0.478523        0.541635        0.127395
Te        1.34192        5.61043        5.79155        2        0.342851        0.831347        -0.028400
Te        4.38717        7.52785        5.82911        2        0.130982        -0.132624        -1.190773
Te        1.37012        5.66994        2.06763        2        0.350534        -0.670489        0.049770
Te        4.45185        3.82501        2.39790        2        -0.660662        -0.615793        0.083900
Te        1.41918        9.43614        5.68573        2        -0.691560        -0.902173        -0.349627
Te        4.38312        11.12860        5.80498        2        0.021851        -0.169912        -0.679930
Te        1.33441        9.48468        2.12014        2        -0.138916        -0.992147        0.169610
Te        4.34874        7.36645        1.94652        2        0.695863        0.427954        1.576251
Te        7.42905        1.83505        5.86620        2        -0.074448        -0.322719        -0.315197
Te        10.41231        3.70497        5.75565        2        0.715687        -0.010701        -0.040319
Te        7.22804        1.84311        2.25101        2        0.536222        -0.128803        0.154791
Te        10.35288        11.26803        2.18169        2        0.193557        0.063522        0.095403
Te        7.50745        5.35664        5.82830        2        0.116139        1.389604        0.201485
Te        10.54508        7.58730        5.71380        2        0.751847        -0.646797        -0.120672
Te        7.37420        5.62291        2.14555        2        0.401040        -0.613983        0.382024
Te        10.34496        3.86247        2.12356        2        0.358243        -0.766632        0.461671
Te        7.62571        9.12808        5.73457        2        -1.158180        0.403646        -0.619009
Te        10.46556        11.10571        5.52416        2        0.236343        1.139644        1.585794
Te        7.54885        9.27248        2.16737        2        -0.197517        -0.240706        0.455566
Te        10.76407        7.47021        2.08994        2        -1.104195        0.033603        0.569733
Te        13.64508        2.05965        5.53436        2        -0.555611        -0.347621        0.369340
Te        16.71150        4.05126        5.50666        2        -0.053958        -1.174374        0.465358
Te        13.32991        2.04507        2.08022        2        0.835361        -0.290489        0.221313
Te        16.85831        0.17775        2.09365        2        -1.058237        -0.749249        0.350566
Te        13.52917        5.73367        5.66298        2        0.595748        -0.188468        0.059579
Te        16.82792        7.61657        5.81813        2        -0.766744        -0.398019        -0.951635
Te        13.59906        5.67664        2.04904        2        -0.400417        0.568308        0.549122
Te        16.60800        3.82814        1.95864        2        0.903964        0.257845        0.889593
Te        13.65713        9.51718        5.76161        2        -0.178047        0.054521        -0.867952
Te        16.61438        0.01886        5.51547        2        0.364473        0.583346        -0.008122
Te        13.64402        9.48550        2.11129        2        0.092940        -0.138568        -0.434109
Te        16.68630        7.50015        2.12592        2        -0.081529        0.404590        0.251354
