54
Lattice="18.798270284 0.000008540 -0.000615361 -0.000005198 10.852719811 0.000045896 0.042448411 0.000094922 30.000000000" Properties=species:S:1:pos:R:3:tags:I:1:forces:R:3 energy=-318.06646784 stress= -4.10396 -5.19661 -1.18398 -1.73214 0.52834 0.17662 pbc="T T T"
Mo        2.43991        10.63774        4.03734        1        0.192547        0.153604        -0.184339
Mo        5.55802        1.95581        3.80633        1        -0.675947        -0.293649        1.207789
Mo        2.30520        3.53702        4.16944        1        0.651122        -0.659977        -0.864734
Mo        5.68232        5.40417        3.97832        1        -0.513172        1.985426        -0.500709
Mo        2.38937        7.27662        4.04840        1        0.290824        -0.301450        -0.119120
Mo        5.72060        9.07323        3.94230        1        -1.246223        1.919953        -0.065818
Mo        8.67100        0.25790        4.03260        1        -0.894444        0.006845        -1.081030
Mo        11.76615        1.89143        3.98065        1        -0.728615        0.172829        -1.952680
Mo        8.49793        3.66621        3.64091        1        1.495584        0.417178        1.786788
Mo        11.67567        5.52214        3.76907        1        -1.148302        -0.524674        -0.296813
Mo        8.72843        7.37118        3.80104        1        -0.659236        -0.397481        -0.269573
Mo        11.85029        9.08594        3.76076        1        -1.223991        -0.381419        1.217381
Mo        14.97732        10.80786        3.86041        1        -0.597445        0.436773        1.052944
Mo        18.02073        1.58763        4.02783        1        -0.017586        0.751226        -0.322597
Mo        14.93896        3.61470        3.88463        1        -0.454321        -1.000777        -0.725829
Mo        17.97223        5.17079        4.14643        1        1.329440        1.024471        -1.254034
Mo        14.68365        7.12453        3.81774        1        2.483681        0.596261        0.294349
Mo        18.13557        8.94217        4.05036        1        -0.630589        -0.364243        0.312257
Te        1.30139        1.47311        5.88595        2        0.025782        0.890954        -0.686188
Te        4.51331        3.69925        5.79321        2        0.172546        -0.327307        -0.296029
Te        1.38179        1.56419        2.26687        2        -0.114114        0.664465        0.632035
Te        4.58086        0.11399        2.12914        2        -0.576899        -0.947015        0.566102
Te        1.47571        5.39446        5.88988        2        -1.048591        0.150897        -0.042759
Te        4.67620        7.40966        5.70256        2        -0.244526        -1.280163        0.116714
Te        1.31567        5.36582        2.34958        2        -0.183813        -0.274855        0.384008
Te        4.36258        3.82706        2.30232        2        -0.344353        -0.628488        -0.691547
Te        1.58103        8.92469        6.03232        2        -1.112128        0.127279        -1.030558
Te        4.57152        0.13232        5.83881        2        0.229268        -0.486176        -1.509403
Te        1.21214        8.87978        2.13410        2        0.991187        0.345715        0.728345
Te        4.42227        7.36472        2.16900        2        0.692714        -0.588768        0.748451
Te        7.45841        1.89333        5.65432        2        0.599335        1.282964        0.542380
Te        10.49041        3.77892        5.51269        2        0.595996        -0.279187        0.014707
Te        7.52984        2.00567        1.89179        2        -0.124149        -1.030396        0.231213
Te        10.58139        0.04754        2.32172        2        1.532628        0.674849        -2.004542
Te        7.77125        5.50380        5.72620        2        -0.364841        0.017377        -1.019508
Te        10.62814        7.44302        5.61686        2        1.270931        -0.639120        -0.149216
Te        7.71777        5.50395        1.90032        2        -0.933908        0.695748        0.701002
Te        10.87566        3.55758        1.87488        2        -0.971861        0.277259        1.315650
Te        7.83378        9.24691        5.67326        2        -0.739787        -0.985027        0.566968
Te        10.77711        0.13628        5.73802        2        0.247620        -0.534377        0.038513
Te        7.68482        9.37663        2.19954        2        0.148102        -0.961821        -0.759021
Te        10.67532        7.22505        1.87601        2        0.456000        0.840072        0.600488
Te        13.74749        1.83251        5.62869        2        1.437486        -0.083708        0.705069
Te        16.84727        3.53007        5.82387        2        0.260145        -1.088398        0.415204
Te        13.85799        1.75031        2.11548        2        0.081161        0.331362        0.249521
Te        17.02926        10.66278        2.12497        2        0.599749        0.163242        0.496183
Te        13.71480        5.38793        5.42474        2        -0.491521        -0.374717        2.633805
Te        16.78566        7.03279        5.73043        2        0.229075        0.629917        -0.325934
Te        13.71350        5.31238        2.07496        2        0.906215        0.198136        -0.915908
Te        17.09299        3.41074        2.20392        2        -0.010904        0.300403        0.186637
Te        13.80714        9.03201        5.61722        2        0.223147        -0.131453        0.258505
Te        16.88215        10.76126        5.72901        2        0.477362        -0.591421        0.780022
Te        14.02152        9.04663        2.20738        2        -0.957055        -0.104148        -2.484935
Te        17.09363        7.00078        2.23070        2        -0.622120        0.210623        0.792887
