54
Lattice="19.173937585 0.000456147 -0.025753600 -0.000245476 11.134156037 0.000007040 0.013560576 0.000001770 30.000000000" Properties=species:S:1:pos:R:3:tags:I:1:forces:R:3 energy=-318.67245097 stress= -5.22059 -13.27966 0.55025 -0.13300 -0.92300 0.26714 pbc="T T T"
Mo        2.17837        11.02176        3.96485        1        0.058747        0.816180        0.061531
Mo        4.48237        1.89165        4.02285        1        -0.661699        -1.248046        -1.263515
Mo        2.17299        3.57604        3.94323        1        0.154758        0.563404        -0.370744
Mo        4.44508        5.50529        4.10102        1        -0.310053        0.179955        -0.165500
Mo        2.20585        7.30326        4.02581        1        -0.064517        0.400157        -1.333747
Mo        4.48967        9.27396        4.06679        1        -0.523218        -0.086619        -0.683575
Mo        8.58268        0.00581        3.54334        1        -0.846651        -0.021838        0.262631
Mo        10.78685        1.89088        3.91661        1        0.452808        0.556711        -0.554330
Mo        8.53523        3.73671        3.71613        1        -0.409622        0.140880        0.124198
Mo        10.81112        5.58538        3.99131        1        -0.092462        -0.023893        -0.640898
Mo        8.53306        7.46305        3.76022        1        -0.414229        -0.435221        -0.697687
Mo        10.78070        9.31404        3.77475        1        0.402210        -0.037068        1.418825
Mo        14.95046        0.14682        3.79182        1        0.751892        0.233680        1.060317
Mo        17.43045        1.71939        4.10656        1        -1.046436        0.259883        0.830129
Mo        15.04837        3.83485        3.83406        1        -0.478724        -0.798183        -0.978876
Mo        17.33915        5.74943        3.95666        1        -0.433341        -0.977314        1.369385
Mo        14.92211        7.38495        3.80488        1        -0.250055        -0.501720        0.059324
Mo        17.26446        9.48310        4.15641        1        0.059023        -1.420468        -0.260754
Te        0.74548        1.84608        5.55225        2        -0.539628        -0.304982        -0.053829
Te        3.98337        3.58266        5.93383        2        -0.227709        0.696290        1.263772
Te        5.89710        0.02861        2.23395        2        0.093187        -0.271284        0.916066
Te        2.58673        1.76391        1.98629        2        0.583461        0.007492        0.301040
Te        0.57522        5.60161        5.49316        2        0.116840        -0.324296        -0.184178
Te        4.00012        7.43041        6.05381        2        -0.094304        -0.261414        -0.137445
Te        5.93207        3.70645        2.46254        2        0.237149        0.002982        0.034752
Te        2.68677        5.42674        1.95373        2        0.123948        0.448418        0.914407
Te        0.72042        9.18641        5.56197        2        -0.470583        0.402768        -0.194634
Te        3.91736        11.11200        5.98362        2        0.198474        0.068929        -0.001451
Te        5.92514        7.25533        2.53093        2        0.147293        0.694210        -0.146677
Te        2.61908        9.26646        2.07670        2        0.576822        -0.900232        -0.303799
Te        6.90316        1.75946        5.22752        2        1.237781        0.238707        -0.152594
Te        10.21263        3.73739        5.83575        2        -0.109551        -0.152773        0.304858
Te        12.46335        0.01925        2.52816        2        -0.171712        0.419691        -0.614606
Te        9.11386        1.96715        1.74224        2        0.165092        -0.275467        0.037194
Te        6.99495        5.64045        5.30641        2        0.233171        -0.516135        0.013124
Te        10.23637        7.51239        5.82466        2        0.224238        0.210678        0.043184
Te        12.36100        3.71549        2.46805        2        0.590935        0.366402        0.094848
Te        9.07209        5.61394        1.79337        2        0.350750        -0.148479        0.673803
Te        6.96959        9.30750        5.17178        2        0.624133        0.280505        0.193943
Te        10.20624        0.08784        5.70811        2        -0.207842        -0.845283        0.539247
Te        12.38081        7.46096        2.51208        2        0.214497        -0.483308        -0.386774
Te        9.00944        9.16191        1.70701        2        0.105430        0.428202        -0.081290
Te        13.40716        1.92001        5.26577        2        -0.174574        0.163253        0.033002
Te        16.69361        3.79737        5.89308        2        0.228685        -0.166843        -0.013449
Te        18.87843        11.11861        2.52497        2        -0.255677        -0.330500        0.289994
Te        15.88402        1.91142        1.93347        2        -0.645267        0.114233        0.123315
Te        13.42330        5.54070        5.35907        2        -0.338784        0.158406        -0.121496
Te        16.50162        7.46925        5.88160        2        0.607232        0.013820        0.704446
Te        18.87120        3.60616        2.57284        2        -0.251206        0.413245        0.307127
Te        15.62054        5.59186        1.89690        2        -0.126916        0.141069        -0.533609
Te        13.38199        9.31681        5.17876        2        -0.358086        0.095527        0.164163
Te        16.53602        11.04218        6.10906        2        -0.091803        1.093523        -0.442927
Te        18.83406        7.43509        2.60532        2        0.591154        0.601156        -0.315883
Te        15.55335        9.30143        2.10170        2        0.474229        0.318242        -1.459329
