54
Lattice="20.707852593 0.000456147 -0.025753600 -0.000245476 11.134156037 0.000007040 0.013560576 0.000001770 30.000000000" Properties=species:S:1:pos:R:3:tags:I:1:forces:R:3 energy=-311.81952936 stress= -11.09315 -10.22402 0.01904 -1.15907 1.26475 0.64817 pbc="T T T"
Mo        2.24427        0.36243        4.00309        1        -0.428538        -0.791360        -1.197357
Mo        5.00982        1.55701        4.10388        1        -0.087093        0.769289        -1.696212
Mo        2.51494        3.18204        4.21876        1        -2.346883        1.066451        -1.855867
Mo        5.07827        4.83470        3.98090        1        1.259092        -0.202089        -0.276655
Mo        2.23512        7.84153        3.75571        1        -0.687707        -0.021600        1.260101
Mo        4.89342        9.44450        3.85918        1        0.062491        0.136260        0.427146
Mo        9.28437        0.21157        3.90121        1        -0.270371        0.308406        -0.565013
Mo        11.68640        2.00226        4.08920        1        1.510153        0.007613        -2.275873
Mo        9.08467        3.35139        3.88750        1        0.891877        1.788800        -1.360632
Mo        11.61466        4.77198        3.74805        1        -0.393792        1.655877        0.984813
Mo        8.67474        6.79715        3.91274        1        1.356101        -0.889305        -0.080484
Mo        12.01112        9.83355        3.80975        1        -0.617456        -0.252946        0.239501
Mo        16.06690        0.42472        3.82852        1        0.391857        -0.160905        -1.075083
Mo        18.67865        1.88414        3.96933        1        -0.388140        0.452811        1.152453
Mo        16.21912        3.66891        4.01542        1        -0.286964        0.885863        -2.028165
Mo        18.69171        5.52313        4.05591        1        0.054645        -0.630351        0.401544
Mo        16.10739        7.47121        3.79274        1        0.093097        -0.397767        -0.224516
Mo        18.40485        9.80084        3.85633        1        0.469473        -0.043660        -0.134928
Te        0.48468        1.84742        5.59887        2        0.431220        -0.191922        -0.130571
Te        4.32379        3.31322        5.98906        2        0.512916        0.214575        2.000153
Te        6.64888        11.05738        2.54301        2        0.007691        0.401781        -0.059259
Te        3.23673        1.95196        1.99290        2        0.282677        -0.796536        0.504729
Te        0.81690        5.58288        5.10420        2        0.247913        -0.175623        -0.555084
Te        4.24533        7.26610        5.43626        2        -0.243276        0.215068        0.015962
Te        6.63507        3.30898        2.37181        2        -0.484089        0.030395        0.451073
Te        3.16866        5.37446        2.38773        2        -1.279984        0.190349        -0.266826
Te        0.52855        9.41069        5.24164        2        0.382602        0.088620        -0.506373
Te        3.96869        11.00288        5.87157        2        0.591405        -0.689690        1.274194
Te        6.39262        7.20952        2.74656        2        -1.389183        0.029205        -0.576831
Te        3.04364        9.58094        1.95570        2        -0.037291        0.172523        -0.384348
Te        7.59307        1.89187        5.37125        2        -0.846760        -2.066386        1.423600
Te        10.76189        3.49660        6.01123        2        -0.009278        1.066313        0.024720
Te        13.51272        0.21550        2.42535        2        0.478929        1.064172        -0.096548
Te        10.12526        1.83635        1.86039        2        -0.190279        -0.583195        0.685330
Te        7.36529        5.24159        5.56541        2        0.622576        -0.142020        0.216765
Te        10.99377        7.48315        5.12152        2        -0.487709        -0.684358        -0.008643
Te        13.49705        3.79904        2.22247        2        0.147862        -1.035055        0.442259
Te        9.62826        5.18586        1.83912        2        0.427227        0.378314        0.895518
Te        7.65586        9.21407        4.92059        2        -0.020663        0.293659        0.140648
Te        11.06912        0.17059        5.85777        2        -0.048522        -0.742061        0.924054
Te        13.42061        7.61280        2.91155        2        -0.164820        -0.544455        -0.334767
Te        9.81366        9.21942        2.29346        2        0.622852        -0.141159        0.272313
Te        14.56648        2.10286        5.45832        2        -0.496356        -0.487738        0.178637
Te        18.02565        3.71315        5.94635        2        0.195320        0.228441        0.516498
Te        20.45045        0.15380        2.50719        2        -0.914979        0.004482        0.151266
Te        16.96207        2.18048        1.89428        2        -0.344653        -0.847729        0.283353
Te        14.28175        5.53046        5.13937        2        0.469242        0.057425        -0.179871
Te        18.06616        7.77291        5.64342        2        -0.579376        -0.569231        0.046042
Te        20.34421        3.66462        2.72834        2        0.543716        0.434054        0.035260
Te        17.12301        5.42388        1.95341        2        -0.977344        0.960260        0.507494
Te        14.58372        9.52821        5.27402        2        0.089682        0.038537        -0.250600
Te        17.66980        0.26535        5.93454        2        0.635708        -0.278039        -0.161060
Te        19.94152        7.58055        2.74072        2        0.450769        0.582312        -0.278433
Te        16.41718        9.51093        1.87667        2        0.773897        -0.133921        1.095255
