54
Lattice="19.535457354 0.000008540 -0.000615361 -0.000005198 11.278316666 0.000045896 0.042448411 0.000094922 30.000000000" Properties=species:S:1:pos:R:3:tags:I:1:forces:R:3 energy=-315.27889405 stress= -17.00117 -15.22003 -3.43623 2.14659 0.65052 -0.02570 pbc="T T T"
Mo        2.26048        0.00389        4.06973        1        0.749381        -0.249322        0.291719
Mo        5.58749        1.75475        3.95778        1        0.619524        1.201891        1.049482
Mo        2.50972        3.85676        3.88842        1        0.995542        -0.201114        0.731660
Mo        5.73273        5.59720        3.76848        1        1.194987        -0.129844        1.429465
Mo        2.42771        7.34851        3.84038        1        -0.200617        0.283122        0.077756
Mo        5.75470        9.38366        3.93080        1        -0.329739        0.336547        0.391375
Mo        9.10356        0.31240        4.08175        1        -0.311738        -1.304978        -0.539254
Mo        12.43495        1.79105        3.99174        1        0.771207        0.561866        0.184163
Mo        8.96219        3.77063        3.87886        1        0.076507        1.135766        0.331631
Mo        12.01242        5.59443        3.79008        1        0.189941        -0.268965        -0.357798
Mo        9.03088        7.75225        3.78953        1        -0.291313        -0.878527        1.134690
Mo        12.37762        9.15110        3.85025        1        -0.243044        0.629579        0.508903
Mo        15.46815        0.34608        4.23065        1        0.872514        -1.522336        -1.820323
Mo        18.76833        2.08544        4.10389        1        0.858981        -1.016340        0.023874
Mo        15.19198        3.67450        3.90378        1        1.081307        0.950894        -0.292327
Mo        18.76224        5.60316        3.84262        1        -0.132754        0.444481        -0.445523
Mo        15.54050        7.32906        3.71908        1        0.034093        0.231040        0.497997
Mo        18.72951        9.38641        3.96222        1        0.259281        -0.695757        0.250549
Te        1.47706        2.13528        5.84684        2        -0.364450        -0.531002        -0.608942
Te        4.71678        3.79811        5.70186        2        -0.378675        -0.094447        -0.832566
Te        1.44701        1.95111        2.37712        2        -0.795321        -0.114008        -0.754231
Te        4.43121        0.01387        2.30006        2        0.027312        -0.810138        -0.327553
Te        1.23792        5.52134        5.67236        2        0.763823        0.564690        -0.493494
Te        4.61599        7.41447        5.57335        2        0.106335        -0.047374        -0.034315
Te        1.37832        5.48168        1.99538        2        0.024584        0.548785        0.564583
Te        4.95571        3.65465        2.08152        2        -1.732924        0.112098        0.120226
Te        1.38135        9.12756        5.68361        2        -0.382862        0.459573        -0.189370
Te        4.42676        11.09222        5.70689        2        0.671975        0.339447        0.102984
Te        1.37144        9.45917        2.21562        2        -0.282176        -0.509584        0.188132
Te        4.70953        7.47584        2.20698        2        -0.514684        0.506449        -0.805893
Te        7.80683        2.09842        5.67104        2        -0.052646        -0.481223        0.537967
Te        11.15324        3.64016        5.56674        2        -0.287992        0.207930        0.197378
Te        7.75645        2.07293        2.26439        2        0.469236        -1.200079        -0.585727
Te        11.36517        11.25421        2.35470        2        -0.555114        -0.413561        -0.612598
Te        7.89515        5.69053        5.61053        2        0.099886        0.487643        -0.874980
Te        11.18783        7.41526        5.63635        2        -0.614201        0.408346        -0.343504
Te        8.00359        5.79492        2.06128        2        -0.288902        -0.259009        0.611021
Te        11.10640        3.50630        2.15284        2        0.130834        0.189479        0.126801
Te        8.05924        9.47914        5.72195        2        -0.437945        0.524243        -0.586662
Te        11.38424        11.16047        5.68327        2        -0.002304        -0.145091        -0.136758
Te        7.91488        9.82208        2.23906        2        0.273177        -0.427383        0.254023
Te        11.02281        7.47727        2.03839        2        0.741703        0.422461        -0.257490
Te        14.52702        2.14191        6.04329        2        -0.814072        -0.777542        -0.878269
Te        17.47544        3.96613        5.57799        2        -0.287710        -0.656324        0.466929
Te        14.50544        1.87802        2.01830        2        -0.429110        -0.498346        1.301380
Te        17.83076        0.19569        2.38057        2        -0.853610        -0.246511        0.236302
Te        14.06430        5.61877        5.51799        2        0.968454        0.111547        -0.089117
Te        17.56755        7.19114        5.72442        2        0.068228        1.270114        -1.012961
Te        14.19006        5.54359        2.02083        2        0.144989        0.002009        0.521965
Te        17.58609        3.69025        2.24465        2        -0.368525        0.261227        -0.109754
Te        14.66215        9.11557        5.60045        2        -0.677517        0.943797        -0.261729
Te        17.85701        11.26343        5.76674        2        -0.591091        0.656947        0.134344
Te        14.54232        9.47107        2.14139        2        0.176348        -0.069753        0.867729
Te        17.76091        7.56075        2.10688        2        -0.123348        -0.233488        0.135997
