54
Lattice="20.641237959 0.000008540 -0.000615361 -0.000005198 11.916711949 0.000045896 0.042448411 0.000094922 30.000000000" Properties=species:S:1:pos:R:3:tags:I:1:forces:R:3 energy=-307.23149630 stress= -24.04087 -24.96878 1.16807 -0.97650 0.47264 -0.08538 pbc="T T T"
Mo        2.73526        11.81645        3.91789        1        -0.635637        -0.033931        -0.141804
Mo        6.08288        2.08722        3.92085        1        -0.791957        -0.574122        -0.058185
Mo        2.65667        3.97264        4.10592        1        -0.900209        -0.070193        -0.610014
Mo        5.81457        5.97809        3.89338        1        0.784308        -0.074576        0.130357
Mo        2.72480        7.91138        3.84050        1        -1.776058        0.722036        0.127258
Mo        6.08828        9.89366        3.70093        1        -0.272876        -0.127884        0.796655
Mo        9.40861        11.77380        3.76416        1        -0.177123        -0.103075        0.404838
Mo        12.89768        2.05806        3.91460        1        -0.072213        -0.363209        0.047963
Mo        9.38281        3.87467        3.96637        1        0.334293        0.449106        0.441168
Mo        12.89836        5.99592        4.00644        1        0.409521        -0.297151        0.518416
Mo        9.49044        7.93403        4.11371        1        -0.738566        -0.143249        -0.197763
Mo        12.97196        9.94104        3.78436        1        0.374905        -0.619090        0.028836
Mo        16.32879        0.05741        3.97788        1        0.791836        -0.034776        0.061011
Mo        19.85128        1.91639        4.01291        1        -0.138877        0.798177        -0.704344
Mo        16.45608        4.04238        4.08930        1        -0.173863        -0.079523        -0.176347
Mo        19.78192        5.88927        3.79229        1        -0.036410        0.258616        0.507525
Mo        16.53574        8.12998        4.10773        1        -0.462279        0.097491        -0.137844
Mo        20.12418        9.97422        3.71687        1        -1.194452        0.035217        0.458608
Te        1.49372        1.91835        5.58822        2        0.256475        -0.267873        0.790491
Te        4.83629        4.04619        5.69660        2        0.470133        -0.177101        0.164138
Te        1.57567        1.90560        2.41669        2        -0.230638        0.364136        -0.612951
Te        4.85567        11.88070        2.16286        2        0.610975        0.461600        -0.035416
Te        1.35913        6.03190        5.53403        2        0.331522        -0.127121        0.079868
Te        4.86134        8.03383        5.48314        2        0.260566        -0.035049        0.459941
Te        1.41953        5.80244        2.22663        2        0.337172        0.173443        0.141001
Te        4.71031        3.98894        2.30763        2        0.513029        -0.068644        -0.449473
Te        1.57991        9.94282        5.60079        2        0.081023        -0.392545        -0.532558
Te        4.95571        11.89544        5.50811        2        0.487514        0.026418        0.035067
Te        1.61388        9.96541        1.99975        2        0.265742        -0.223304        0.798393
Te        4.80627        7.94234        2.17041        2        0.635842        -0.245468        -0.907004
Te        8.35283        1.88658        5.55654        2        -0.093181        -0.270930        0.271544
Te        11.70380        3.92121        5.67802        2        0.081816        0.037162        -0.212129
Te        8.29233        1.92641        2.25221        2        0.086137        0.181530        -0.483798
Te        11.80749        11.87653        2.10890        2        -0.099358        0.253044        0.209904
Te        8.10963        5.93124        5.61942        2        0.272005        -0.102515        0.090338
Te        11.73734        7.97514        5.60447        2        0.608580        0.184729        0.384689
Te        8.31607        5.95324        2.44237        2        -0.394396        -0.068125        -0.629834
Te        11.65568        4.14680        2.34673        2        0.346483        -0.613310        -0.293659
Te        8.10662        9.88784        5.66554        2        0.672767        0.106163        -0.816429
Te        11.67564        11.72059        5.36325        2        0.160270        0.837623        0.675922
Te        8.41662        9.62741        2.15736        2        -0.089013        0.584585        0.180217
Te        11.78702        7.79258        2.31397        2        -0.174533        0.624607        -0.303431
Te        15.26693        2.02485        5.64862        2        -0.572739        0.158046        0.321817
Te        18.69441        3.91389        5.67329        2        0.405193        0.260561        -0.047749
Te        15.33427        2.08557        2.41986        2        -0.589962        0.292597        -0.770552
Te        18.66072        0.06116        2.24771        2        0.202872        -0.145487        -0.198538
Te        15.42192        6.10642        5.77029        2        -0.293395        -0.008868        -0.299622
Te        18.93353        8.15037        5.53621        2        -0.041943        -0.472875        -0.166177
Te        15.28895        6.12249        2.47414        2        0.036411        -0.183281        -0.010832
Te        18.62004        3.81488        2.28818        2        0.142768        0.324774        -0.036706
Te        15.22961        10.08898        5.69204        2        -0.219061        -0.286338        -0.337514
Te        18.68966        0.01538        5.48151        2        0.209784        -0.734941        0.749632
Te        15.41919        10.07601        2.22549        2        -0.501770        -0.488845        0.281900
Te        18.61877        7.93055        2.22613        2        0.493005        0.178490        0.025957
