54
Lattice="19.174335959 0.000456436 -0.025753600 -0.000245188 11.952133320 0.000007040 0.013560858 0.000001769 30.000000000" Properties=species:S:1:pos:R:3:tags:I:1:forces:R:3 energy=-308.51328010 stress= -6.29526 -12.45460 1.04602 0.90103 0.57742 0.95475 pbc="T T T"
Mo        2.16921        11.85568        3.83748        1        -0.871307        0.372840        1.782295
Mo        4.30675        1.87873        4.36299        1        0.573803        -1.155096        -1.040482
Mo        1.78367        3.35084        3.94376        1        -0.752124        -0.654128        -0.938935
Mo        4.96588        6.80162        3.86928        1        0.799890        -0.066617        -1.173687
Mo        2.50007        8.01041        3.50269        1        -1.733210        1.976233        0.398458
Mo        4.69567        10.18766        3.91178        1        -1.771256        0.899694        1.534659
Mo        8.67923        0.34072        3.72549        1        1.732924        0.736397        -0.068125
Mo        11.00399        2.07228        3.98774        1        -0.020778        0.092706        -0.813422
Mo        8.47128        3.83423        3.81158        1        1.446482        0.041105        -0.799578
Mo        10.83772        5.67846        4.10680        1        -0.501600        -0.479270        -1.210984
Mo        8.21683        7.61654        4.07643        1        0.432043        -0.122682        -1.002796
Mo        11.07712        10.40764        3.77451        1        1.094039        0.761119        1.868929
Mo        14.86629        11.67810        3.93326        1        -0.178790        -0.245516        -1.517291
Mo        16.96173        1.79492        4.13875        1        0.093596        -0.729876        -0.191292
Mo        15.22584        4.12767        3.67784        1        -1.616363        -0.499474        -0.332967
Mo        17.04117        6.17261        3.96578        1        2.025922        -0.167893        -0.881779
Mo        14.90960        7.63709        3.95526        1        -0.976080        -0.441934        0.921720
Mo        16.98992        9.54255        4.05006        1        1.745848        0.966295        0.608196
Te        0.33375        1.49735        5.39174        2        0.150035        0.615346        -0.262224
Te        3.34019        3.69893        5.83663        2        0.537075        1.212801        1.601538
Te        6.01604        0.31606        2.83516        2        0.524659        0.115357        -1.051810
Te        2.99354        1.72793        2.07401        2        -1.009055        0.793582        -0.241395
Te        0.66193        6.04502        4.69296        2        0.220996        -0.561030        -0.097219
Te        3.86461        8.32700        5.70165        2        0.504484        -0.124358        0.983812
Te        5.71759        3.91354        2.99774        2        0.820968        0.736936        0.127387
Te        3.06604        5.67029        2.42256        2        -0.615202        0.033368        -0.459473
Te        0.59913        9.71090        5.32831        2        0.278452        0.185090        -0.869303
Te        3.87037        11.82529        6.02210        2        -0.410214        -0.290887        0.135626
Te        6.05755        8.72072        2.27423        2        1.359384        -2.263012        -0.275768
Te        2.82776        10.26487        1.91130        2        0.246264        -1.479806        -0.861593
Te        7.27340        1.86620        5.24247        2        -1.474476        1.207898        1.543649
Te        10.34783        3.77461        5.92466        2        -0.586727        0.400945        0.108484
Te        12.65848        0.39565        2.37107        2        -0.901181        -0.765794        0.242456
Te        9.49102        2.13951        1.67943        2        -0.739184        0.512990        1.325469
Te        7.04693        5.79919        5.43276        2        -0.281648        0.021890        0.344731
Te        10.39420        7.80291        5.63294        2        -0.355433        0.887584        0.028301
Te        12.17933        3.95993        2.32859        2        1.163009        0.797295        0.591102
Te        9.08119        6.05682        1.92623        2        -0.228895        -0.356020        1.570041
Te        7.36111        10.30067        5.18129        2        -0.150624        -1.344583        -0.260880
Te        10.45484        0.15517        5.77807        2        -0.304035        -0.372275        0.420468
Te        12.05629        8.09729        2.53133        2        0.547280        -0.731993        0.537807
Te        9.62631        10.75906        1.86035        2        -1.627895        -1.181200        -2.721086
Te        13.69178        1.94560        5.46251        2        -0.112074        0.463961        -0.954728
Te        16.85319        3.99034        5.73022        2        0.006368        0.422798        0.731899
Te        18.63696        0.06999        2.54332        2        -0.237292        -0.542388        0.245729
Te        15.41587        1.75529        1.95743        2        0.295900        0.572568        0.466184
Te        13.44214        5.74755        5.49348        2        0.205603        -0.193508        -0.901126
Te        16.73596        7.86657        6.09514        2        -0.755771        -0.313722        -0.337820
Te        18.24572        3.72148        2.33282        2        0.408169        0.232943        0.920290
Te        15.51982        5.97607        1.74135        2        -0.499799        0.487888        0.577711
Te        13.24404        10.33550        5.59018        2        0.060533        -0.784954        0.091173
Te        16.41385        11.74868        5.93775        2        1.360638        -0.565089        0.893796
Te        18.66176        8.13809        2.41497        2        -0.086832        -0.572482        0.176355
Te        15.12922        9.49717        2.19162        2        0.118436        1.512564        -1.519715
