54
Lattice="22.299908866 0.000008540 -0.000615361 -0.000005198 10.639921383 0.000045896 0.042448411 0.000094922 30.000000000" Properties=species:S:1:pos:R:3:tags:I:1:forces:R:3 energy=-304.20141092 stress= -22.15336 -6.71773 0.70598 -0.06727 0.75457 0.47656 pbc="T T T"
Mo        3.10312        10.54990        3.98246        1        0.481885        0.943657        -0.066280
Mo        6.43078        1.63100        3.62885        1        0.642900        0.340668        -0.315784
Mo        3.11253        3.62721        3.97934        1        0.536298        -0.273293        -0.538516
Mo        6.63744        5.22004        3.31496        1        0.232622        1.122902        2.139408
Mo        3.06003        7.19685        4.03136        1        1.188595        -0.813375        -0.401188
Mo        6.82521        8.88505        3.60674        1        -0.909816        0.435298        0.239902
Mo        10.29128        10.59612        3.58294        1        -0.716718        -0.673644        -0.787512
Mo        13.41571        1.71017        3.87023        1        0.886643        -0.114988        -0.611530
Mo        9.99268        3.48073        3.71002        1        0.500443        1.000052        -0.572802
Mo        13.93662        5.16924        3.66925        1        -1.079258        0.542545        0.107215
Mo        10.37980        6.99587        3.44722        1        -0.216484        -0.052398        0.855754
Mo        13.74837        8.65635        3.84391        1        0.946474        0.409886        -0.392608
Mo        17.04892        0.27432        3.76453        1        0.088356        -0.481825        0.229339
Mo        21.64279        2.02019        4.55597        1        0.994477        -0.112233        0.283037
Mo        17.12792        3.42390        3.77613        1        -0.370628        0.100619        -1.136922
Mo        21.53993        5.49195        4.72067        1        0.254069        0.041466        -1.662951
Mo        17.62761        7.27613        3.99065        1        0.421554        -1.611249        -2.096991
Mo        21.87287        8.81003        4.56992        1        0.465892        0.851992        0.138966
Te        2.05289        1.82310        5.76900        2        0.088831        -0.025329        0.729931
Te        5.50092        3.43863        5.44813        2        0.233937        0.527113        -0.684037
Te        1.64286        1.79764        2.67468        2        -0.829829        0.067280        -1.115399
Te        5.11780        10.55386        1.95070        2        0.536741        0.163314        0.395612
Te        1.82734        5.34552        5.57711        2        0.274900        0.443769        1.582208
Te        5.75515        7.11359        5.36347        2        -0.559065        -0.666121        -0.280346
Te        1.70599        5.43538        2.45054        2        -0.287210        -0.301187        -0.260070
Te        5.23851        3.54485        1.89586        2        -0.478564        -0.867135        -0.064272
Te        2.15493        8.87989        5.81016        2        -0.738178        0.033185        1.453898
Te        5.43208        10.45442        5.45130        2        0.653552        0.511340        0.152556
Te        1.76168        8.86714        2.48510        2        -1.271067        0.049963        -1.180701
Te        5.23906        7.28547        2.09622        2        0.021588        -0.955700        -0.560415
Te        8.87980        1.60465        5.21639        2        -0.632770        0.085630        0.659750
Te        12.27034        3.63201        5.44071        2        0.039433        -0.439569        -0.408485
Te        9.03680        1.69193        1.80453        2        -0.524469        0.083280        0.607508
Te        12.60909        10.40923        2.04285        2        -0.047271        0.422770        -0.033106
Te        8.59297        5.49167        5.29271        2        1.483973        -1.172784        -0.835198
Te        12.56310        6.84373        5.48055        2        0.174983        0.121132        -0.882923
Te        9.13345        5.30042        1.78609        2        -0.706567        -0.630338        0.001061
Te        12.30507        3.36933        1.99556        2        0.301047        0.440474        0.575948
Te        9.25937        8.70064        5.20598        2        -0.527164        0.492634        0.547266
Te        12.37640        10.41924        5.37742        2        0.010581        0.022531        1.071929
Te        8.91706        8.81970        1.87044        2        0.987351        0.119392        -0.249209
Te        12.78863        7.05827        1.88347        2        -0.016354        -0.847087        0.483638
Te        15.90153        1.95229        5.59554        2        -0.521458        -0.738458        -0.248769
Te        20.66661        3.79094        6.37720        2        -0.008068        -0.854863        0.931486
Te        15.54888        1.71194        2.07635        2        0.722443        0.906494        0.273381
Te        19.88988        0.22392        3.78357        2        -0.665668        -0.608040        -0.361496
Te        16.25332        5.35472        5.42136        2        -0.276119        0.263544        0.079071
Te        20.35242        7.41041        6.22554        2        -0.060205        -0.398637        -0.130405
Te        16.59162        5.46106        1.99945        2        -0.513926        -0.264397        0.920944
Te        19.78418        3.59220        3.14248        2        0.707390        0.113812        0.110956
Te        16.31299        8.86637        5.43815        2        -1.339333        1.290220        1.442993
Te        21.36580        0.06786        6.58281        2        0.301386        0.010418        -0.480985
Te        16.34640        8.83998        2.14071        2        -0.301466        0.198483        0.155165
Te        20.48112        7.05579        2.77190        2        -0.489787        0.738678        0.188329
