54
Lattice="20.707852593 0.000456147 -0.025753600 -0.000245476 11.134156037 0.000007040 0.013560576 0.000001770 30.000000000" Properties=species:S:1:pos:R:3:tags:I:1:forces:R:3 energy=-314.50720976 stress= -11.37151 -10.18864 2.04144 -1.36381 -0.03311 1.02568 pbc="T T T"
Mo        2.34168        10.92001        3.91055        1        0.032426        -0.326556        -0.208245
Mo        4.97231        1.80776        3.93797        1        -0.157051        -0.162382        0.253901
Mo        2.59100        3.92748        3.95169        1        -1.038167        0.690226        -1.206123
Mo        5.07758        5.27297        3.93604        1        0.157981        -0.304138        0.500515
Mo        2.55380        7.45763        3.75130        1        0.363341        -0.079192        0.307643
Mo        5.01292        9.43491        4.06844        1        -0.467314        0.697933        -1.074809
Mo        9.21112        10.91810        3.90494        1        0.172806        0.355623        0.279002
Mo        11.61338        1.53019        3.87932        1        0.283745        -0.087448        0.545703
Mo        9.36733        3.90501        3.76237        1        0.633985        -0.005768        -0.182816
Mo        11.69638        5.81783        3.85304        1        0.253293        0.290354        0.722380
Mo        9.31552        7.42397        3.96924        1        -0.410055        0.206384        0.009932
Mo        11.67562        9.27638        4.17055        1        -0.520702        0.291511        -0.085221
Mo        15.91179        11.05371        3.83852        1        0.542033        0.108570        0.007579
Mo        18.44952        1.50692        3.95316        1        0.892468        0.101687        -0.414896
Mo        15.72491        3.33420        3.78611        1        0.312901        0.243653        -0.177973
Mo        18.57492        5.97170        4.12616        1        0.059154        0.233539        -0.437803
Mo        15.91879        7.88285        4.02259        1        0.916956        -0.502088        -0.428748
Mo        18.56884        9.24744        4.03243        1        -0.298742        0.478334        1.486111
Te        0.79647        1.85366        5.03665        2        0.077930        0.202769        0.088215
Te        4.26143        3.56730        5.88432        2        0.585250        0.244743        0.712648
Te        6.68228        10.96742        2.51890        2        -0.564184        0.060907        0.259634
Te        3.00199        1.89184        2.16267        2        0.068129        -0.227689        -0.289480
Te        0.91890        5.70248        5.03952        2        -0.506710        -0.064831        0.342626
Te        4.42178        7.39565        5.69288        2        -0.161779        -0.584497        -0.074834
Te        6.77009        3.72398        2.59281        2        -0.461374        -0.010449        -0.235029
Te        3.32580        5.53793        1.86073        2        -0.138021        0.372736        0.510113
Te        0.66567        9.22889        5.24210        2        0.268591        -0.247898        -0.191516
Te        4.08348        0.05576        5.88819        2        0.318102        0.044456        0.310040
Te        6.58991        7.37128        2.60864        2        -0.015367        0.124669        0.589667
Te        3.26415        9.34958        1.95843        2        0.128989        -0.159720        -0.295914
Te        7.62572        1.89488        4.87475        2        0.392891        -0.232346        0.266564
Te        11.41543        3.72422        5.53566        2        -0.745405        -0.074461        0.423372
Te        13.26617        10.96822        2.52152        2        0.343138        0.325157        -0.274062
Te        9.83952        1.69268        1.93545        2        -0.214414        0.316502        0.307893
Te        7.91970        5.46984        5.43561        2        -0.772733        0.139169        -0.076051
Te        11.13968        7.42138        6.01075        2        -0.087969        -0.308490        0.010110
Te        12.98328        3.62797        2.50169        2        0.358056        -0.248858        -0.262848
Te        9.89112        5.75823        1.92409        2        -0.221893        -0.198872        -0.669282
Te        7.52174        9.30451        5.47108        2        0.431850        -0.149338        -0.174262
Te        10.94610        0.07786        6.00077        2        0.004398        -0.442208        -0.024248
Te        13.43633        7.66954        2.63756        2        -0.392064        0.364884        -0.534290
Te        9.87990        9.22479        2.06982        2        0.424877        -0.350728        -0.728292
Te        14.29378        1.81222        5.34355        2        -0.397116        -0.603757        -0.106256
Te        17.70246        3.62953        5.50688        2        0.318165        0.168217        0.753489
Te        20.22043        10.94775        2.70250        2        0.290556        0.874751        -0.436728
Te        16.76215        1.74037        1.94001        2        -0.254857        -0.293115        -0.623554
Te        14.35339        5.64463        4.60686        2        0.547423        -0.174118        0.890398
Te        17.74762        7.61550        6.06836        2        -0.306229        -0.029806        -0.049392
Te        20.01584        3.74732        2.85119        2        -0.076966        0.012072        0.168903
Te        16.71367        5.68499        2.34176        2        -0.487060        -0.059563        -0.298139
Te        14.37543        9.46811        5.53791        2        -0.470775        -0.159766        0.164138
Te        17.68862        0.04358        5.95231        2        -0.251364        -0.733184        0.037509
Te        19.86400        7.55806        2.46810        2        1.002525        -0.811087        -0.249770
Te        16.91939        9.21938        1.96229        2        -0.764762        0.675303        -0.126468
