54
Lattice="19.173937585 0.000456147 -0.025753600 -0.000245476 10.927967962 0.000007040 0.013560576 0.000001770 30.000000000" Properties=species:S:1:pos:R:3:tags:I:1:forces:R:3 energy=-318.56714634 stress= -4.92475 -10.71515 -2.34564 1.38601 0.86028 -0.72911 pbc="T T T"
Mo        2.31449        10.68439        3.87563        1        -1.472349        0.826476        -2.022355
Mo        4.53883        1.78195        4.05155        1        -0.545692        0.775452        -0.176059
Mo        2.16065        3.65863        3.84677        1        -0.553992        0.343256        0.518379
Mo        4.43292        5.45031        3.90623        1        1.162308        -1.227872        0.991019
Mo        2.28723        7.16646        3.86327        1        -1.476342        0.592973        -0.871245
Mo        4.47054        9.16627        4.21398        1        0.565455        -1.441210        -1.234686
Mo        8.47556        10.85031        3.82213        1        0.443940        0.123202        -0.461143
Mo        10.70039        2.00330        4.03519        1        0.867872        -1.430284        -0.217934
Mo        8.59064        3.70918        3.67236        1        -0.843349        0.554886        0.181130
Mo        10.85085        5.45674        4.00583        1        0.030426        -0.207105        -0.446270
Mo        8.55686        7.22542        3.79869        1        -0.446272        0.471608        -1.102783
Mo        10.81190        9.35887        3.89511        1        0.266602        -0.546550        0.493368
Mo        14.93076        0.10678        3.83380        1        -0.490921        -0.329530        0.435360
Mo        17.18423        1.89822        4.07590        1        0.551655        -0.437296        -0.758717
Mo        14.90364        3.76648        3.91932        1        0.966001        -0.920912        -0.937225
Mo        17.19485        5.37256        4.13198        1        0.294059        0.358408        0.089679
Mo        14.97831        7.30749        3.89073        1        0.093575        0.198042        -1.314731
Mo        17.28590        9.10987        4.09075        1        -0.538608        0.149331        -1.220225
Te        0.59882        1.78013        5.09603        2        0.205043        -0.395861        0.831011
Te        3.81200        3.60086        5.95546        2        0.217289        0.178409        -0.372455
Te        5.97230        10.83247        2.55595        2        0.424926        0.073596        -0.226348
Te        2.85463        1.85331        2.01417        2        -0.289544        -0.902168        -0.571627
Te        0.51577        5.39791        5.56880        2        0.710763        0.176201        -0.838021
Te        3.93754        7.04121        5.94746        2        -0.151295        1.045612        0.759179
Te        6.01075        3.51666        2.31788        2        0.057347        0.509657        0.505994
Te        2.68038        5.36166        1.92266        2        -0.131641        0.460460        -1.140492
Te        0.67450        9.04947        5.33927        2        -0.002594        -0.144210        0.371011
Te        3.86114        0.06813        5.95447        2        0.054117        -0.006014        2.087642
Te        5.96506        7.29056        2.52420        2        0.454943        -0.057073        0.135053
Te        3.13310        9.00336        1.81506        2        -0.947975        -0.124947        1.161649
Te        6.97623        1.87575        5.33359        2        0.427775        0.008554        -0.229113
Te        10.05679        3.69075        5.95361        2        0.176287        0.607933        0.097419
Te        12.42778        10.92471        2.22101        2        -0.310385        0.353139        1.124061
Te        9.05243        1.83053        1.83275        2        0.371416        -0.457409        0.228438
Te        6.93740        5.42663        5.31703        2        0.250845        0.043711        -0.477786
Te        10.22677        7.34790        5.80044        2        0.364989        0.423546        0.555996
Te        12.39805        3.57551        2.54451        2        0.233475        0.545372        -0.272744
Te        9.33928        5.61096        1.71561        2        -0.376032        -0.700569        0.979835
Te        6.98105        9.15851        5.48094        2        0.347988        -0.317341        -0.251834
Te        10.12324        0.14231        6.02036        2        0.329616        -0.357727        -1.142543
Te        12.52721        7.31636        2.46154        2        -0.417731        0.005770        0.383957
Te        9.10122        8.99315        1.74144        2        0.059787        0.688334        1.170819
Te        13.38613        1.94649        5.40119        2        -0.513969        -0.457105        -0.214101
Te        16.70266        3.54111        6.11549        2        -0.490142        0.464309        -0.347211
Te        18.89497        10.83689        2.34584        2        -0.186421        0.058898        0.956962
Te        15.51730        1.85574        1.96153        2        0.184488        0.788825        -0.238747
Te        13.38877        5.44260        5.31676        2        -0.535228        0.791204        0.596732
Te        16.66219        7.26630        6.00623        2        -0.136515        0.144430        0.216866
Te        18.69876        3.72784        2.52354        2        0.546760        -0.414812        -0.073595
Te        15.75822        5.49358        1.85892        2        -0.854499        0.176182        0.826811
Te        13.36075        9.14227        5.30907        2        -0.287595        0.278383        -0.009916
Te        16.59730        0.01022        5.94126        2        0.064739        0.009876        0.393577
Te        18.73291        7.26432        2.51075        2        0.589083        -0.162971        0.469043
Te        15.45231        9.30512        1.90554        2        0.704958        -1.184493        0.552828
