54
Lattice="20.707852593 0.000456147 -0.025753600 -0.000245476 11.134156037 0.000007040 0.013560576 0.000001770 30.000000000" Properties=species:S:1:pos:R:3:tags:I:1:forces:R:3 energy=-315.04105260 stress= -17.17081 -13.06072 -2.21994 -0.22986 0.11252 0.00962 pbc="T T T"
Mo        2.24720        10.78775        4.07103        1        0.278996        -1.076241        -0.227003
Mo        4.82904        2.24514        3.89149        1        0.591035        0.019642        0.323944
Mo        2.20688        3.94570        3.95215        1        0.510444        0.121233        -0.693206
Mo        4.93415        5.70511        3.96833        1        -0.071943        0.123806        -0.688055
Mo        2.21579        7.35112        3.86402        1        -0.303494        -0.158397        -0.086719
Mo        4.85596        8.96675        4.07661        1        0.587281        -0.400130        -0.407069
Mo        9.21874        10.99248        4.01575        1        0.016783        0.535823        -0.577389
Mo        11.84081        1.59247        4.02726        1        -0.425968        0.157936        0.055938
Mo        9.34673        4.15142        3.86195        1        0.353568        0.112764        0.068607
Mo        11.70965        5.85090        3.80260        1        0.718527        -0.630653        0.296717
Mo        9.38521        7.52692        3.82845        1        -0.760962        -0.067253        -0.955095
Mo        11.68946        9.20457        4.01531        1        0.020604        0.936479        0.065775
Mo        16.08887        11.00636        3.75585        1        0.075319        0.918183        0.610131
Mo        18.55788        1.65195        3.95523        1        -0.140907        -0.555351        0.306508
Mo        16.11379        3.45155        3.68229        1        0.307016        -0.981781        0.482082
Mo        18.51869        5.66103        4.02601        1        0.265213        0.802019        0.322167
Mo        16.16372        7.71730        3.78434        1        -0.458577        -1.035249        1.076378
Mo        18.51480        9.23730        4.06615        1        0.021857        0.098734        -0.087865
Te        0.75870        1.75749        5.01777        2        -0.094461        0.098711        0.285137
Te        4.15903        3.99688        5.83093        2        -0.401704        -0.891834        0.621757
Te        6.33994        11.11830        2.93238        2        0.070688        0.066223        0.000067
Te        2.80958        1.68117        2.23542        2        0.059443        0.677772        0.188659
Te        0.54866        5.52310        5.39302        2        -0.059605        0.354277        -0.000918
Te        3.81902        7.32303        5.90881        2        0.827400        0.184797        0.747643
Te        6.59238        3.73411        2.52941        2        -0.256282        0.600770        0.159003
Te        3.07427        5.61286        1.93009        2        0.093350        -0.388568        0.476608
Te        0.50602        9.17866        5.37368        2        0.149177        -0.069443        -0.128524
Te        4.44028        0.02466        5.71161        2        -0.824477        0.228347        -0.262968
Te        6.63768        7.39581        2.46985        2        -0.401447        0.354841        0.411473
Te        3.13637        9.13605        2.03024        2        -0.125526        0.331935        0.167503
Te        7.78689        2.13337        5.03866        2        -0.005898        -0.473385        0.221481
Te        11.30211        3.84414        5.75421        2        -0.237007        -0.100492        -0.846196
Te        13.30264        11.10058        2.40540        2        0.243603        0.007571        0.185078
Te        9.97479        2.06180        2.16421        2        -0.249291        -0.976724        0.174203
Te        7.67383        5.68984        5.34715        2        -0.088895        0.104969        -0.204013
Te        11.14438        7.35368        5.85745        2        -0.017472        0.404555        0.838943
Te        13.29208        3.66215        2.48830        2        -0.115182        -0.071418        0.611986
Te        9.96088        5.73801        1.77551        2        -0.156260        0.356765        0.348125
Te        7.57145        9.18129        5.31310        2        0.076942        0.022915        -0.028498
Te        11.05790        11.02397        6.00885        2        0.054028        0.042108        -0.361630
Te        13.48034        7.74025        2.55986        2        -0.056837        -0.657194        -0.326773
Te        9.81917        9.48296        1.94541        2        0.375838        -0.494559        0.175457
Te        14.49345        1.65565        5.19880        2        -0.167588        0.684649        0.043993
Te        17.84540        3.64545        5.81856        2        -0.146590        -0.277604        -0.908933
Te        20.28783        10.88395        2.59196        2        -0.292777        0.336962        0.121201
Te        16.91851        1.67277        1.78082        2        -0.042692        0.248116        0.665363
Te        14.46022        5.54435        4.74662        2        0.559703        0.291751        -0.140467
Te        17.83105        7.39946        6.03716        2        -0.146544        0.030029        -1.068872
Te        20.19353        3.72698        2.86299        2        -0.309453        -0.200373        -0.246707
Te        16.80299        5.48410        1.97974        2        -0.090245        0.690015        0.364742
Te        14.48594        9.34379        5.35299        2        -0.097085        -0.334053        -0.069573
Te        17.73137        11.09811        5.97359        2        0.362470        -0.061016        -0.872023
Te        20.42094        7.29816        2.58302        2        -1.139667        0.302061        0.138882
Te        16.74860        9.34451        1.89631        2        1.060128        -0.340175        -1.380134
