54
Lattice="20.641237959 0.000008540 -0.000615361 -0.000005198 10.639921383 0.000045896 0.042448411 0.000094922 30.000000000" Properties=species:S:1:pos:R:3:tags:I:1:forces:R:3 energy=-316.39047069 stress= -22.38523 -5.96345 -0.23471 -0.80305 0.36695 0.41035 pbc="T T T"
Mo        2.56398        0.09222        4.00332        1        0.458216        -0.409076        0.249168
Mo        6.00689        1.72517        3.94744        1        -0.331263        0.732009        0.513183
Mo        2.64683        3.77128        3.92509        1        0.201111        -0.603650        0.468254
Mo        6.15923        5.35915        4.00524        1        -0.168079        -0.126773        -0.428285
Mo        2.49661        7.29045        3.97716        1        0.909996        -0.026274        -0.104727
Mo        6.01871        8.87387        4.05101        1        0.185304        0.261784        -0.071477
Mo        9.41036        10.40144        3.97870        1        0.391657        0.757056        -0.058108
Mo        13.12217        1.74329        3.90872        1        -0.559320        0.091644        -0.210209
Mo        9.54446        3.21324        3.98195        1        0.260665        0.326192        -0.028963
Mo        12.87560        5.30189        3.88864        1        0.518766        -0.152280        -0.234454
Mo        9.56321        6.95347        3.99164        1        0.199908        0.554347        -0.047137
Mo        13.02813        8.80833        3.88246        1        0.537163        0.205349        0.013974
Mo        16.43403        0.14339        3.86836        1        1.067848        0.034409        -0.347469
Mo        19.85487        1.76119        3.92869        1        -0.145482        0.160190        -0.375165
Mo        16.44474        3.59520        3.88320        1        -0.102738        -0.040909        -1.655357
Mo        19.82802        5.24227        3.87468        1        -0.407665        -0.005942        -0.162110
Mo        16.49122        7.10659        3.83899        1        -0.359101        1.204780        -0.150039
Mo        19.82569        8.89106        3.91487        1        -0.647743        -0.148733        -0.116237
Te        1.49467        1.99948        5.68086        2        -0.340974        -0.235040        0.006280
Te        4.82817        3.72990        5.68718        2        0.360590        -0.783631        0.014414
Te        1.54144        1.82523        2.30568        2        -0.498356        0.728866        -0.777120
Te        4.82486        10.55333        2.30107        2        -0.222521        0.534766        -0.335601
Te        1.40640        5.51009        5.65389        2        -0.341222        -0.361430        0.332498
Te        4.86405        7.12705        5.71709        2        -0.386160        -0.065158        0.159398
Te        1.44517        5.45891        2.25765        2        -0.251647        0.229195        -0.813787
Te        4.89341        3.63292        2.22953        2        0.282659        -0.052995        0.063678
Te        1.25361        9.06809        5.70231        2        0.447815        -0.379153        0.223139
Te        4.77706        0.09236        5.78577        2        0.113342        -0.262466        -0.305168
Te        1.37699        8.97603        2.16525        2        0.127808        0.181812        0.236310
Te        4.95267        7.17171        2.28047        2        -0.535960        -0.405007        -0.038978
Te        8.20766        1.52495        5.69837        2        0.168300        0.115101        0.071840
Te        11.76486        3.39333        5.67481        2        0.482819        0.310393        -0.168607
Te        8.21206        1.57327        2.24074        2        0.191683        -0.228369        -0.076470
Te        11.72873        0.00017        2.24252        2        0.112569        -0.419375        0.103775
Te        8.46744        5.09130        5.64040        2        -0.269372        0.109478        0.683775
Te        11.86061        7.05608        5.67960        2        -0.177650        0.082261        0.034237
Te        8.51285        5.11027        2.35046        2        -0.602238        0.092168        -0.807642
Te        11.79398        3.41601        2.19168        2        -0.025921        0.197329        0.062398
Te        8.19903        8.68946        5.72427        2        0.653991        -0.228969        0.212493
Te        11.87672        10.56117        5.59172        2        -0.290489        0.001329        0.209320
Te        8.24951        8.70515        2.23596        2        0.031552        -0.330926        0.190702
Te        11.76986        7.13770        2.17603        2        -0.211593        -0.467931        -0.065336
Te        15.32975        1.92183        5.63053        2        -0.380402        -0.403787        0.230582
Te        18.55975        3.38987        5.70206        2        0.511048        0.904955        -0.685301
Te        15.26417        1.73941        2.01621        2        0.009743        0.851302        0.721655
Te        18.72124        10.62245        2.11030        2        -0.099600        0.364092        0.517223
Te        15.24359        5.44278        5.48678        2        -0.491927        -0.528141        0.714639
Te        18.65613        6.97765        5.58976        2        0.060050        0.362181        0.172341
Te        15.19221        5.48684        2.05869        2        -0.113608        -0.841749        0.634068
Te        18.68335        3.48971        2.00307        2        0.122113        0.092068        1.238801
Te        15.45329        9.01220        5.56599        2        -0.883573        -0.801518        0.326611
Te        18.62497        0.03329        5.71078        2        0.182515        -0.244439        -0.621012
Te        15.40600        8.97899        2.11589        2        -0.695668        -0.364122        0.169401
Te        18.57391        7.14529        2.11528        2        1.026938        -0.578208        0.131337
