54
Lattice="20.272644424 0.000008540 -0.000615361 -0.000005198 10.639921383 0.000045896 0.042448411 0.000094922 30.000000000" Properties=species:S:1:pos:R:3:tags:I:1:forces:R:3 energy=-316.97514416 stress= -19.35173 -4.22151 0.02443 -1.98089 0.14175 -0.08185 pbc="T T T"
Mo        2.63633        0.20372        3.89944        1        -0.502199        -0.716394        0.488376
Mo        6.07912        1.76167        3.96231        1        0.135085        -0.291728        0.665022
Mo        2.61651        3.61793        4.05481        1        0.273656        0.325262        -0.355879
Mo        6.07884        5.52128        4.04990        1        0.482417        -1.425161        -0.082678
Mo        2.68130        7.05567        3.96598        1        0.246258        0.587777        0.580740
Mo        5.86295        8.97543        4.00454        1        0.120725        -1.027160        -0.660988
Mo        9.20985        0.00023        4.02658        1        0.333340        -0.198749        -0.660697
Mo        12.71683        1.73865        3.86671        1        0.221885        -0.437102        -1.039278
Mo        9.41151        3.56542        3.81092        1        0.367577        -0.672421        0.656230
Mo        12.68481        5.19816        3.84688        1        -0.347151        0.936924        -0.544108
Mo        9.20902        7.05459        3.94013        1        0.432610        0.067538        -0.036073
Mo        12.66552        8.87807        3.95750        1        0.235129        -0.133037        -0.070684
Mo        16.18252        10.60561        3.82580        1        0.184419        0.541990        -0.213721
Mo        19.47378        1.63024        3.95330        1        0.061228        1.437864        0.496372
Mo        16.03640        3.53817        3.70323        1        0.427719        0.523852        0.546765
Mo        19.67802        5.24438        3.88916        1        -1.365159        -0.344165        0.744481
Mo        15.85115        7.00823        3.90109        1        1.472692        -0.837608        0.210134
Mo        19.51168        8.92641        4.12116        1        0.238051        -0.238995        -1.761427
Te        1.42161        1.87281        5.75390        2        -0.068133        -0.435242        -0.326776
Te        4.98182        3.51083        5.70991        2        -0.472426        0.735766        0.106277
Te        1.33949        2.07269        2.20734        2        0.733674        -1.282441        0.288759
Te        4.78078        0.12278        2.19926        2        0.130788        -0.199417        -0.203686
Te        1.40109        5.32054        5.78110        2        0.479919        0.347208        -0.179434
Te        4.86975        7.13431        5.85956        2        -0.351272        0.245475        -0.670720
Te        1.56044        5.37894        2.21356        2        0.201435        -0.194714        -0.337353
Te        5.03555        3.59755        2.37038        2        -1.007169        0.587690        -0.506754
Te        1.56357        8.89648        5.76039        2        -0.065544        0.299248        -0.857660
Te        4.80429        0.04738        5.72911        2        -0.388731        0.568542        0.133153
Te        1.42584        8.89281        2.23140        2        0.272862        0.304759        0.779511
Te        4.96485        7.11208        2.17598        2        -0.735146        0.374623        0.440953
Te        8.27907        1.96681        5.70943        2        -0.209177        -0.957024        0.046999
Te        11.60596        3.47677        5.54783        2        -0.243949        0.148273        0.882295
Te        8.20290        1.74369        2.20325        2        0.001197        -0.254432        -0.423873
Te        11.41011        10.43000        2.25186        2        -0.116418        1.299997        -0.545703
Te        8.32911        5.19637        5.69769        2        -0.310506        0.866253        0.306251
Te        11.49233        7.08230        5.50915        2        -0.040128        -0.537474        1.012368
Te        8.24548        5.22045        2.14544        2        -0.610104        1.051814        -0.291716
Te        11.58170        3.45990        2.06659        2        -0.008288        -0.075814        -0.201461
Te        7.99434        8.89891        5.74284        2        0.554705        -0.289949        -0.128853
Te        11.47322        0.09359        5.62118        2        0.213815        -0.569755        0.660969
Te        8.08509        8.77206        2.20654        2        -0.236801        0.833107        0.324226
Te        11.43469        7.12534        2.15467        2        0.164043        -0.420076        0.364610
Te        14.98815        1.83566        5.51466        2        -0.078941        -0.576395        -0.046854
Te        18.13162        3.57187        5.64013        2        0.764701        -0.324603        -0.994910
Te        15.01809        1.71856        1.99700        2        -0.405592        -0.393303        0.325597
Te        18.38593        10.62659        2.10530        2        0.196464        -0.858636        0.561319
Te        14.79123        5.19608        5.61640        2        0.343060        0.140378        -0.156737
Te        18.26913        7.06577        5.60814        2        -0.192201        -0.510923        0.232010
Te        14.72536        5.25843        2.00056        2        0.658770        0.264572        0.276569
Te        18.48602        3.36473        2.08965        2        -0.532645        0.828352        0.560392
Te        14.98187        8.97996        5.55822        2        -0.547547        -0.653664        1.086606
Te        18.38749        10.63672        5.79155        2        -0.671741        0.036873        0.128044
Te        14.83694        8.74084        2.26730        2        -0.062538        1.044396        -1.401629
Te        18.36777        7.03542        2.33498        2        -0.341992        0.447356        -0.213928
