54
Lattice="19.940895089 0.000456147 -0.025753600 -0.000245476 10.721779888 0.000007040 0.013560576 0.000001770 30.000000000" Properties=species:S:1:pos:R:3:tags:I:1:forces:R:3 energy=-316.32472865 stress= -11.68995 -7.92124 -0.45271 -0.18450 -0.58563 -0.66479 pbc="T T T"
Mo        2.17413        10.71759        3.42096        1        0.829253        1.060619        1.997887
Mo        4.84050        1.72014        3.89222        1        -0.452683        0.188343        -1.339955
Mo        2.29279        3.68123        3.62052        1        0.505770        -0.719335        -1.149890
Mo        4.68380        5.48621        4.04437        1        -0.670109        -0.593408        -0.370622
Mo        2.10054        7.33076        3.56092        1        0.628175        -1.079509        0.912387
Mo        4.45331        8.81667        3.91043        1        0.347925        1.348654        0.924247
Mo        8.91084        10.35309        4.01058        1        -1.354305        0.971271        0.630024
Mo        11.31816        1.71165        4.35632        1        -0.437715        -1.253929        -0.362072
Mo        8.91418        4.08533        4.14785        1        -0.490057        -1.478487        -0.638585
Mo        11.38263        5.26053        4.23009        1        -0.312015        0.973911        0.673412
Mo        8.78538        7.15731        3.97615        1        0.433066        0.489615        0.141362
Mo        11.19254        8.75436        4.22886        1        1.140760        -0.278399        0.746777
Mo        15.41868        0.06912        4.00776        1        1.062840        -0.242683        0.273625
Mo        17.95828        1.97818        3.72963        1        -0.220293        -0.369823        0.678436
Mo        15.49643        3.56571        3.79316        1        0.717194        0.236009        1.143293
Mo        18.01187        5.41328        3.86164        1        -0.747250        -0.836374        -0.906563
Mo        15.57954        6.89180        3.79819        1        0.039490        -0.338132        0.142907
Mo        17.97778        9.22260        3.81553        1        -0.611253        0.189703        0.058415
Te        0.70995        1.80111        4.99319        2        -0.562158        -0.127246        0.108650
Te        3.90665        3.43330        5.69086        2        0.193592        0.882724        1.067627
Te        6.40585        10.55847        2.44743        2        -0.037926        0.216625        0.457272
Te        3.25787        1.87225        1.66394        2        -0.300649        -0.108890        0.634140
Te        0.77622        5.20928        5.19896        2        -0.777399        1.174929        -0.131216
Te        3.68669        7.11997        5.89910        2        -0.186357        0.270638        -0.437033
Te        6.40903        3.63331        2.57022        2        0.253008        0.461999        0.259480
Te        3.18791        5.48496        1.82131        2        -0.325591        0.044194        -0.376779
Te        0.50691        8.94831        5.12170        2        0.654725        0.564472        -0.288788
Te        3.85561        0.09805        5.74163        2        -0.488866        -0.904689        -0.420460
Te        6.29581        7.27035        2.64038        2        0.301782        -0.539274        -0.914399
Te        3.03297        9.03397        1.67318        2        -0.071872        -0.936361        -1.308750
Te        7.33535        2.04222        5.39690        2        -0.008537        -0.985192        -0.300469
Te        10.64356        3.43759        6.13654        2        -0.251417        0.894287        1.162942
Te        12.98555        10.51034        2.68686        2        -0.841818        0.380398        0.380104
Te        9.47444        1.76084        2.41371        2        0.186793        0.495020        -0.259407
Te        7.13575        5.55101        5.43959        2        -0.416150        -0.172808        0.822118
Te        10.28762        7.16189        6.29570        2        0.760733        -0.609490        -1.347986
Te        12.74323        3.40899        2.73945        2        0.794278        0.255161        -0.434736
Te        9.75721        5.47475        2.07250        2        -0.095634        -0.083662        -0.165913
Te        6.84987        9.05306        5.47834        2        1.219604        -0.448997        -0.131860
Te        10.41508        10.49595        6.22899        2        0.486599        0.334550        -0.507926
Te        12.93685        6.95568        2.54639        2        -0.138471        0.199290        0.686192
Te        9.77481        8.82921        2.04064        2        -0.436506        -0.005948        -0.560529
Te        13.85259        1.69089        5.62478        2        0.459819        0.229358        -0.576050
Te        17.52710        3.74455        5.85169        2        -0.491024        -0.758284        -0.768810
Te        19.64052        0.01261        2.09238        2        -0.709208        0.296863        0.322330
Te        15.68712        1.73592        1.95410        2        1.070960        -0.285486        -0.690596
Te        14.11584        5.24720        5.53875        2        -0.494088        0.055950        -0.306098
Te        17.48108        7.34023        5.65877        2        -0.191692        -0.445475        0.773492
Te        19.73790        3.51385        2.16170        2        -0.621530        0.454255        0.376938
Te        16.08520        5.24372        1.70786        2        0.413960        0.001013        0.927580
Te        13.99579        8.68753        5.25465        2        -0.290962        0.451205        0.422120
Te        17.57643        0.21557        5.85264        2        -0.585015        0.207819        -0.682249
Te        19.31137        7.21776        2.34267        2        1.314758        0.163100        -0.624345
Te        16.02636        8.93918        2.04679        2        -0.140484        0.109253        -0.706512
