54
Lattice="19.174335959 0.000456436 -0.025753600 -0.000245188 12.055168952 0.000007040 0.013560858 0.000001769 30.000000000" Properties=species:S:1:pos:R:3:tags:I:1:forces:R:3 energy=-308.37029001 stress= -6.16185 -11.17208 3.70704 -0.85727 1.78585 -0.44994 pbc="T T T"
Mo        2.47130        11.94277        3.97754        1        -2.488965        -0.676161        -0.758024
Mo        4.37097        2.18833        4.36752        1        0.580381        1.509787        -0.738193
Mo        1.84540        4.37325        4.36161        1        0.396508        -1.391085        -2.906327
Mo        4.30761        5.79541        4.20448        1        1.386010        -0.309310        1.704066
Mo        2.24727        8.01615        3.97476        1        -0.333034        1.896198        0.291291
Mo        4.57131        10.06548        4.32075        1        0.155789        0.447893        -0.683391
Mo        8.49476        0.65659        3.92916        1        0.000778        -0.116879        -0.570565
Mo        10.77926        2.53170        3.75800        1        2.218342        -0.460012        0.445582
Mo        8.57609        4.13532        3.63683        1        0.000698        0.243048        0.597503
Mo        10.92106        5.84822        3.91794        1        -0.645206        0.714988        -2.214544
Mo        8.45137        7.62210        3.80837        1        0.570160        -1.016549        -0.158470
Mo        11.35614        9.04625        3.52995        1        -0.119419        -0.182479        1.749358
Mo        14.90545        11.87279        3.75526        1        -1.493960        0.567466        1.360280
Mo        17.23366        1.65784        4.07105        1        -0.750904        -0.110818        -1.070083
Mo        15.15340        4.11429        3.15955        1        1.774889        -1.251134        1.764010
Mo        17.43791        6.25351        4.03593        1        -0.505101        0.616025        -1.152693
Mo        14.71667        8.38537        3.52325        1        0.545411        -0.785379        -0.024874
Mo        17.22611        10.05294        4.09846        1        -0.456584        1.991728        -1.768218
Te        0.64462        1.77309        5.34796        2        -0.101658        0.501322        0.088407
Te        3.61327        4.10523        6.18395        2        0.925774        -0.333588        1.209971
Te        5.90857        0.09893        2.98795        2        0.033829        0.215077        0.046620
Te        2.56884        2.13623        2.53271        2        -0.344938        0.460501        -1.196142
Te        0.68621        6.21332        5.56479        2        -1.633941        1.666706        1.022734
Te        3.96751        8.00257        5.88685        2        0.195506        -0.366615        1.684470
Te        5.79936        4.09565        2.65792        2        0.043211        -0.232291        -0.099541
Te        2.69042        6.16706        2.28036        2        -1.198150        -1.376916        -2.051316
Te        0.38494        10.23310        5.43366        2        1.751645        -0.245800        0.329375
Te        3.92463        0.28445        6.03359        2        0.602407        -1.665574        2.005722
Te        5.88573        7.87528        3.08576        2        -0.647907        0.164363        -0.632645
Te        3.02207        9.97697        2.11953        2        -0.196146        0.067102        0.415784
Te        7.06496        2.43133        5.19814        2        -0.511385        -0.342189        0.600571
Te        10.39094        4.16724        5.75439        2        -0.732987        -0.393303        1.271919
Te        12.11441        11.80533        2.51795        2        0.725651        -0.182002        0.731373
Te        9.17430        2.17908        1.78406        2        -1.288209        -0.155899        -0.578752
Te        6.82828        5.97699        5.55388        2        0.744670        -0.191162        -0.821996
Te        10.12967        7.71869        5.77770        2        1.530372        0.257464        -0.336232
Te        12.47825        4.08115        2.25943        2        0.195763        -0.363177        -0.319364
Te        9.09352        5.90251        1.68108        2        0.206610        0.342544        1.108773
Te        7.25293        9.89055        5.26665        2        0.329880        0.787867        -0.522991
Te        10.64134        0.53756        5.40838        2        -0.533020        -0.715053        0.364074
Te        12.40362        7.34221        1.97248        2        0.350915        0.679075        -0.364809
Te        9.27902        9.60164        2.21657        2        -1.184834        1.248234        -0.758900
Te        13.69479        2.19482        5.00737        2        -0.396119        0.185795        -0.633774
Te        16.88640        4.04708        5.54035        2        -1.110426        -0.248952        -0.278268
Te        18.81369        11.99930        2.57527        2        0.244515        -0.210262        0.199644
Te        15.38266        1.65604        1.81699        2        0.415498        0.522409        0.708658
Te        13.62299        5.92759        4.76504        2        0.486164        0.079011        0.298566
Te        16.34287        8.18531        5.63065        2        0.037266        -1.217504        1.478635
Te        18.16418        3.78683        2.60849        2        0.250000        0.481421        -0.147272
Te        15.99754        6.24550        1.73773        2        -0.453689        0.982211        0.490638
Te        13.29691        9.59190        5.35499        2        -0.117331        1.135965        0.020865
Te        16.29559        0.04315        5.98251        2        0.510017        -0.776375        0.243248
Te        18.97333        8.27653        2.61251        2        -0.629732        -0.514675        0.072196
Te        15.61774        10.37374        1.88202        2        0.646676        -1.914636        -1.544521
