54
Lattice="20.707852593 0.000456147 -0.025753600 -0.000245476 10.309403738 0.000007040 0.013560576 0.000001770 30.000000000" Properties=species:S:1:pos:R:3:tags:I:1:forces:R:3 energy=-312.18295242 stress= -14.27465 -5.23052 -3.03460 -0.34876 0.72313 -0.14471 pbc="T T T"
Mo        2.30566        0.05521        3.69908        1        1.411654        -0.798017        0.255219
Mo        4.62498        1.81951        3.94795        1        1.802500        -0.298286        0.359122
Mo        2.21215        3.40227        3.81871        1        0.250082        -0.812927        -1.437840
Mo        4.59386        5.09011        4.07362        1        1.200481        0.073221        -1.100885
Mo        2.38907        6.67782        3.88961        1        0.075334        1.054925        -0.139368
Mo        4.76959        8.27526        4.20429        1        0.509868        2.649664        -2.480410
Mo        8.98662        0.28582        4.02024        1        0.386608        -1.294314        0.952978
Mo        11.71418        1.92830        4.10027        1        0.210787        0.172853        0.772784
Mo        9.16996        3.67598        4.03981        1        -0.560368        -0.872944        -1.648476
Mo        11.54588        5.20693        3.87900        1        2.618813        -0.523498        3.342923
Mo        8.97089        6.98078        3.93555        1        2.398518        -0.316369        -0.433282
Mo        11.50030        8.82599        3.83930        1        0.658178        -0.591333        0.958394
Mo        16.06090        0.01693        3.95587        1        0.558654        -0.454808        -0.619946
Mo        18.67578        1.32679        3.91680        1        0.060822        0.459738        -2.078797
Mo        16.19531        3.32772        3.87438        1        -0.446140        0.365428        -1.413011
Mo        18.71295        4.69849        3.87219        1        -0.406771        1.362825        -0.124349
Mo        16.43133        6.80802        3.77485        1        -0.184728        0.439386        0.161114
Mo        18.83992        8.73736        3.96075        1        -0.202913        -0.360390        -0.215811
Te        0.81587        1.69023        5.23590        2        -1.876420        -0.723537        0.823247
Te        3.84095        3.34102        5.88709        2        0.210792        0.576099        1.562126
Te        6.51306        0.21774        2.54662        2        -0.030377        -0.261193        0.154644
Te        3.12463        1.74141        1.82558        2        -0.537271        -0.112035        -0.812234
Te        0.54590        5.04447        5.20583        2        -0.161938        0.148566        0.514684
Te        4.06222        6.80264        6.07906        2        -0.837901        -1.086090        1.315683
Te        6.64805        3.44692        2.44414        2        -0.560209        0.416427        0.326061
Te        2.86390        4.94741        1.84465        2        0.678056        1.291080        -0.183684
Te        0.62622        8.83103        5.54565        2        0.190828        -0.799617        -0.980713
Te        4.08915        0.04585        5.89593        2        -0.271153        -0.526509        -0.455944
Te        6.59862        6.88783        2.67620        2        -1.070724        -0.235588        -0.601392
Te        3.40444        8.46994        1.80984        2        -0.802735        -0.218961        1.662251
Te        7.28852        1.97465        5.49248        2        0.313566        -0.496506        -0.125624
Te        10.77344        3.37765        6.20122        2        0.681036        1.008814        -1.025277
Te        13.42487        0.20180        2.57299        2        0.194175        -0.354299        0.170525
Te        9.95355        1.73905        2.21848        2        -0.009227        1.824916        -2.245957
Te        7.41322        5.21753        5.39923        2        -0.386893        0.220369        0.562489
Te        11.24485        6.93248        5.86335        2        -1.050357        0.438732        -0.514718
Te        13.48740        3.30297        2.35940        2        -0.326324        0.505097        0.832777
Te        9.99472        5.29862        1.99064        2        -2.421966        -0.175581        -1.802096
Te        7.47474        8.71642        5.26058        2        -0.737554        -0.043789        1.032807
Te        11.13353        0.13742        5.96087        2        -0.602895        -0.477947        0.139724
Te        12.96636        7.06152        2.34770        2        0.375807        -0.367466        -0.421775
Te        9.69487        8.78499        1.81386        2        -0.368221        -0.165887        1.342938
Te        14.76645        1.73806        5.78846        2        -0.307129        0.052478        -0.970645
Te        17.99712        3.02568        5.76494        2        0.230562        0.924726        1.429346
Te        20.58113        10.11180        2.09787        2        -0.566344        0.444827        1.080501
Te        16.75115        1.69937        1.75013        2        0.485412        -0.443126        1.649837
Te        14.53606        5.24667        5.22911        2        -0.005121        -0.245599        -0.229709
Te        18.14315        6.65524        5.89235        2        -0.095088        0.169825        -1.495704
Te        20.24750        3.36982        2.13226        2        0.282963        -0.663483        0.585529
Te        17.01779        5.20048        1.73202        2        -0.151336        -0.821214        1.059015
Te        14.39623        8.52637        5.53089        2        0.568833        0.339804        -0.976823
Te        17.89014        10.13303        5.98833        2        -0.302042        -0.281548        -0.069217
Te        20.61935        6.96095        2.63342        2        -0.905641        -0.563233        -0.289496
Te        17.03466        8.52856        1.70840        2        -0.149114        0.431630        1.852145
