54
Lattice="21.194128261 0.000008540 -0.000615361 -0.000005198 10.639921383 0.000045896 0.042448411 0.000094922 30.000000000" Properties=species:S:1:pos:R:3:tags:I:1:forces:R:3 energy=-313.05437587 stress= -25.48856 -7.29167 -0.90274 -1.02794 0.67740 -0.01202 pbc="T T T"
Mo        2.55356        0.09312        3.99628        1        0.662456        -1.304029        -0.432387
Mo        6.18937        1.74884        3.97041        1        -0.230102        0.014269        0.201251
Mo        2.63511        3.46783        3.94610        1        0.013967        -0.390530        0.263320
Mo        6.33708        5.31974        4.16655        1        -0.734307        0.316926        -0.380537
Mo        2.60807        7.06504        3.88319        1        -0.490633        -0.532377        0.693474
Mo        6.24367        8.88187        4.07523        1        -0.540833        -0.809241        0.470253
Mo        9.80852        10.60579        3.87796        1        -0.113012        0.585839        0.426738
Mo        13.46511        1.84666        3.90990        1        0.097018        0.286411        0.006815
Mo        9.90407        3.50272        3.83548        1        -0.253568        0.285483        0.493438
Mo        13.37151        5.35583        3.96041        1        0.164457        0.166095        -0.021943
Mo        9.92466        7.12051        4.00779        1        -0.561776        -0.278376        -0.949071
Mo        13.30965        8.82330        3.88766        1        0.723529        0.809175        0.643022
Mo        16.86512        0.01540        3.91518        1        -0.634865        -0.215790        -0.441918
Mo        20.38937        1.81478        3.83642        1        -0.219132        -0.183696        -0.306255
Mo        16.95317        3.48078        4.00802        1        0.195653        0.298132        -0.414754
Mo        20.24586        5.30722        3.69729        1        0.901655        0.518758        0.603004
Mo        16.89629        7.22531        3.89263        1        -0.355974        -0.604102        0.689563
Mo        20.21223        8.80433        3.80486        1        0.464083        1.192594        -0.139081
Te        1.31766        1.72585        5.73801        2        0.252887        0.429634        -0.243794
Te        5.00728        3.49381        5.72332        2        -0.160597        0.225834        -0.024165
Te        1.45518        1.68735        2.14785        2        0.160249        0.410598        0.177669
Te        5.00347        10.45775        2.28003        2        -0.297856        1.001405        0.252207
Te        1.30400        5.26511        5.54699        2        0.126689        0.124686        -0.143537
Te        4.67446        7.08023        5.90553        2        1.080040        0.089256        -1.221768
Te        1.56881        5.15515        2.13824        2        -0.485460        0.627146        -0.063448
Te        5.01204        3.63724        2.30707        2        0.217121        -0.339947        0.339896
Te        1.23101        8.84241        5.50673        2        0.358287        0.018792        0.584081
Te        5.15369        0.07029        5.80984        2        -0.665987        -0.421449        -0.261243
Te        1.36479        8.78984        2.21680        2        0.166476        0.623448        -0.240639
Te        4.90660        7.04662        2.39502        2        0.968049        0.051073        0.190243
Te        8.59946        1.81278        5.61631        2        0.130385        -0.215736        -0.268148
Te        12.23628        3.60270        5.68623        2        -0.304371        -0.329402        -0.377611
Te        8.32016        1.65850        2.29101        2        1.182924        0.490947        -0.565072
Te        12.17846        0.04174        2.18366        2        -0.152356        -0.004850        0.216115
Te        8.77740        5.38294        5.71931        2        -0.194055        -0.752885        -0.493830
Te        12.19739        7.07339        5.78128        2        -0.072557        0.441477        -0.632226
Te        8.58815        5.23807        2.17345        2        0.210207        0.504638        0.958727
Te        12.33554        3.63480        2.17720        2        -0.657590        -0.391456        -0.131991
Te        8.60957        8.88449        5.64458        2        0.160582        0.102262        0.266583
Te        12.19964        0.17618        5.57806        2        -0.426501        -1.055172        0.023562
Te        8.47657        8.86077        2.25556        2        0.327903        -0.466533        0.157784
Te        12.14752        7.09019        2.25914        2        -0.334479        -0.132727        -0.529469
Te        15.75444        1.70803        5.72259        2        -0.282832        0.352826        -0.037875
Te        19.26090        3.59989        5.53926        2        -0.204096        -0.155120        0.506585
Te        15.71360        1.86497        2.24820        2        -0.044413        -0.512042        -0.472630
Te        19.11650        0.09086        2.08704        2        -0.042045        -0.311267        0.343598
Te        15.64510        5.31446        5.54101        2        0.385506        0.408538        0.831669
Te        19.13518        7.08377        5.50151        2        -0.151932        -0.331113        0.790755
Te        15.79650        5.31237        2.31270        2        -0.579705        0.059137        -0.551978
Te        19.09035        3.58007        2.03804        2        -0.028090        -0.566824        0.165403
Te        15.48226        8.92163        5.69172        2        0.661782        -0.207185        -0.714288
Te        19.05200        0.00409        5.51947        2        0.634300        -0.010183        0.240317
Te        15.81134        8.86374        2.07770        2        -0.872498        0.454515        0.331200
Te        19.02861        7.15782        2.09319        2        -0.069316        -0.390482        -0.802207
