54
Lattice="19.173937585 0.000456147 -0.025753600 -0.000245476 11.134156037 0.000007040 0.013560576 0.000001770 30.000000000" Properties=species:S:1:pos:R:3:tags:I:1:forces:R:3 energy=-317.79351046 stress= -6.65291 -12.27305 -0.24027 1.32504 -1.25870 -0.43930 pbc="T T T"
Mo        2.28459        0.03727        3.84388        1        -0.618976        0.772298        -0.436976
Mo        4.49917        1.79511        4.07585        1        -0.141428        0.132374        0.595310
Mo        2.27334        3.67152        3.83124        1        -0.025505        0.055926        0.125650
Mo        4.40009        5.71868        4.15408        1        0.824068        -0.671786        -0.418960
Mo        2.11877        7.44995        3.88650        1        0.129467        -0.762797        -0.868943
Mo        4.43131        9.26882        4.33819        1        0.172975        0.356107        -0.814227
Mo        8.69106        10.85361        3.95371        1        -2.072322        0.575318        -0.689285
Mo        10.63616        1.65634        4.11181        1        1.100335        1.106439        -0.777374
Mo        8.66683        3.74688        3.87391        1        -0.983297        0.040226        -1.098883
Mo        10.75762        5.62881        4.00256        1        1.397150        -0.423472        -0.551212
Mo        8.52538        7.28686        3.93810        1        0.540418        0.894242        0.349966
Mo        10.87809        9.05015        4.06489        1        -0.548652        0.334828        -1.362996
Mo        14.84635        0.10015        3.66168        1        0.649042        -0.411808        1.288767
Mo        17.19951        1.99525        3.93400        1        -0.081010        -0.254327        -0.906946
Mo        14.91453        3.87047        3.52324        1        0.350749        -0.467512        2.021709
Mo        17.30547        5.51058        3.98926        1        -0.698043        0.045271        -1.210748
Mo        14.95310        7.45043        3.59928        1        0.497158        -0.267558        -0.579193
Mo        17.27745        9.32094        3.92139        1        -0.439778        0.043050        0.065477
Te        0.58804        1.90466        5.24193        2        0.141552        -0.175757        0.156649
Te        3.93941        3.72645        5.95950        2        -0.313561        -0.069246        0.208116
Te        6.02194        11.12326        2.71875        2        0.418321        -0.615243        0.026543
Te        2.96229        2.00558        1.78792        2        -0.206719        -0.931161        0.983878
Te        0.61253        5.56552        5.34512        2        0.045200        -0.152342        0.108158
Te        3.64151        7.37141        6.03789        2        0.236686        0.300158        1.505707
Te        5.95935        3.82227        2.69347        2        0.458507        -0.172248        -0.132532
Te        2.82816        5.48443        1.92679        2        0.110917        0.991533        0.378504
Te        0.60924        9.33522        5.17568        2        -0.319203        0.207952        0.866795
Te        3.76638        0.03162        6.19031        2        0.092213        0.196306        -0.828084
Te        6.08004        7.53182        2.76880        2        -1.031203        -0.390617        -0.404181
Te        2.90514        9.25216        2.07965        2        0.276026        0.223217        -0.641030
Te        7.02179        1.90949        5.32057        2        0.421563        -0.664149        0.197856
Te        10.31900        3.74411        6.00326        2        0.074588        -0.385275        -0.497416
Te        12.39881        0.04707        2.50562        2        -1.103640        -0.336814        -0.261037
Te        8.97098        1.73585        1.91811        2        0.272473        0.026245        0.947516
Te        7.14017        5.41853        5.45717        2        -0.842861        0.606901        0.344808
Te        10.35621        7.28308        6.00140        2        -0.273327        0.445279        0.464883
Te        12.32118        3.71562        2.36310        2        -0.418743        0.157769        0.483708
Te        8.99126        5.58273        1.89394        2        0.250696        -0.225364        0.100242
Te        7.00529        9.22412        5.63232        2        0.388323        -0.029612        -0.316783
Te        10.40223        10.91961        5.94916        2        0.129049        -0.025693        1.376367
Te        12.25475        7.46917        2.30971        2        0.543548        -0.430875        0.198286
Te        8.90657        9.20608        1.89454        2        0.955286        -0.463618        0.818444
Te        13.24389        1.84420        5.16378        2        0.417776        0.329640        0.133544
Te        16.61554        3.68362        5.92448        2        -0.504510        0.449875        -0.932103
Te        18.79566        0.00846        2.44719        2        0.473807        0.526541        -0.032480
Te        15.37635        1.83888        1.77976        2        0.872948        0.872176        -0.488916
Te        13.50046        5.68351        5.25297        2        -0.451071        -0.520623        -0.635040
Te        16.59346        7.42433        5.75262        2        -0.017787        0.143502        0.370311
Te        19.01313        3.76469        2.51529        2        -0.989259        -0.194863        -0.257932
Te        15.65404        5.62087        1.65008        2        0.243874        0.168488        0.588648
Te        13.47622        9.16390        5.13744        2        -0.316987        0.432931        0.448258
Te        16.56029        0.09129        5.73418        2        -0.026465        -0.200460        0.510056
Te        18.81761        7.42747        2.46381        2        0.163944        -0.147740        -0.025976
Te        15.67462        9.50287        1.80401        2        -0.254828        -1.020724        -0.525547
