54
Lattice="18.429676749 0.000008540 -0.000615361 -0.000005198 12.767905659 0.000045896 0.042448411 0.000094922 30.000000000" Properties=species:S:1:pos:R:3:tags:I:1:forces:R:3 energy=-307.07962632 stress= -12.10028 -24.80315 2.81942 -0.85889 1.81434 0.20939 pbc="T T T"
Mo        2.19873        12.74497        3.83638        1        -1.047267        -0.074107        0.375468
Mo        5.27970        2.02254        3.58286        1        -0.755597        -0.306192        1.316986
Mo        2.22973        4.39267        3.83971        1        -0.232281        -1.017593        0.856139
Mo        5.43154        6.31626        3.91875        1        -0.586048        0.200981        -0.472685
Mo        2.51867        8.42443        4.06440        1        -0.681061        1.377271        -1.188120
Mo        5.36750        10.56034        3.97983        1        -0.937177        0.710639        -0.482032
Mo        8.33497        0.07270        3.63912        1        0.607101        -0.433056        0.544330
Mo        11.64867        2.07073        3.92038        1        -0.815144        0.096239        -0.772885
Mo        8.29549        3.97392        3.66853        1        0.143144        0.573915        1.013329
Mo        11.45582        6.50593        3.91924        1        -0.429686        -1.167600        -0.511372
Mo        8.43726        8.45361        3.76515        1        0.126438        0.097743        1.679471
Mo        11.42121        10.77471        3.82794        1        0.685473        -0.473364        0.270486
Mo        14.76247        0.09754        4.20618        1        -1.339797        -0.159672        -0.475562
Mo        17.57384        2.34205        3.90530        1        -0.143340        -1.224127        1.368492
Mo        14.59607        4.57793        4.01603        1        0.026612        -1.862050        0.874990
Mo        17.81410        6.34579        4.03731        1        -1.041725        1.062095        -0.058436
Mo        14.59719        8.55733        3.99964        1        -0.783986        -0.076561        1.506367
Mo        17.57968        10.56844        4.20517        1        0.581040        0.351516        -0.178796
Te        1.23138        2.10041        5.55788        2        0.505069        0.455635        0.041876
Te        4.24325        4.22977        5.50533        2        1.307872        -0.204617        -0.081193
Te        1.27690        2.39733        2.22911        2        -0.414748        -1.099759        -0.360237
Te        4.22828        12.52481        2.19583        2        0.661845        0.295674        -0.615606
Te        1.51131        6.47080        5.55611        2        0.177955        -0.608303        1.755702
Te        4.65156        8.40887        5.65067        2        0.163152        -0.091528        0.162276
Te        1.56516        6.48443        2.29636        2        -0.661956        0.504593        -0.662090
Te        4.10815        4.00598        2.02870        2        1.426672        0.857344        -0.237980
Te        1.36259        10.70874        5.69586        2        0.575154        -0.400622        -0.026849
Te        4.23310        0.08407        5.57503        2        0.723012        -0.114271        -0.436086
Te        1.21007        10.35451        2.30393        2        0.252458        0.595821        0.642169
Te        4.49584        8.74714        2.15186        2        -0.067284        -1.183911        0.457669
Te        7.35054        2.00982        5.39095        2        -0.238458        -0.049573        -0.187296
Te        10.33011        4.04658        5.53848        2        0.368156        0.131157        -0.325755
Te        7.33055        1.96059        1.84412        2        0.213783        0.299403        0.143997
Te        10.64908        12.74925        1.94485        2        -0.227633        0.371285        0.715063
Te        7.58484        6.27888        5.57818        2        -0.089448        -0.207198        -0.630308
Te        10.74247        8.59710        5.49007        2        -1.443627        0.317956        0.555427
Te        7.56721        6.26421        2.20651        2        -0.452180        0.139012        -0.463389
Te        10.54614        4.06428        2.22485        2        0.598576        0.255205        -0.391563
Te        7.41320        10.62194        5.54100        2        1.266068        0.239002        0.444261
Te        10.47071        0.03728        5.35004        2        -0.288701        0.247223        0.848144
Te        7.51627        10.61685        2.24832        2        -0.359049        -0.202721        -0.791528
Te        10.61737        8.56507        2.27745        2        0.175386        -0.065313        -1.380096
Te        13.60402        2.32378        5.72502        2        0.556949        -0.153090        -0.046475
Te        16.63764        4.38588        5.81825        2        0.454418        0.117471        -0.548802
Te        13.85492        2.10651        2.33420        2        0.123297        0.328795        0.281483
Te        16.83062        12.75381        2.51039        2        -0.002419        0.079390        -0.570923
Te        13.32955        6.45311        5.72662        2        1.274465        0.057664        0.531168
Te        16.65987        8.44508        5.79283        2        0.104770        -0.224822        0.125151
Te        13.72991        6.50757        2.42622        2        -0.469063        0.319696        -1.586667
Te        16.80609        4.36679        2.40490        2        -0.504586        0.942925        -1.027294
Te        13.51358        10.73681        5.72964        2        0.172075        0.067247        -0.284111
Te        16.77026        12.72124        5.89372        2        0.167654        0.342269        0.120647
Te        13.74036        10.66288        2.46696        2        0.361548        0.696722        -0.728810
Te        16.77094        8.59256        2.49677        2        0.124311        -0.719712        -1.101937
