54
Lattice="21.194128261 0.000008540 -0.000615361 -0.000005198 10.639921383 0.000045896 0.042448411 0.000094922 30.000000000" Properties=species:S:1:pos:R:3:tags:I:1:forces:R:3 energy=-313.43627305 stress= -25.83564 -7.42320 -1.45151 0.30501 -0.15868 -0.27536 pbc="T T T"
Mo        2.71596        0.02937        3.87525        1        -0.426195        0.136849        -0.031659
Mo        6.42382        1.79347        3.96988        1        -1.801238        -0.332342        -0.350801
Mo        2.58888        3.67106        3.93353        1        0.210300        -0.448550        -0.367393
Mo        6.07266        5.30712        4.04588        1        0.561239        0.134599        -0.733954
Mo        2.49032        7.28783        3.88744        1        0.345188        -1.579470        0.829578
Mo        6.30201        8.88767        3.86854        1        0.040834        -0.564637        0.681799
Mo        9.89871        10.54499        3.79566        1        -0.214323        0.488204        -0.289083
Mo        13.50296        1.65453        3.95069        1        -0.218146        0.020977        0.378796
Mo        9.89605        3.42602        3.71422        1        -0.109731        0.480900        0.165670
Mo        13.45380        5.17685        3.89057        1        -0.128593        1.048432        -0.023209
Mo        9.79970        7.09652        3.70560        1        -0.101454        -0.680457        -0.139339
Mo        13.44688        8.78533        4.06378        1        -0.581517        0.283158        -1.096274
Mo        16.81607        10.61852        4.00723        1        0.676142        -0.521705        0.147977
Mo        20.24810        1.79888        3.84180        1        1.066787        0.614294        -0.134037
Mo        16.88714        3.48826        4.06810        1        -0.045484        -0.606898        -0.474465
Mo        20.28491        5.49407        4.06622        1        0.056937        -0.211223        -0.787891
Mo        16.94345        7.09768        4.18801        1        -0.620449        -0.244253        -0.467203
Mo        20.18393        9.04878        4.01117        1        0.845245        0.100055        -0.541865
Te        1.44573        1.81958        5.57884        2        -0.078389        -0.185997        -0.227311
Te        4.91631        3.50522        5.66299        2        0.111867        -0.087420        0.220239
Te        1.42373        1.87636        2.10156        2        0.221966        -0.187175        0.742382
Te        5.22550        0.01140        2.21881        2        -0.619858        0.432934        -0.298533
Te        1.39123        5.35429        5.75566        2        0.118915        0.575153        -0.569019
Te        4.85695        7.19221        5.58107        2        0.064017        -0.000562        0.240366
Te        1.32807        5.44103        2.25310        2        -0.184441        0.022538        0.027876
Te        4.98055        3.52793        2.28112        2        -0.080249        0.137323        -0.031721
Te        1.32362        8.94441        5.67982        2        0.268929        0.586201        -0.286083
Te        5.00606        10.54897        5.68146        2        0.418838        0.576853        -0.645381
Te        1.29822        8.92113        2.18841        2        -0.178753        0.800399        -0.033029
Te        4.82717        7.10316        2.28213        2        0.295296        0.044527        -0.104062
Te        8.60425        1.68538        5.44625        2        1.136684        0.170189        0.848690
Te        12.16409        3.48897        5.55084        2        -0.123700        -0.461530        0.315315
Te        8.60113        1.72122        2.05970        2        0.214418        -0.130955        0.067383
Te        12.24980        10.61390        2.17672        2        0.248317        -0.585865        0.539628
Te        8.61584        5.22018        5.44312        2        -0.068566        0.203709        0.015446
Te        12.02348        6.93579        5.43773        2        0.127004        0.102460        0.812511
Te        8.37378        5.27843        2.16059        2        0.277376        -0.122481        0.135323
Te        12.39844        3.42220        2.19878        2        -0.589331        -0.157908        -0.653767
Te        8.68989        8.79035        5.51173        2        -0.247752        0.018532        0.119936
Te        12.08076        10.57987        5.66820        2        0.354661        -0.047768        -0.236420
Te        8.59012        8.88140        2.04860        2        -0.062327        -0.181956        -0.026500
Te        12.22712        7.08471        2.09702        2        0.207890        -0.222371        0.727581
Te        15.70719        1.63001        5.81888        2        -0.293939        0.742445        -0.391863
Te        19.22462        3.53047        5.63894        2        -0.370828        0.578570        0.460976
Te        15.78561        1.62014        2.21340        2        -0.529433        0.894276        0.250271
Te        18.95464        0.11896        2.16630        2        0.249876        -0.461963        0.202629
Te        15.63421        5.21481        5.79308        2        0.049251        0.144570        -0.195015
Te        19.25144        7.33038        5.87037        2        -0.476730        -0.660387        -0.154317
Te        15.76047        5.26570        2.32855        2        0.266177        0.175703        0.209275
Te        19.09075        3.63154        2.19961        2        -0.016189        0.533478        0.517991
Te        15.69389        8.89538        5.84398        2        -0.284520        -0.372459        -0.176786
Te        19.13864        0.22403        5.69348        2        -0.494333        -0.534657        0.300654
Te        15.65162        8.70185        2.33066        2        0.197135        0.343931        0.422688
Te        18.98467        7.31226        2.33272        2        0.389617        -0.804764        0.093930
