54
Lattice="19.173937585 0.000456147 -0.025753600 -0.000245476 11.134156037 0.000007040 0.013560576 0.000001770 30.000000000" Properties=species:S:1:pos:R:3:tags:I:1:forces:R:3 energy=-316.98733234 stress= -3.87407 -10.53778 1.53532 -2.70119 0.31806 0.70208 pbc="T T T"
Mo        2.14742        0.13710        3.96564        1        -0.031955        0.067090        -1.379961
Mo        4.50128        1.92429        4.37164        1        -0.328085        -0.176317        -1.206767
Mo        2.14789        3.72768        3.79045        1        0.386497        -0.441736        0.130765
Mo        4.38005        5.41575        4.03341        1        0.417138        -0.172509        1.828567
Mo        2.29159        7.47626        3.77192        1        -0.830176        -0.369705        -1.256130
Mo        4.39526        9.41136        4.24887        1        0.069603        -0.110023        -0.364666
Mo        8.57884        11.01057        4.08354        1        -0.327962        0.278467        -0.807702
Mo        10.80749        1.53558        3.92241        1        0.269971        0.778755        -0.238711
Mo        8.59102        3.51192        3.92248        1        -0.693132        0.478030        -0.985922
Mo        10.83628        5.47779        3.91333        1        0.432806        1.983283        1.069826
Mo        8.59941        7.22811        4.00236        1        -0.219136        -1.126624        2.019316
Mo        10.88096        9.23676        4.02380        1        -0.677607        -0.144607        0.748362
Mo        14.97732        10.98785        3.62963        1        -0.321095        0.442338        1.060269
Mo        17.10454        1.81062        3.89238        1        0.392874        0.253804        0.046964
Mo        14.93633        4.17041        3.45006        1        0.320835        -0.613926        0.211892
Mo        17.22430        5.75354        3.79967        1        0.266301        -0.163541        -0.161605
Mo        14.95338        7.43320        3.61168        1        0.203496        0.590829        -0.320292
Mo        17.21848        9.14267        3.97827        1        0.609246        1.478971        -0.408001
Te        0.50483        2.16651        5.37934        2        -0.262972        -1.047174        -0.174364
Te        3.62507        3.72561        6.13949        2        0.108473        0.383577        -0.481469
Te        6.06135        0.02927        2.77103        2        -0.400158        -0.208384        0.162617
Te        3.15456        1.85266        1.97030        2        -0.835330        0.003550        0.988413
Te        0.60542        5.63057        5.17045        2        -0.522191        0.182315        0.138612
Te        3.61510        7.34149        6.04053        2        0.775770        0.152583        -0.311411
Te        5.92652        3.59052        2.63947        2        0.721853        0.116755        0.186456
Te        2.75179        5.45100        1.84345        2        0.179904        0.924462        0.006375
Te        0.61528        9.24444        5.26211        2        0.094852        0.107884        0.523575
Te        3.60823        0.06978        6.10195        2        0.421949        -0.230745        1.249061
Te        6.09065        7.26495        2.87959        2        -1.018967        0.679656        -0.598971
Te        2.94545        9.43206        1.93392        2        -0.087209        -0.096905        0.800975
Te        7.06571        1.86036        5.76403        2        0.073328        0.023985        -0.684904
Te        10.52164        3.57550        5.72139        2        -0.213562        -0.281697        1.052498
Te        12.29402        11.02074        2.46670        2        0.756006        -0.408493        -0.626856
Te        8.92766        1.61985        1.96526        2        0.187411        0.121037        0.467130
Te        6.91634        5.47964        5.50133        2        0.098979        -0.304674        -0.328333
Te        10.46316        7.35318        5.99917        2        -0.364600        -0.136357        -0.463204
Te        12.19723        3.57177        2.59168        2        0.596291        0.246021        -0.758788
Te        9.08670        5.53377        1.94142        2        -0.568648        -0.789511        0.138224
Te        6.81557        9.50506        5.50328        2        0.420328        -0.957620        0.793380
Te        10.54625        0.05585        5.98622        2        -0.303543        -1.146804        0.846006
Te        12.39679        7.34945        2.41407        2        -0.392545        0.212141        -0.224484
Te        8.90509        8.95246        2.23292        2        0.348028        2.266444        -2.088376
Te        13.64437        2.05182        4.78045        2        -0.186024        -0.555992        0.008742
Te        16.46563        3.77481        5.64826        2        0.292533        0.503915        -0.188509
Te        18.89216        11.13200        2.63586        2        -0.225210        0.436906        -0.409834
Te        15.57223        1.78594        1.66488        2        -0.059304        0.759612        0.856773
Te        13.43127        5.79814        5.17079        2        0.157767        -1.089962        -0.114333
Te        16.57013        7.48775        5.82263        2        -0.129606        -1.111083        0.678745
Te        18.82564        3.71421        2.35283        2        -0.340641        0.088054        0.153391
Te        15.66853        5.85496        1.51354        2        0.221255        -0.245214        0.315293
Te        13.42727        9.26984        5.16480        2        0.268897        0.272728        0.453668
Te        16.65828        11.08642        5.84261        2        -0.320627        0.185988        -0.297450
Te        18.87702        7.66721        2.40829        2        0.500180        -0.837236        -0.434844
Te        15.71559        9.41466        1.79587        2        0.069046        -1.260274        -1.575998
