54
Lattice="18.429676749 0.000008540 -0.000615361 -0.000005198 11.278316666 0.000045896 0.042448411 0.000094922 30.000000000" Properties=species:S:1:pos:R:3:tags:I:1:forces:R:3 energy=-314.82298636 stress= -2.39731 -11.76453 -2.82713 1.23104 2.67581 -0.32806 pbc="T T T"
Mo        2.53968        11.16474        4.06728        1        -0.986358        0.959441        -2.845161
Mo        5.48393        1.93961        3.84375        1        -0.371940        -0.673519        0.101823
Mo        2.35273        4.02785        3.64241        1        1.345536        -3.273941        1.453226
Mo        5.30643        5.81953        3.82884        1        -0.092891        0.053771        -0.401192
Mo        2.43482        7.41089        3.98474        1        -2.104770        0.967956        -0.614977
Mo        5.39236        9.58398        4.00066        1        0.243311        0.212231        0.377130
Mo        8.45619        0.25658        4.00037        1        -0.194957        -0.342620        1.109952
Mo        11.30089        1.76642        4.10933        1        1.548349        0.650936        0.690518
Mo        8.07731        4.03166        3.95373        1        0.635451        -0.856200        0.294365
Mo        11.40506        5.74489        3.81903        1        0.593116        -1.032333        1.031174
Mo        8.47803        7.55450        3.77304        1        0.432092        0.923002        2.781598
Mo        11.72999        9.35312        4.23932        1        -0.984402        0.214828        -1.977038
Mo        14.79568        11.17805        4.10971        1        -0.769459        -0.621215        -0.886871
Mo        17.73710        1.73099        3.91776        1        -1.263754        0.449116        -1.120684
Mo        14.41620        3.72130        3.84363        1        0.171476        -0.064531        -0.229532
Mo        17.93842        5.57838        3.70347        1        -0.891923        -1.750406        0.464431
Mo        14.48132        7.18999        3.98491        1        1.305699        0.651838        0.273651
Mo        17.69381        9.16760        3.94542        1        -0.075574        2.091631        -0.721161
Te        1.41698        1.94751        5.45285        2        0.513697        0.439403        0.927809
Te        4.39985        3.65861        5.56309        2        -0.383931        1.374038        -0.530384
Te        1.40311        1.79269        2.15829        2        0.332725        -0.051746        0.207130
Te        4.57612        0.14600        2.03136        2        -0.754942        -0.605567        0.871902
Te        1.30366        5.43789        5.64242        2        0.812727        0.770797        0.544698
Te        4.43282        7.66828        5.71488        2        -0.512087        -0.022719        0.277084
Te        1.49977        5.64122        1.91734        2        -0.454796        1.787058        -1.080172
Te        4.44491        3.85695        1.78157        2        0.178853        0.103426        1.716522
Te        1.24998        9.48610        5.68473        2        0.907257        -1.493135        0.596135
Te        4.40688        0.05863        5.86043        2        0.946902        0.396152        -0.100825
Te        1.35577        9.37648        2.13424        2        0.343098        -0.456951        1.046710
Te        4.36120        7.83880        2.22322        2        0.371826        -0.642770        -0.781501
Te        7.46562        2.02491        5.80878        2        -0.596641        0.338978        -0.532780
Te        10.27438        3.81093        5.73113        2        -0.168798        0.687259        -0.612739
Te        7.41151        2.03204        1.96208        2        0.442915        0.113092        1.099686
Te        10.48679        11.22824        2.43403        2        0.768950        -0.766673        -1.397608
Te        6.99090        5.99926        5.80587        2        2.249185        -1.047126        -0.571979
Te        10.34647        7.55015        5.66278        2        0.980547        -0.757425        0.663231
Te        7.41143        6.03821        2.09153        2        -1.008824        -2.245572        -1.242393
Te        10.28713        3.56731        2.40476        2        0.090901        1.399350        -0.818444
Te        7.66310        9.47945        5.68762        2        -0.962774        0.167142        -0.241981
Te        10.67303        11.19540        5.94405        2        -0.952306        0.123519        0.125566
Te        7.53991        9.54318        2.36764        2        -0.549684        0.888715        -1.554849
Te        10.59077        7.76668        2.04080        2        0.310260        -0.438635        0.895087
Te        13.55171        1.89405        5.68711        2        0.037083        -0.559972        0.261797
Te        16.46793        3.69150        5.51297        2        1.571332        0.063295        -0.132739
Te        13.36534        1.65142        2.34483        2        0.873910        0.116873        -0.214900
Te        16.84163        11.10283        2.10702        2        -0.786121        0.140219        1.007430
Te        13.32189        5.30407        5.88351        2        0.343052        1.034836        -1.618065
Te        16.88742        7.18146        5.52601        2        -1.324884        0.335485        0.980589
Te        13.54167        5.52865        2.05900        2        -0.661249        0.163774        -0.066711
Te        16.80144        3.70398        1.95305        2        -0.642998        -0.486765        1.125318
Te        13.78921        9.16467        5.95733        2        0.354895        0.181438        -0.814175
Te        16.85568        11.26914        5.86506        2        -0.156938        -0.434823        -0.604157
Te        13.70216        9.26690        2.24291        2        0.172848        0.176554        1.191087
Te        16.80464        7.32829        2.13662        2        -1.241996        0.637271        -0.391477
