54
Lattice="19.173937585 0.000456147 -0.025753600 -0.000245476 10.309403738 0.000007040 0.013560576 0.000001770 30.000000000" Properties=species:S:1:pos:R:3:tags:I:1:forces:R:3 energy=-315.94786312 stress= 0.96139 -0.04482 -4.28029 -1.02997 0.18539 0.54935 pbc="T T T"
Mo        2.13854        10.28293        3.95990        1        1.415642        1.090435        0.201713
Mo        4.47094        1.86913        4.07662        1        0.024809        0.094319        0.346329
Mo        2.18350        3.61899        3.95147        1        -0.601850        -1.250702        2.201320
Mo        4.60669        5.18284        4.01975        1        -0.465408        -0.561762        0.616318
Mo        2.22376        7.01424        4.04207        1        -0.352467        -0.301206        -1.404294
Mo        4.50849        8.63806        4.01013        1        -1.015874        0.093889        0.427441
Mo        8.44828        0.23534        3.97577        1        -1.049359        0.370627        -2.954620
Mo        10.75424        1.48357        3.78385        1        1.806375        0.249786        0.264259
Mo        8.51809        3.54333        3.86447        1        0.153359        -0.888371        0.227271
Mo        10.81656        4.91874        3.95252        1        0.209354        0.477425        0.365239
Mo        8.31186        6.64968        3.87537        1        0.889662        -0.502148        0.036207
Mo        10.70463        8.35832        3.90497        1        -0.662165        0.042409        0.246767
Mo        14.97657        10.15202        3.79713        1        -0.786972        -0.250001        -1.185796
Mo        17.14791        1.62164        3.91265        1        1.526097        1.270443        1.122904
Mo        15.02338        3.56071        3.74414        1        -0.756051        -0.606298        -0.468563
Mo        17.18066        5.24827        3.88994        1        0.686109        0.067857        1.089462
Mo        14.94657        7.10894        3.64774        1        0.753575        -1.998824        0.305733
Mo        17.33228        8.68527        3.97767        1        -0.283650        -0.349278        -0.651567
Te        0.46723        1.80395        5.24952        2        -0.023664        0.183814        0.646712
Te        4.05694        3.51031        6.11577        2        -0.764134        0.281616        -0.407896
Te        6.05976        0.24891        2.60348        2        -0.077327        -0.808103        -0.949722
Te        2.68485        1.86065        2.02943        2        0.545021        -0.530268        -0.279600
Te        0.45551        5.31938        5.40840        2        0.263005        -0.291178        0.249777
Te        3.99367        6.78179        6.02384        2        0.080461        1.120513        0.399037
Te        6.31587        3.47355        2.35925        2        -2.026072        0.084644        0.632108
Te        2.71710        5.11080        2.07402        2        0.924597        2.412873        -1.765732
Te        0.63708        8.77842        5.65299        2        -0.183877        -0.542957        -0.398933
Te        4.23533        0.18489        6.09552        2        -1.430262        -1.221336        -0.528520
Te        5.82315        6.75029        2.26152        2        0.791501        0.971400        0.084424
Te        2.72535        8.70482        1.91616        2        0.506628        -0.468259        0.256616
Te        6.92147        1.70831        5.81469        2        0.845998        0.801393        -1.216176
Te        10.27310        3.02598        5.86722        2        -0.184634        1.225898        0.151961
Te        12.45830        10.03820        2.11255        2        -0.401601        0.655914        1.072755
Te        9.08229        1.72926        1.68772        2        0.215016        -0.061927        1.102526
Te        7.17175        5.27762        6.01586        2        -0.043764        -0.650728        -1.564613
Te        10.15714        6.68674        6.01322        2        0.100812        -0.323260        -1.103797
Te        12.52172        3.53468        2.15331        2        -0.241117        -0.420088        0.880645
Te        9.12595        5.17712        1.73574        2        0.392235        -0.106221        0.899472
Te        6.88561        8.67613        5.23287        2        0.996887        -0.948234        0.990360
Te        10.09641        10.08924        5.85415        2        1.251473        -0.030669        1.106548
Te        12.39675        6.82239        2.44009        2        0.199439        -0.390334        -0.691594
Te        8.82508        8.45915        1.89616        2        0.512547        0.907278        0.899591
Te        13.24700        1.48315        5.43558        2        0.010992        0.139372        -0.811373
Te        16.55695        3.45704        5.94593        2        0.430555        0.112845        -0.788598
Te        19.03533        0.17427        2.39744        2        -1.052867        -0.575835        0.019764
Te        15.58085        1.57013        1.86116        2        -0.597700        0.815062        -0.811618
Te        13.32377        4.64805        5.62732        2        -0.428722        0.443597        -0.850016
Te        16.52806        6.97996        5.90971        2        -0.021905        -0.253683        -0.591335
Te        18.92623        3.72255        2.25570        2        -0.409292        -0.481582        0.696263
Te        15.59168        5.25449        1.77737        2        -0.144592        -0.258025        -0.534335
Te        13.27554        8.39085        5.23815        2        -0.556866        0.461169        0.834904
Te        16.58039        0.01622        5.94192        2        -0.061375        0.081831        0.372375
Te        19.13646        7.12576        2.46181        2        -1.262468        -0.287044        0.008411
Te        15.72891        8.52135        1.57299        2        0.376879        0.900208        1.233004
