54
Lattice="18.429676749 0.000008540 -0.000615361 -0.000005198 13.619099370 0.000045896 0.042448411 0.000094922 30.000000000" Properties=species:S:1:pos:R:3:tags:I:1:forces:R:3 energy=-299.84599032 stress= -18.16485 -32.55302 0.03075 0.10537 -0.34263 0.08235 pbc="T T T"
Mo        2.33704        13.61244        3.80714        1        -0.852452        0.212213        0.053313
Mo        5.33305        2.06679        3.82876        1        0.202535        0.310807        0.385287
Mo        2.17344        4.62621        4.10995        1        -0.318468        -0.287138        -0.165753
Mo        5.22398        6.63753        4.00298        1        0.322055        -0.047648        0.323338
Mo        2.42231        9.14809        3.99410        1        -0.534359        -0.181388        -0.090721
Mo        5.34467        11.20344        3.91809        1        0.015416        0.251222        -0.151229
Mo        8.52417        13.61401        4.19583        1        -0.195231        -0.475104        -0.258668
Mo        11.52992        2.37300        3.85496        1        0.022757        -0.786149        -0.564310
Mo        8.41170        4.38731        3.90989        1        -0.399405        -0.079695        -0.353310
Mo        11.42285        6.80774        3.62827        1        -0.792453        -0.170348        1.053960
Mo        8.20940        8.96896        4.12017        1        -0.056395        0.107759        -0.917918
Mo        11.48685        11.28124        4.17019        1        0.108169        0.261771        0.382048
Mo        14.51346        0.29647        3.71612        1        0.077498        -0.876304        -0.090170
Mo        17.62280        2.48748        3.88222        1        -0.804900        -0.546582        0.267122
Mo        14.54027        4.57449        3.73652        1        0.207932        0.697168        0.452678
Mo        17.64038        7.02080        3.92375        1        0.552380        -0.525024        0.484320
Mo        14.54698        9.17386        4.01123        1        0.132544        -0.377182        -0.306181
Mo        17.57249        11.39525        3.88682        1        0.796966        0.533581        -0.206094
Te        1.33462        2.11083        5.56101        2        -0.088061        0.438028        0.388535
Te        4.36047        4.33237        5.52926        2        0.405061        0.100427        0.943629
Te        1.35117        2.46307        2.39463        2        0.441376        -0.198130        -0.970217
Te        4.43999        13.49401        2.19184        2        0.441626        0.073724        -0.376190
Te        1.41794        7.04194        5.76146        2        -0.332420        -0.088257        -0.677561
Te        4.57920        9.04034        5.59947        2        -0.063483        -0.057952        0.127046
Te        1.49601        6.92513        2.44585        2        -0.258745        -0.012428        -0.203651
Te        4.21789        4.46410        2.34992        2        0.459632        -0.047572        -0.488941
Te        1.40345        11.51674        5.52409        2        -0.272388        -0.290604        -0.381949
Te        4.40575        13.56161        5.48924        2        0.456415        -0.164631        0.390484
Te        1.37384        11.52940        2.09844        2        -0.290502        -0.424621        0.847838
Te        4.47432        8.79336        2.24165        2        -0.016287        0.693921        0.260763
Te        7.46734        2.26669        5.69101        2        -0.091689        -0.260292        -0.493048
Te        10.63591        4.48868        5.42299        2        0.117221        0.200130        0.288068
Te        7.64841        1.95381        2.37333        2        -0.195491        0.471263        -0.155651
Te        10.63516        13.37743        2.48355        2        -0.136160        0.554452        -0.354073
Te        7.49986        6.45265        5.67894        2        -0.406431        0.424633        -0.326883
Te        10.37834        8.98040        5.64999        2        0.555172        -0.145358        0.036360
Te        7.28354        6.63489        2.32988        2        0.724636        -0.081194        0.013509
Te        10.51363        4.38614        2.14304        2        -0.025360        0.455134        -0.087459
Te        7.47372        11.28989        5.63747        2        -0.130988        0.108210        0.183987
Te        10.77754        0.11265        5.74650        2        -0.177854        -0.051156        -0.106304
Te        7.49764        11.24386        2.27519        2        -0.065457        -0.014741        0.560569
Te        10.38366        9.26936        2.40877        2        0.073257        -0.602965        -0.110633
Te        13.75038        2.41743        5.30232        2        0.100338        0.243439        1.157420
Te        16.74437        4.64334        5.50342        2        -0.288644        0.263849        -0.270070
Te        13.73924        2.37014        2.06408        2        -0.532591        0.276262        0.107157
Te        16.70390        0.24218        2.12670        2        0.080381        -0.150935        0.388351
Te        13.36824        6.70512        5.55432        2        0.572763        0.239140        -0.635089
Te        16.79784        9.21246        5.54287        2        -0.162601        -0.048211        0.399398
Te        13.57575        7.01244        2.17548        2        0.485451        -0.141621        -0.244910
Te        16.72154        4.75946        2.15222        2        0.293149        -0.016574        0.200455
Te        13.71977        11.12370        5.74134        2        -0.410178        0.244023        0.002827
Te        16.51884        0.16002        5.52893        2        0.422721        0.026583        -0.368503
Te        13.57910        11.40578        2.41029        2        0.202760        -0.220856        -0.120819
Te        16.81165        9.14264        2.30399        2        -0.504697        0.193186        -0.219525
