54
Lattice="19.940895089 0.000456147 -0.025753600 -0.000245476 10.309403738 0.000007040 0.013560576 0.000001770 30.000000000" Properties=species:S:1:pos:R:3:tags:I:1:forces:R:3 energy=-320.50712078 stress= -10.93551 -3.66084 -0.85037 -0.26727 0.17770 0.08621 pbc="T T T"
Mo        2.19746        10.29298        3.95891        1        0.536143        0.078333        -0.596422
Mo        4.63337        1.62449        4.11605        1        0.377637        0.931644        -0.354369
Mo        2.25237        3.40066        3.82703        1        -0.534080        0.438163        -0.144551
Mo        4.72089        5.10625        3.92762        1        0.068934        0.265656        0.345113
Mo        2.28237        6.87954        3.85723        1        0.214009        -0.339122        0.021833
Mo        4.73660        8.65269        4.08576        1        0.172364        -0.931540        0.333061
Mo        8.92108        0.05807        3.94503        1        0.003387        -0.523368        -0.169249
Mo        11.29749        1.72190        3.88771        1        -0.121561        -0.651456        0.043728
Mo        8.88595        3.42130        3.60507        1        -0.061319        -0.072374        1.455611
Mo        11.21051        5.20944        3.81174        1        0.878021        -0.548249        0.652005
Mo        8.93284        6.82393        3.77833        1        -0.151365        -0.106545        1.325877
Mo        11.34766        8.54803        4.13110        1        -0.625096        0.583111        -0.565561
Mo        15.40427        10.25226        3.85305        1        0.193391        0.399082        0.179957
Mo        17.85769        1.67130        3.93070        1        0.027596        0.792513        0.618217
Mo        15.35358        3.57869        3.78989        1        1.036433        -0.548839        -0.209595
Mo        17.94306        5.28560        3.94506        1        0.364371        -0.804193        0.323490
Mo        15.51889        6.96105        3.87157        1        0.375320        -0.565823        0.069756
Mo        17.95395        8.62638        3.98491        1        -0.333340        -0.471468        0.116833
Te        0.54098        1.79034        5.33988        2        -0.255495        -0.330370        0.346168
Te        3.85184        3.51045        5.94767        2        0.491933        -0.525852        0.080415
Te        6.43844        0.03103        2.59609        2        -0.462958        -0.166263        -0.189128
Te        3.00650        1.73847        1.92543        2        -0.069338        -0.942413        0.163615
Te        0.62261        5.21109        5.34184        2        -0.411982        -0.235430        0.005196
Te        4.09899        6.79864        6.00153        2        -0.279386        0.282532        -0.734784
Te        6.36653        3.31879        2.43586        2        -0.831547        0.179889        -0.208901
Te        2.97639        5.10125        1.86164        2        -0.233611        0.450085        0.121372
Te        0.50601        8.51701        5.39124        2        0.434037        0.446156        0.169543
Te        4.04701        10.26057        6.09232        2        -0.488060        0.101308        0.060033
Te        6.43249        6.96863        2.54233        2        -0.637775        -0.256356        -0.447586
Te        3.08970        8.56338        1.96861        2        -0.377660        0.635135        -0.102046
Te        7.21200        1.74062        5.44036        2        0.327097        0.145449        -0.208631
Te        10.56130        3.40168        5.77761        2        -0.150315        0.634356        -0.115028
Te        12.92342        10.12174        2.47267        2        0.136378        0.755053        -0.036885
Te        9.48278        1.60384        1.78129        2        0.474560        -0.076533        0.039147
Te        7.22442        5.07366        5.21382        2        0.162764        -0.064379        0.299635
Te        10.71685        6.73432        5.92491        2        -0.683384        0.201049        0.453736
Te        12.81985        3.46174        2.33266        2        0.450601        -0.027789        -0.149368
Te        9.47434        5.18183        1.68045        2        0.139048        -0.050795        -0.013817
Te        7.33341        8.53616        5.47714        2        -0.009307        0.120524        -0.218760
Te        10.70439        0.06866        6.05000        2        -0.035314        -0.197506        -0.653353
Te        13.10656        6.95045        2.56605        2        -0.850527        -0.183444        -0.672714
Te        9.63496        8.55502        1.97421        2        0.241052        0.811439        -0.235470
Te        13.77501        1.84509        5.34762        2        -0.039020        -0.553796        -0.277501
Te        17.09556        3.52893        5.91121        2        0.343170        -0.409986        -0.855666
Te        19.61091        0.01694        2.49041        2        0.140529        -0.085503        -0.217870
Te        16.01797        1.70666        1.90036        2        0.235068        0.185328        -0.022646
Te        13.82776        5.22213        5.32365        2        -0.474838        -0.111080        0.114672
Te        17.25617        6.87147        6.01297        2        0.009368        0.313544        -0.588272
Te        19.60429        3.35290        2.41016        2        -0.238466        0.590493        0.131270
Te        16.26757        5.21980        1.84892        2        -0.290398        0.101345        0.106012
Te        13.83809        8.53651        5.53171        2        0.365201        0.414511        -0.175815
Te        17.16343        10.28675        5.90006        2        0.088320        0.423597        0.499823
Te        19.61043        7.00438        2.41524        2        0.184970        -0.556051        -0.025580
Te        16.20084        8.61807        1.87001        2        0.197807        0.078925        0.069286
