54
Lattice="20.707852593 0.000456147 -0.025753600 -0.000245476 11.134156037 0.000007040 0.013560576 0.000001770 30.000000000" Properties=species:S:1:pos:R:3:tags:I:1:forces:R:3 energy=-313.39043808 stress= -14.20645 -10.30995 0.78649 0.29218 -0.18180 -0.79328 pbc="T T T"
Mo        2.27789        0.25066        3.98419        1        -0.315681        -0.554034        0.569317
Mo        4.82493        1.83901        4.30313        1        -0.142645        0.212277        -2.563883
Mo        2.31963        3.66014        4.12943        1        -0.186342        -0.625254        -1.167825
Mo        4.78567        5.16111        4.01827        1        0.379526        0.224429        0.347132
Mo        2.27224        6.94480        4.02772        1        0.932364        0.294748        0.192731
Mo        4.71618        9.51361        3.91509        1        0.884534        0.430667        0.263860
Mo        9.19356        10.99202        3.77994        1        0.116966        0.317370        -0.328518
Mo        11.88037        1.62978        3.81214        1        -0.618130        0.989991        1.578073
Mo        9.19931        3.31826        3.59227        1        0.252287        -0.393522        1.535063
Mo        11.75107        5.04693        3.86553        1        -0.342533        0.135493        -0.200564
Mo        9.06079        7.68322        3.74052        1        0.526664        -0.282240        -0.271803
Mo        11.81706        9.29457        3.78189        1        -0.423166        0.776027        -0.420499
Mo        16.20949        0.57251        3.82220        1        0.362327        -1.554303        0.461349
Mo        18.58082        2.01437        4.05090        1        0.175249        0.408206        0.830708
Mo        16.09793        4.07175        3.81982        1        0.256929        -0.365476        0.139486
Mo        18.68913        5.45993        4.12107        1        -0.415948        -0.476238        -0.674970
Mo        16.26641        7.48203        3.66829        1        0.005102        0.127348        1.720174
Mo        18.64536        9.79927        4.17089        1        -0.141969        -0.354313        0.478872
Te        0.50331        1.85485        5.45097        2        0.395522        -0.200904        0.267286
Te        4.12130        3.61723        6.16479        2        0.143300        0.241935        0.127710
Te        6.42034        11.09293        2.32989        2        -0.376085        -0.135320        1.084960
Te        2.96659        1.86688        2.16227        2        0.807484        0.834743        -0.612690
Te        0.52431        5.28751        5.37897        2        0.494578        0.772631        0.850137
Te        4.43830        7.27079        5.69118        2        -0.814812        0.357799        -0.124101
Te        6.48153        3.57604        2.65985        2        -0.004239        -0.690433        -0.029620
Te        2.99942        5.29687        2.04601        2        -0.229107        0.313200        0.079781
Te        0.79658        9.37611        5.09410        2        -0.197049        -0.104523        1.406724
Te        4.16448        0.04223        5.99804        2        -0.482410        -1.225346        0.812048
Te        6.19419        7.36489        2.62656        2        -0.185034        0.053912        0.127831
Te        2.70677        9.18041        2.24799        2        0.237811        0.055313        -0.039950
Te        7.63683        1.50852        5.27880        2        -0.025309        1.010491        -0.108477
Te        10.82088        3.43962        5.82480        2        0.254633        -0.261905        -0.977169
Te        13.70849        0.13444        2.60881        2        -0.408805        -0.557493        -1.289750
Te        10.10524        1.63547        1.80525        2        -0.137286        -0.383160        -0.575361
Te        7.71354        5.44479        4.80940        2        0.014241        -0.181202        -0.031070
Te        10.95440        7.41950        5.57024        2        0.415427        -0.424795        -0.189337
Te        13.47107        3.57756        2.45776        2        -0.123222        0.440662        0.266055
Te        9.92643        5.47779        2.00493        2        -0.377041        0.065883        0.124832
Te        7.56850        9.16082        5.24077        2        -0.478811        0.737204        0.106484
Te        11.11883        11.01591        5.74456        2        -0.238111        -0.067854        0.050220
Te        13.10492        7.19170        2.49284        2        0.317181        0.252947        0.257934
Te        9.91890        9.31109        1.81374        2        0.390969        -0.282202        -0.246288
Te        14.49045        1.81761        5.40446        2        -0.442718        1.116854        -0.028955
Te        17.65459        3.90271        6.03700        2        0.316275        -0.459242        -0.676403
Te        20.18290        0.18002        2.56381        2        0.397516        0.399328        -0.027323
Te        16.86293        2.16200        1.95092        2        0.444494        1.163017        -0.941994
Te        14.37124        5.95821        5.14877        2        0.540608        -0.965643        -0.369042
Te        18.00684        7.46908        5.81342        2        -0.459721        0.958856        -0.494211
Te        20.36020        3.69323        2.68087        2        -0.121687        0.423069        -0.393295
Te        17.11840        5.91019        1.89168        2        0.355022        -1.679943        -0.629570
Te        14.63580        9.42146        4.64064        2        -0.220279        0.061240        0.591670
Te        17.71014        0.35059        6.03317        2        0.341194        -0.266149        0.065564
Te        20.40647        7.59887        3.17931        2        -1.240854        -0.750677        -1.198994
Te        17.13107        9.61377        2.02853        2        -0.606498        0.070179        0.261225
