54
Lattice="22.115612099 0.000008540 -0.000615361 -0.000005198 10.639921383 0.000045896 0.042448411 0.000094922 30.000000000" Properties=species:S:1:pos:R:3:tags:I:1:forces:R:3 energy=-308.44640663 stress= -30.15178 -9.25034 -1.35162 1.74028 -0.04165 0.40539 pbc="T T T"
Mo        2.87750        0.03617        3.87891        1        -0.183815        -0.360643        0.374576
Mo        6.54274        1.71717        3.93049        1        0.722904        -0.222583        -0.114872
Mo        2.74854        3.55100        4.19345        1        0.410585        -0.062369        -0.417367
Mo        6.46931        5.32817        3.83274        1        0.115261        -0.084749        0.251973
Mo        2.85554        7.09634        4.05852        1        -0.186252        0.621496        -0.362791
Mo        6.46434        8.80435        3.86135        1        0.216471        0.630656        -0.276293
Mo        10.28975        10.63508        3.88744        1        0.140139        -0.212127        -0.126056
Mo        13.99278        1.77156        3.82839        1        -0.326293        -0.284317        -0.013448
Mo        10.14034        3.52682        3.90225        1        0.168846        0.134115        0.093037
Mo        13.72446        5.30197        3.90782        1        1.048017        -0.044108        -0.697087
Mo        10.18715        7.09532        3.98838        1        -0.045767        -0.129866        -0.213112
Mo        13.81433        8.78806        3.66755        1        0.840543        0.619170        0.487469
Mo        17.74410        10.50654        3.94211        1        -0.931280        0.787550        -0.163972
Mo        21.22572        1.86533        3.94981        1        0.091978        -0.171991        0.659445
Mo        17.53803        3.46284        3.96702        1        0.252271        0.722345        0.297190
Mo        21.11636        5.44725        4.08534        1        0.264690        0.235904        -1.275594
Mo        17.70918        7.07446        3.90613        1        -0.646423        -0.500001        0.192833
Mo        21.34145        8.90995        4.03275        1        -0.305792        0.364068        -0.348968
Te        1.60644        1.65069        5.73353        2        -0.364379        0.466327        -0.022691
Te        5.32694        3.44017        5.63587        2        -0.250672        0.727334        0.082709
Te        1.57667        1.87271        2.34519        2        -0.236256        0.167633        -0.139639
Te        5.25239        0.06508        2.20606        2        -0.089513        -0.585265        -0.105841
Te        1.41009        5.40222        5.77145        2        0.176887        -0.158248        0.136538
Te        5.28117        7.06986        5.59037        2        -0.127120        -0.088641        0.085528
Te        1.44666        5.36276        2.53131        2        -0.025535        -0.336153        -0.557136
Te        5.29359        3.43223        2.29367        2        -0.609745        0.617424        -0.322903
Te        1.68686        8.94696        5.70802        2        -0.154584        -0.186283        -0.273978
Te        5.23279        0.00966        5.57281        2        0.052181        -0.523630        0.124207
Te        1.49942        8.86931        2.23360        2        0.488510        -0.074879        0.608443
Te        5.16499        7.12353        2.09381        2        0.035494        -0.377575        0.703632
Te        9.04355        1.64749        5.58934        2        -0.278620        0.577086        0.277182
Te        12.68493        3.46751        5.61008        2        -0.420438        -0.067939        -0.075896
Te        8.94946        1.71344        2.21624        2        -0.088412        0.323941        -0.128973
Te        12.79546        0.13000        1.93797        2        -0.117790        -0.477615        0.870455
Te        8.84479        5.22902        5.65730        2        0.140110        0.397840        -0.492308
Te        12.66432        7.04911        5.53245        2        -0.644468        0.718903        0.464331
Te        8.82056        5.45652        2.23439        2        0.301141        -0.639765        0.237764
Te        12.54035        3.54165        2.23860        2        -0.153655        -0.050144        -0.249975
Te        8.87687        8.88955        5.56513        2        0.082996        -0.089602        0.012393
Te        12.68076        10.52384        5.46703        2        0.120715        0.383152        -0.266946
Te        9.04922        8.90709        2.18418        2        -0.313630        -0.394491        0.206780
Te        12.51576        7.13080        2.09781        2        -0.402263        -0.850364        -0.002548
Te        16.31431        1.73113        5.62440        2        0.114189        -0.557690        -0.025862
Te        19.82338        3.68713        5.64033        2        0.180417        -0.773429        0.298204
Te        16.41065        1.75223        2.22612        2        0.028090        -0.661236        -0.093548
Te        20.04186        0.09824        2.25662        2        0.256257        -0.311324        0.281642
Te        16.24019        5.36946        5.65092        2        0.142588        -0.337895        -0.375294
Te        19.89723        7.20162        5.71896        2        0.226511        0.152357        -0.009721
Te        16.24066        5.22775        2.36984        2        -0.047127        0.139386        -0.477950
Te        19.96185        3.64307        2.27080        2        -0.063093        0.157163        0.243732
Te        16.28010        8.81293        5.49098        2        -0.021049        -0.049563        0.178922
Te        19.99528        10.61937        5.71885        2        0.216926        0.573963        -0.434506
Te        16.31607        8.60631        2.15534        2        0.237346        0.978783        -0.002107
Te        20.05798        7.32018        2.17195        2        0.068454        -0.814065        0.876527
