54
Lattice="19.174335959 0.000456436 -0.025753600 -0.000245188 11.746062056 0.000007040 0.013560858 0.000001769 30.000000000" Properties=species:S:1:pos:R:3:tags:I:1:forces:R:3 energy=-309.01792918 stress= -3.33261 -9.41086 -0.20043 1.36453 0.09716 -0.38780 pbc="T T T"
Mo        1.96798        11.15484        4.17549        1        0.365370        -0.844537        -0.378029
Mo        4.80088        2.51369        4.29297        1        -1.031670        0.899392        -0.772238
Mo        2.33943        4.16461        3.83504        1        -0.312083        -0.086789        0.431091
Mo        4.44721        6.10782        4.54411        1        0.763241        -0.708200        -0.331231
Mo        2.12290        7.29358        4.17796        1        -0.202630        2.605456        -0.185009
Mo        4.48386        9.43879        4.48721        1        -0.944874        0.530784        0.741819
Mo        8.19623        0.40300        4.23966        1        0.492287        0.496852        -0.820513
Mo        10.76609        2.41030        3.91839        1        -0.828552        1.135347        -0.520798
Mo        8.52665        4.36529        4.00281        1        -0.844432        -1.140416        -0.627696
Mo        10.81423        5.78926        3.73312        1        1.713135        0.930759        0.572665
Mo        8.81190        7.52699        4.01646        1        -0.680138        0.297654        0.391084
Mo        9.79199        10.33140        4.19789        1        0.592566        0.921853        1.091729
Mo        14.74586        0.26691        3.73710        1        1.045554        -0.905801        -0.785672
Mo        17.36807        1.85408        3.77987        1        -1.160770        -0.686988        -0.803277
Mo        15.10667        4.25326        3.27789        1        -0.864632        -0.914807        -0.876387
Mo        17.47766        5.28182        3.34831        1        -1.015323        -0.740834        -0.048338
Mo        15.27334        7.53411        3.09075        1        0.519288        0.033578        0.022131
Mo        17.03525        9.75724        4.10917        1        0.115894        -1.020467        -1.982079
Te        0.75286        1.92656        4.77465        2        -0.019980        -0.176370        0.189441
Te        3.78571        3.99657        6.22339        2        -0.512627        0.561416        -0.377390
Te        5.63753        0.08194        3.25307        2        0.546949        -0.853461        -0.018480
Te        2.92336        1.59089        2.54238        2        -0.245355        1.056330        -0.107806
Te        0.23947        5.70839        5.23484        2        1.154956        -1.198220        0.816505
Te        3.58492        7.70542        6.56159        2        0.060017        0.571019        -1.125013
Te        5.98965        4.50016        2.83971        2        -0.103948        -1.166902        0.030774
Te        3.32407        6.08072        2.08982        2        -0.980019        -0.984368        0.234512
Te        0.32744        9.55503        5.60374        2        0.291632        -0.078358        -0.047779
Te        3.59104        11.64183        6.11912        2        0.793657        -0.334938        -0.110023
Te        6.20203        7.96913        3.08992        2        -0.741315        -0.305806        -0.500810
Te        2.83614        9.34410        2.26287        2        0.029418        0.207818        1.371895
Te        7.00867        2.33243        5.77279        2        0.391713        0.317430        0.596088
Te        10.35546        4.27648        5.86956        2        0.608383        -0.281433        0.721691
Te        12.00487        0.02320        2.96176        2        -0.081641        -0.100914        -0.212048
Te        8.61378        2.16548        2.16699        2        0.692663        0.224070        0.399228
Te        7.18370        6.06692        5.76404        2        -0.114410        -0.204066        0.038771
Te        10.92353        8.13172        5.57253        2        -0.207769        -0.410143        -0.078992
Te        12.14862        4.07026        2.08498        2        0.368330        -0.421149        -0.166873
Te        8.85191        6.00327        1.88273        2        0.339445        -1.034801        -0.470013
Te        7.52215        9.62659        5.47275        2        -0.736070        0.452672        0.412468
Te        10.24335        0.72261        5.89452        2        0.463173        -0.539331        1.137665
Te        12.25096        7.82514        2.15926        2        0.508416        -0.562693        0.134481
Te        9.39499        9.21244        1.97422        2        -0.039880        0.286620        -1.422168
Te        13.38759        2.26598        4.76522        2        0.256680        0.626024        0.362644
Te        16.41937        3.55784        5.48765        2        0.833517        1.041423        0.390718
Te        18.87384        11.08267        2.60475        2        -0.305700        1.300036        -0.296302
Te        15.48085        1.94786        1.67187        2        0.322315        0.041263        0.613604
Te        13.70080        6.04248        4.66018        2        -0.659438        -0.267388        0.335975
Te        16.76617        7.56620        5.49585        2        -0.933546        -1.053433        0.090151
Te        18.58542        3.33107        1.83613        2        0.719315        0.818075        0.163078
Te        15.59016        5.80410        0.98803        2        0.143378        -0.013110        1.264982
Te        14.29594        9.57074        4.79961        2        -0.400227        -0.483024        -0.128469
Te        16.57017        11.64297        5.80220        2        -0.068492        1.974500        0.517785
Te        18.66987        7.65931        2.63010        2        0.278984        0.269669        -0.556842
Te        15.73496        9.95689        1.69100        2        -0.351573        -0.076832        0.703615
