54
Lattice="19.173937585 0.000456147 -0.025753600 -0.000245476 10.927967962 0.000007040 0.013560576 0.000001770 30.000000000" Properties=species:S:1:pos:R:3:tags:I:1:forces:R:3 energy=-314.33920378 stress= -5.66450 -6.17271 -0.49409 -1.14121 -0.26470 0.71555 pbc="T T T"
Mo        2.02758        10.78790        3.79474        1        1.204431        1.168733        1.735995
Mo        4.66541        1.66472        4.15613        1        -1.118887        -0.917751        -1.629601
Mo        2.22142        3.48503        3.56760        1        0.727344        0.266531        0.763983
Mo        4.46003        5.81970        3.98342        1        -0.083081        -0.269884        -1.256104
Mo        2.16932        7.49319        3.66059        1        -0.849461        -1.313433        -0.177865
Mo        4.74292        9.31858        3.91092        1        -1.129297        -1.266015        0.564476
Mo        8.57851        10.78676        4.02342        1        1.018116        -0.329584        -0.725482
Mo        10.87607        1.71125        4.30949        1        -1.306919        -0.884533        -0.350573
Mo        8.62187        3.95157        3.92330        1        -0.810429        -0.978183        0.175896
Mo        11.20338        5.85954        3.69774        1        -0.532374        -0.708910        1.681696
Mo        8.66899        7.44626        3.46144        1        0.047390        0.271806        1.737777
Mo        11.12106        8.98903        4.04952        1        -1.041954        2.097770        -1.684167
Mo        14.85710        0.28609        3.91348        1        0.470949        -1.104953        1.670387
Mo        17.15242        1.72567        4.00916        1        0.888776        2.194163        0.233650
Mo        14.73050        3.59960        3.95032        1        0.194781        0.088144        0.561650
Mo        17.28756        5.13974        3.74229        1        -0.822763        0.253275        0.646453
Mo        14.42663        6.84338        3.85156        1        -0.000151        0.921738        1.673884
Mo        17.20964        9.24682        3.93600        1        0.107119        -0.163104        0.870548
Te        0.47914        2.15111        5.27932        2        0.810283        -1.339174        0.131971
Te        3.99111        3.73452        5.72766        2        -0.724088        0.019182        0.064668
Te        6.28802        10.88675        2.36049        2        -0.865282        0.482813        0.377925
Te        2.87159        1.56025        1.87865        2        0.715568        0.371425        0.023195
Te        0.73377        5.46943        4.93379        2        -0.502839        -0.469308        0.130291
Te        3.43179        7.36836        5.87123        2        1.845907        0.299521        0.833672
Te        5.95510        3.61353        2.73869        2        0.867775        0.743692        -0.012986
Te        2.81929        5.53177        1.65244        2        0.176679        -0.114058        1.423671
Te        0.69922        8.91769        5.41603        2        -0.884846        1.059206        -0.084227
Te        3.79549        10.80754        5.94630        2        -0.073607        0.210339        0.119946
Te        6.06647        7.37392        2.30507        2        -0.114851        0.005240        0.206285
Te        2.74164        9.16598        1.90560        2        1.235829        0.691519        -2.174597
Te        7.10811        1.71612        5.71073        2        0.213994        0.218591        -1.008032
Te        10.14405        3.66069        6.07059        2        0.025999        0.291424        -0.657703
Te        12.56709        0.00464        2.59083        2        -1.184070        0.447361        -0.159343
Te        9.22172        1.81862        2.15888        2        -0.002891        0.514093        0.719966
Te        6.90580        5.72648        5.46066        2        0.467698        -0.322693        -0.995129
Te        10.17463        7.30447        5.69998        2        -0.162013        -0.986395        0.901812
Te        12.21007        3.43907        2.65583        2        0.794770        0.779930        -0.210388
Te        9.33349        5.51447        1.80927        2        -0.484979        -0.771476        -0.655021
Te        7.23311        8.82998        5.46849        2        -0.890354        0.623395        -0.254741
Te        10.37401        10.69724        6.07186        2        -0.297372        0.074130        0.240898
Te        12.15509        7.48579        2.01798        2        1.958593        -0.057403        -0.543216
Te        9.59254        9.36687        1.71890        2        -0.922055        -0.337226        1.351289
Te        13.30266        1.82084        5.79163        2        0.534947        -0.032048        -0.882643
Te        16.51610        3.80536        5.97872        2        0.326923        -1.023490        -0.814218
Te        18.74727        0.03794        2.47560        2        0.070245        -0.283127        -0.459175
Te        15.45889        1.89200        2.00331        2        -0.101663        0.487811        -1.570331
Te        13.06897        5.35638        5.74093        2        1.189051        0.006994        -1.010608
Te        16.67102        7.04988        5.71983        2        -0.671709        0.585499        -1.022228
Te        18.82276        3.39837        2.27069        2        -0.227617        0.452416        -0.051715
Te        15.24888        5.33283        1.97911        2        0.713281        -0.564269        -1.423528
Te        13.51421        9.10979        5.46173        2        0.243895        -0.139034        -0.268261
Te        16.68358        0.02249        5.87534        2        -0.189778        -0.438105        1.806612
Te        18.69130        7.36075        2.50311        2        -0.085269        -0.466380        -0.137414
Te        15.43320        9.12801        2.12403        2        -0.795222        -0.342131        -0.400015
