54
Lattice="20.324373841 0.000456147 -0.025753600 -0.000245476 10.309403738 0.000007040 0.013560576 0.000001770 30.000000000" Properties=species:S:1:pos:R:3:tags:I:1:forces:R:3 energy=-317.00624335 stress= -14.88064 -6.65654 -3.95376 -0.57921 1.55527 -0.12245 pbc="T T T"
Mo        2.13845        10.25948        3.59661        1        1.060649        -0.032100        0.097051
Mo        4.74044        1.64071        3.73863        1        0.059783        -0.025834        0.640516
Mo        2.12649        3.21875        3.60116        1        0.811334        0.536318        0.937746
Mo        4.86597        4.95476        3.65366        1        -0.791864        0.461686        1.250792
Mo        2.19168        6.78343        3.44056        1        0.553429        -0.255957        1.265637
Mo        4.65123        8.38965        3.75453        1        0.798908        0.564831        -0.885411
Mo        8.99717        0.08890        3.88002        1        -0.100589        -0.827389        0.009183
Mo        11.77056        1.76812        4.17278        1        -1.361726        0.012401        -0.392238
Mo        9.12980        3.36651        3.88954        1        0.376879        0.241109        0.332591
Mo        11.54439        5.21592        4.15215        1        -0.361558        -0.169454        0.460815
Mo        9.13754        6.89668        3.89647        1        -0.607758        -0.710486        -0.003102
Mo        11.60923        8.76436        4.05232        1        -0.147956        -0.828807        0.106343
Mo        15.89145        0.03815        4.15013        1        -0.651916        0.153997        -0.041878
Mo        18.19695        1.63275        4.08785        1        0.665843        -0.177423        -0.258050
Mo        15.73315        3.68073        4.07920        1        0.902854        -0.543591        -0.697643
Mo        18.27052        5.25454        4.21206        1        -0.697356        -0.238860        -1.007690
Mo        15.86435        6.97514        4.11198        1        -1.319009        -0.006245        -0.656206
Mo        18.29821        8.75114        4.00117        1        -0.454213        -0.324478        -0.173488
Te        0.53952        1.59230        5.32666        2        0.446601        0.371712        -0.454744
Te        4.10464        3.40661        5.73481        2        -0.771804        -0.604230        -0.941415
Te        6.41867        10.26973        2.22795        2        0.199214        -0.027796        0.604864
Te        3.07225        1.56134        1.64399        2        -0.453435        0.339491        0.036989
Te        0.59295        5.13352        5.19028        2        0.652617        -0.091164        0.188899
Te        3.96114        6.72824        5.63861        2        -0.472404        -0.610886        -0.428912
Te        6.60889        3.39218        2.18384        2        -0.185224        -0.348220        0.463360
Te        3.02703        4.95309        1.63136        2        -0.152882        0.121512        0.017893
Te        0.42599        8.64393        5.02932        2        1.316403        -0.585424        0.613021
Te        4.10337        10.07701        5.68949        2        -0.682199        1.162272        -0.280356
Te        6.58609        6.71650        2.48601        2        0.151284        0.606925        -0.590364
Te        3.04949        8.57053        1.57141        2        -0.495959        -0.313211        0.307579
Te        7.26675        1.97867        5.23383        2        -0.429466        -1.773677        0.420042
Te        10.77010        3.26112        6.16601        2        -0.045239        1.318714        -0.980220
Te        13.42924        0.20608        2.58852        2        -0.398457        -0.386028        0.495718
Te        10.02475        1.66196        1.99780        2        0.210155        0.134157        0.169688
Te        7.27084        5.05593        5.54200        2        0.462211        0.259124        -1.074684
Te        10.77829        6.98291        6.03427        2        0.098739        -0.016550        -0.243201
Te        13.32212        3.75582        2.64556        2        -0.214725        -0.908761        -0.104299
Te        9.81744        4.99160        1.97582        2        0.447167        1.282931        0.020424
Te        7.17836        8.48098        5.28738        2        0.463459        0.420672        -0.169625
Te        10.64065        10.29241        6.01469        2        0.238619        0.494251        -0.182552
Te        13.40682        6.98764        2.62195        2        -0.803705        0.223310        0.432558
Te        9.82062        8.58564        1.96701        2        0.211897        0.261011        0.087490
Te        14.15867        1.91934        5.71702        2        0.124953        -0.415608        -0.490825
Te        17.62894        3.32214        6.01978        2        0.035042        1.064692        0.672990
Te        19.90232        0.15081        2.25247        2        -0.292714        -0.495068        0.300448
Te        16.34061        1.69270        2.12175        2        0.164326        1.211251        0.143347
Te        14.02823        5.31176        5.59924        2        0.368967        0.127582        0.186712
Te        17.58766        7.06313        6.05654        2        0.730883        -0.469659        0.831329
Te        19.93843        3.31227        2.31290        2        -0.357435        -0.035034        0.382923
Te        16.57497        5.38979        2.07014        2        -0.091637        -0.906951        0.611502
Te        13.98025        8.83581        5.68326        2        0.636285        -0.363115        -0.485987
Te        17.69095        0.00818        6.23541        2        0.014808        -0.073269        -1.026416
Te        19.82408        6.58500        2.35712        2        0.071647        0.934851        -0.213810
Te        16.39160        8.66665        2.12012        2        0.072402        0.248548        -0.323934
