54
Lattice="19.557416337 0.000456147 -0.025753600 -0.000245476 10.515591813 0.000007040 0.013560576 0.000001770 30.000000000" Properties=species:S:1:pos:R:3:tags:I:1:forces:R:3 energy=-315.43573429 stress= -8.64654 -3.29360 -6.12237 0.56126 -3.14611 -0.72947 pbc="T T T"
Mo        2.35302        0.35376        3.72427        1        -0.858227        0.025259        0.039753
Mo        4.65781        1.82952        3.86694        1        -0.172980        0.085099        -0.681012
Mo        2.26042        3.67356        3.57196        1        0.496900        -0.898320        0.626430
Mo        4.53328        5.40326        4.04702        1        -0.038067        -1.503019        -2.722782
Mo        2.06288        6.83984        3.45815        1        0.042409        0.473275        0.510149
Mo        4.55297        8.82363        3.81831        1        -0.224848        -0.177603        0.554429
Mo        8.48577        10.33868        3.98784        1        1.695881        0.084205        0.167582
Mo        11.02541        1.88962        4.48257        1        -0.089872        0.609056        -1.436058
Mo        8.69810        3.53082        4.10921        1        0.507940        0.773662        -0.172117
Mo        11.07302        5.24686        4.13431        1        -0.162312        -0.147839        0.217643
Mo        8.73205        6.96678        3.94447        1        -0.669570        -0.112841        0.535431
Mo        11.00926        8.62776        4.21366        1        -0.113718        0.415216        -0.317205
Mo        15.22829        0.27851        4.10855        1        0.135239        -0.913433        -1.184279
Mo        17.73026        1.81384        3.85514        1        -0.462526        -1.324525        0.365694
Mo        15.25744        3.44991        3.72271        1        0.603590        0.366890        1.127862
Mo        17.64858        5.06091        3.72715        1        0.188364        0.938448        0.603173
Mo        15.12974        6.66467        3.84910        1        1.257627        -1.214056        0.212546
Mo        17.47733        8.89039        3.99731        1        1.325370        0.868350        0.535738
Te        0.86407        1.72389        5.43307        2        -0.747895        0.702877        -0.551941
Te        3.92673        3.48403        5.88562        2        -0.376386        0.625324        -0.812865
Te        6.30761        10.40673        2.08301        2        -0.456039        0.234818        1.438843
Te        3.03093        1.87662        1.60526        2        0.091615        0.072381        0.932609
Te        0.63175        5.26507        5.33345        2        -0.112430        -0.409282        -1.123918
Te        3.44110        7.06938        5.66378        2        0.859451        0.861097        1.238146
Te        6.37738        3.46570        2.43589        2        -0.178688        0.246105        0.338452
Te        2.81460        5.29885        1.42836        2        0.506942        0.128174        1.232080
Te        0.59690        8.60192        5.19882        2        0.030992        1.087029        -0.501122
Te        4.00927        0.19086        5.87207        2        -0.129624        -1.269829        -0.593050
Te        6.10687        6.95489        2.29112        2        0.088248        0.175865        0.677880
Te        2.64697        9.01305        1.89538        2        0.522952        -0.915983        -0.760797
Te        7.01110        1.72568        5.41308        2        0.105635        -0.159824        0.097674
Te        10.33964        3.75079        6.48055        2        0.009629        -1.327262        -1.727813
Te        12.68699        0.14766        2.71176        2        -0.146870        -0.171366        0.831672
Te        9.49391        1.81172        2.19874        2        -0.073543        -0.560298        0.668019
Te        7.00061        5.27866        5.48542        2        -0.129341        0.170362        0.049510
Te        10.36844        6.75936        6.18397        2        -0.154834        1.907260        -0.351891
Te        12.64399        3.47165        2.65976        2        -0.033548        -0.176988        0.149865
Te        9.19374        5.28417        2.03682        2        0.827111        -0.868407        0.036127
Te        7.02916        8.50604        5.46763        2        -0.608711        0.999962        -0.187047
Te        10.41885        0.00828        6.14575        2        -0.617174        -0.926863        0.428471
Te        12.26454        7.02013        2.36800        2        1.041903        -0.278259        0.359097
Te        9.37924        8.71484        2.03455        2        0.061662        0.298395        0.005978
Te        14.09813        1.87376        5.81903        2        -1.192427        0.571033        0.079503
Te        17.20743        3.40171        5.77717        2        -0.643122        1.379795        0.639633
Te        18.94642        0.01046        2.27935        2        1.123786        -0.323245        -0.162549
Te        15.81300        1.58011        1.88738        2        0.223175        0.352556        -0.036072
Te        13.70542        5.35789        5.58508        2        -0.422541        -1.042704        -0.266622
Te        17.24488        7.04624        5.72732        2        -0.906697        -1.807154        0.380739
Te        19.27405        3.44489        2.08883        2        -0.113780        0.131902        0.611423
Te        15.95071        5.15420        1.66160        2        -0.540755        -0.027633        0.620170
Te        13.71389        8.62879        5.25185        2        -0.099279        0.422622        0.491884
Te        17.12320        0.07527        6.17430        2        0.117820        -0.039611        -1.764057
Te        19.12071        7.06151        2.05229        2        -0.291640        -0.269088        0.856277
Te        15.70438        8.57071        2.24710        2        -1.093303        1.863526        -2.293776
