54
Lattice="20.324373841 0.000456147 -0.025753600 -0.000245476 10.309403738 0.000007040 0.013560576 0.000001770 30.000000000" Properties=species:S:1:pos:R:3:tags:I:1:forces:R:3 energy=-318.34600129 stress= -15.96019 -4.53517 -1.91594 1.20914 -2.60683 -0.55786 pbc="T T T"
Mo        2.34237        10.30558        4.07713        1        -0.317749        -0.796719        0.814834
Mo        4.70038        1.59673        4.06353        1        0.577536        0.456680        -0.539176
Mo        2.15980        3.29879        4.12103        1        0.504082        0.762335        -1.440228
Mo        4.70118        5.08682        4.00643        1        -0.700371        0.099377        0.553698
Mo        2.29828        6.93899        4.15495        1        -0.137604        -0.389211        -0.455188
Mo        4.82849        8.53286        4.17560        1        -0.547601        0.139547        -1.134021
Mo        9.08515        10.22217        3.65422        1        0.037424        0.513848        -0.216029
Mo        11.54076        1.74688        3.59701        1        -0.402670        0.523647        1.174571
Mo        8.90474        3.42353        3.60516        1        0.523842        0.378081        0.148743
Mo        11.43686        5.30557        3.60905        1        0.905280        -1.129062        -0.745034
Mo        8.91353        6.81672        3.50747        1        1.001500        0.047806        1.291415
Mo        11.53982        8.53868        3.66250        1        0.043529        0.581726        0.615751
Mo        15.75051        10.23178        3.93020        1        0.214525        1.576897        0.609083
Mo        18.31144        1.69922        4.22821        1        -0.341642        -0.462290        -0.035612
Mo        15.98002        3.53296        3.76005        1        -0.860628        -0.720550        1.134672
Mo        18.29894        5.20966        4.12348        1        0.507163        -0.183269        0.699515
Mo        15.74896        6.92847        3.87356        1        1.048245        0.100556        0.007768
Mo        18.36265        8.70961        4.27396        1        -0.421107        -0.804385        -0.316321
Te        0.65493        1.75089        5.73266        2        -0.446539        -0.845611        -0.107494
Te        3.99044        3.31779        6.05308        2        0.743291        0.336423        -0.159849
Te        6.38071        10.20616        2.43646        2        -0.074475        0.414763        0.220855
Te        2.81647        1.62930        2.08437        2        0.265330        0.533513        -0.190179
Te        0.64088        5.14618        5.59046        2        -0.515619        0.111283        0.156841
Te        4.22608        6.77849        6.05967        2        -0.110354        -0.069759        0.651065
Te        6.13969        3.56153        2.31254        2        0.624325        -0.997963        0.180548
Te        2.67432        5.15667        2.08137        2        0.334731        -0.278304        0.790748
Te        0.57761        8.59513        5.76659        2        0.504014        0.285870        -0.371969
Te        4.32046        10.25670        6.09606        2        -0.634128        0.081853        0.421331
Te        6.26181        6.94845        2.46342        2        0.279486        -0.449263        -0.416850
Te        2.94449        8.52686        2.07795        2        0.270642        0.319784        0.778530
Te        7.47929        1.58339        5.21028        2        -0.395261        0.799430        0.037376
Te        10.93255        3.53156        5.54137        2        -0.688986        -0.393292        -0.141435
Te        13.33357        0.21580        2.30598        2        0.407013        -1.511366        -0.250363
Te        9.57940        1.71741        1.66656        2        0.105368        -0.217744        -0.291726
Te        7.27803        5.14426        5.23115        2        0.460957        -0.226360        -0.425472
Te        10.78305        6.84802        5.62889        2        -0.425764        0.573482        -0.339475
Te        13.22874        3.38753        2.08039        2        0.048758        0.903178        0.299598
Te        9.71245        5.10755        1.53630        2        -0.422774        -0.015163        0.421462
Te        7.67109        8.58982        5.32521        2        -0.848247        -0.512353        0.157511
Te        10.98125        0.02094        5.64094        2        -0.152428        0.003811        -0.405784
Te        13.33797        7.02216        2.07252        2        -0.415227        -0.213815        0.682261
Te        9.68752        8.57959        1.66114        2        0.235514        -0.047657        -0.663949
Te        14.03409        1.87878        5.21937        2        0.221492        -0.157912        -0.230873
Te        17.57895        3.39781        6.13176        2        -0.468789        0.575009        -0.758282
Te        20.03601        10.20141        2.73633        2        0.145115        0.623497        0.018945
Te        16.74074        1.76642        1.93358        2        0.051821        -0.513540        0.790662
Te        14.02977        5.24661        5.04796        2        -0.429602        -0.547776        0.391433
Te        17.46194        6.91521        6.08711        2        -0.134336        -0.646342        -0.294343
Te        19.97555        3.29362        2.71432        2        0.015788        0.432426        -0.024956
Te        16.67925        5.28415        1.96138        2        0.238083        0.219131        -0.762573
Te        14.08793        8.55101        5.40348        2        -0.319053        0.368532        -0.530287
Te        17.35535        10.18294        6.20108        2        0.046704        1.120875        -0.476190
Te        20.11958        6.95817        2.80534        2        -0.515645        -0.345009        -0.254215
Te        16.72091        8.68484        2.11284        2        0.357814        -0.392586        -1.079287
