54
Lattice="19.174335959 0.000456436 -0.025753600 -0.000245188 11.849097688 0.000007040 0.013560858 0.000001769 30.000000000" Properties=species:S:1:pos:R:3:tags:I:1:forces:R:3 energy=-314.81992463 stress= -7.35308 -13.86022 2.88202 0.70465 -1.85666 -0.23969 pbc="T T T"
Mo        2.11706        0.33108        3.73159        1        0.418324        -1.263996        0.774560
Mo        4.37031        2.18897        3.96964        1        0.407785        -0.878095        0.315044
Mo        2.16331        3.73463        3.78130        1        -0.396254        0.159592        0.583920
Mo        4.51683        5.64779        4.03923        1        0.422893        -0.104228        0.550554
Mo        2.43665        7.95926        3.67981        1        -0.047375        0.316956        -0.477573
Mo        4.32141        10.12293        4.14019        1        0.157059        0.701975        0.593698
Mo        8.56187        0.04391        3.71731        1        -0.636417        -0.655242        1.138828
Mo        10.82578        1.79631        3.86778        1        0.096697        -0.910682        -0.210732
Mo        8.57764        3.66354        3.78787        1        0.674870        0.035505        -0.077311
Mo        10.80151        5.90309        4.25260        1        -0.944750        1.278787        -0.028940
Mo        8.52594        8.02788        3.96396        1        0.369135        1.235355        0.392198
Mo        10.84341        10.04047        4.01034        1        -0.213379        -0.046097        0.425392
Mo        14.99562        11.52688        3.73276        1        -0.324206        0.510465        0.579935
Mo        17.14232        1.71652        4.14299        1        -0.274502        -0.359024        -0.416467
Mo        14.96898        4.17040        3.74800        1        0.140694        0.168431        -0.119663
Mo        17.34875        6.17410        3.96321        1        -0.843415        0.158963        -0.292207
Mo        14.96073        8.10358        3.91306        1        -0.522325        0.069831        -1.230221
Mo        17.24270        9.65301        3.90945        1        0.468401        0.063020        0.983980
Te        0.63458        1.86013        5.35283        2        -0.621301        0.430891        0.092023
Te        3.82897        3.88124        5.97384        2        -0.127091        0.469541        -0.083505
Te        5.78327        0.07563        2.64898        2        0.672778        -0.166856        -0.492003
Te        2.67740        2.01150        1.80063        2        0.190080        0.275858        -0.599463
Te        0.84842        6.01765        4.76007        2        -0.255204        -0.479175        0.894828
Te        4.07574        7.87508        5.78521        2        -0.212624        -0.231941        0.179057
Te        6.00985        3.79918        2.43796        2        0.038349        0.637775        -0.008970
Te        2.79203        5.78749        2.05977        2        0.041806        -0.066249        -0.928725
Te        0.78905        9.79734        5.10659        2        0.036477        0.297111        0.187127
Te        3.75902        0.28621        5.93831        2        -0.093521        -0.332253        -0.340795
Te        5.79859        7.97780        2.99795        2        0.158240        -0.276474        -0.205629
Te        2.74020        10.05088        1.95863        2        0.138963        0.069899        -0.050861
Te        6.97933        1.97187        5.19656        2        -0.044528        0.009381        0.401604
Te        10.48338        3.67910        5.75757        2        -0.483979        0.260515        0.738929
Te        12.44044        11.70194        2.47727        2        -0.242246        0.216402        -0.158349
Te        8.97598        1.85685        1.86602        2        0.492641        0.222108        -1.104643
Te        7.36772        5.81860        5.15838        2        -0.706160        -0.365506        -0.001525
Te        10.38837        8.05660        5.98024        2        -0.359583        -0.211288        -0.429183
Te        12.19493        4.02371        2.90115        2        0.779861        0.111324        -0.661885
Te        9.02534        6.03377        2.19191        2        0.341496        -0.662249        0.008248
Te        7.03214        9.95943        5.35008        2        -0.223908        0.319984        -0.278235
Te        10.29773        0.02144        5.83598        2        -0.300758        0.357375        0.513472
Te        12.28808        8.05337        2.78020        2        0.267512        -0.924804        -0.472654
Te        9.14163        9.82871        2.00799        2        -0.405861        0.066246        -0.809852
Te        13.50293        1.98773        4.90232        2        0.390633        -0.563792        0.213909
Te        16.81303        4.03482        5.66664        2        -0.120449        -0.124832        0.069522
Te        18.75875        11.66954        2.57717        2        -0.526495        0.978298        -0.091517
Te        15.35407        1.82865        2.09489        2        0.618288        0.646152        0.143839
Te        13.54639        6.09449        5.35647        2        -0.265838        -0.524530        -0.116509
Te        16.61346        7.83574        5.94016        2        0.768972        0.221834        0.356576
Te        18.59352        3.90352        2.76002        2        -0.106238        -0.506063        0.009011
Te        15.39562        6.23464        2.00964        2        0.578239        -0.604627        -0.281196
Te        13.35824        9.85501        5.27589        2        0.190245        0.640427        0.554921
Te        16.53179        11.54720        5.92944        2        0.451799        0.135819        -0.302675
Te        18.91837        7.90827        2.45010        2        -0.176356        0.062145        -0.275846
Te        15.54818        9.90469        1.77825        2        0.144422        -0.840111        -0.093417
