54
Lattice="19.557416337 0.000456147 -0.025753600 -0.000245476 10.309403738 0.000007040 0.013560576 0.000001770 30.000000000" Properties=species:S:1:pos:R:3:tags:I:1:forces:R:3 energy=-316.84553760 stress= -3.89257 -0.34380 -3.08232 1.51704 -3.22358 -0.00075 pbc="T T T"
Mo        2.16650        10.21455        3.88986        1        -0.233364        -1.755704        1.555707
Mo        4.60319        1.41529        4.17226        1        -0.380965        0.614368        -0.234960
Mo        2.19759        3.37828        4.12621        1        -0.430957        -0.414797        -2.276290
Mo        4.63308        5.25332        4.08090        1        -1.117842        0.530792        0.090918
Mo        2.35241        6.75185        3.75621        1        -0.402725        -0.076022        2.007554
Mo        4.67117        8.57695        4.10797        1        -1.034730        -0.521458        -0.764752
Mo        8.68922        0.18015        3.75103        1        0.839942        -1.977681        -0.062685
Mo        11.05462        1.91238        3.86355        1        -0.426162        -1.041726        -0.545679
Mo        8.79546        3.29014        3.73858        1        -0.799755        2.172209        1.220962
Mo        10.98926        5.26514        3.90540        1        -0.191481        -0.324957        -0.065070
Mo        8.68232        6.85279        3.80089        1        -0.229017        0.657126        -1.775657
Mo        11.02938        8.75541        3.68130        1        0.931912        -0.297061        1.445477
Mo        15.17568        0.18711        3.99057        1        0.506560        -0.095184        -1.591525
Mo        17.67037        1.66461        3.85119        1        -1.238426        -0.201992        0.515015
Mo        15.10077        3.59653        3.79070        1        1.164151        -0.548471        -0.768353
Mo        17.65522        5.17185        3.98431        1        -0.652046        -0.529870        0.198729
Mo        15.15117        6.83511        3.92946        1        0.799149        1.604696        -1.217957
Mo        17.57033        8.42481        4.13403        1        0.638090        0.119311        -0.448404
Te        0.56052        1.47546        5.51830        2        -0.117784        0.648571        -0.218039
Te        4.05841        3.36644        5.90105        2        0.395162        -0.089386        1.907581
Te        6.20475        0.11670        2.44627        2        -0.283030        -0.595700        -0.073804
Te        2.88655        1.51087        2.09297        2        0.367221        1.544825        -0.742032
Te        0.67110        5.18121        5.61192        2        -0.361278        -0.210695        -0.592472
Te        4.02305        6.89365        6.24265        2        -0.170863        -0.594920        -1.596155
Te        5.98352        3.61102        2.50390        2        1.038255        -1.695740        -0.130344
Te        2.78495        4.82918        1.87755        2        0.432699        0.670212        1.093660
Te        0.64463        8.30571        5.55616        2        -0.370257        0.156364        -0.760997
Te        3.66236        9.97448        6.12667        2        0.328800        1.762794        -0.090828
Te        6.19806        6.89898        2.56983        2        0.171023        0.270679        -0.739450
Te        2.90820        8.50103        1.91541        2        0.450671        0.176712        -0.271478
Te        7.27623        1.73189        5.39904        2        -0.783845        0.246192        0.543900
Te        10.52260        3.44301        6.09528        2        -0.666177        0.488411        -1.714503
Te        12.74880        0.17059        2.16498        2        -0.495588        -0.065967        1.064030
Te        9.23559        1.74324        1.70484        2        0.581885        -0.287094        -0.509607
Te        7.16428        5.25704        5.41127        2        -0.043444        -0.701526        -0.055616
Te        10.33721        7.00795        5.78753        2        0.724937        0.330155        0.541984
Te        12.64953        3.68411        2.37788        2        0.146996        -0.453452        -0.466952
Te        9.24917        5.02908        1.68931        2        0.239211        0.868185        1.094201
Te        7.08535        8.73993        5.38184        2        0.754210        -0.225621        -0.085302
Te        10.71823        10.22391        5.84533        2        -0.808910        1.150110        -0.678883
Te        12.67781        7.08144        2.26237        2        0.057415        -0.617737        0.377775
Te        9.32812        8.62287        1.68122        2        -0.616798        -0.071611        0.651505
Te        13.37075        1.99778        5.19934        2        1.411017        -0.636163        0.819803
Te        17.04104        3.27736        5.82291        2        -0.553270        0.827630        0.465962
Te        19.15764        10.26225        2.45502        2        0.687425        -1.071538        -0.156426
Te        15.69292        1.69806        1.76753        2        0.677558        1.008451        1.059095
Te        13.44368        5.34273        5.23054        2        -0.224207        -0.690438        1.118677
Te        16.76208        6.64564        6.08270        2        0.461160        0.514334        -0.365493
Te        19.32949        3.32012        2.47799        2        -0.026391        0.594377        0.114786
Te        15.82657        5.38384        1.87036        2        0.652888        -1.060945        -0.195846
Te        13.85937        8.74630        5.46461        2        -1.431045        -0.235979        0.423618
Te        17.12031        10.30973        5.95591        2        -0.545376        -0.235292        0.113212
Te        19.23085        6.72529        2.39848        2        0.133205        0.559891        0.274690
Te        15.86770        8.70881        2.02286        2        0.031692        -0.175698        0.505406
