54
Lattice="19.174335959 0.000456436 -0.025753600 -0.000245188 11.746062056 0.000007040 0.013560858 0.000001769 30.000000000" Properties=species:S:1:pos:R:3:tags:I:1:forces:R:3 energy=-313.00590433 stress= -5.01001 -13.90913 0.58621 0.09712 0.47729 0.42978 pbc="T T T"
Mo        2.38791        0.18361        3.75327        1        -0.842161        -0.169970        1.004620
Mo        4.63466        1.91116        4.11228        1        -0.447248        -0.303196        0.965959
Mo        2.18653        3.63067        3.97745        1        -1.185813        0.946287        -2.586678
Mo        4.39188        5.84501        4.08218        1        -0.219440        -0.584436        -0.391704
Mo        2.28917        7.62434        3.63604        1        -0.111754        0.433698        1.334103
Mo        4.40255        10.20408        4.02628        1        0.312018        -1.329447        -0.905895
Mo        8.62478        11.50529        3.74540        1        1.531743        0.413722        1.149318
Mo        10.82005        1.88027        4.10692        1        -0.559563        -0.403965        -0.458932
Mo        8.60036        4.40638        3.56135        1        0.488976        -1.152873        0.883613
Mo        10.81009        6.26092        3.94608        1        0.120707        0.110303        0.157586
Mo        8.52835        7.99658        3.77819        1        0.068855        -0.288426        -1.427968
Mo        10.86333        9.64098        4.06159        1        -0.348902        0.410430        -0.745760
Mo        14.85990        11.44813        3.89348        1        -0.374277        0.412179        -1.259858
Mo        17.21801        1.76803        3.97132        1        -0.518759        0.373160        0.457916
Mo        15.07374        3.72933        3.66036        1        -0.946114        -0.922818        1.351613
Mo        17.14985        5.82879        4.24774        1        0.165476        -0.091978        -0.472767
Mo        14.97412        8.05462        3.87176        1        -0.468369        -0.360820        -1.763684
Mo        17.15760        9.78194        3.81284        1        0.083357        0.076942        1.537019
Te        0.61115        1.86162        5.23783        2        -0.271499        -0.607652        0.265992
Te        3.65169        3.87976        5.97968        2        1.853585        0.048727        1.186512
Te        6.19520        11.72613        2.74345        2        -1.470189        0.328072        -1.209092
Te        3.14627        2.03926        1.94063        2        -0.896736        -0.227392        -0.277179
Te        0.62915        5.80269        5.43523        2        0.417060        -0.080569        -0.537075
Te        3.94098        8.08128        5.77562        2        -0.249268        -0.625887        -0.421548
Te        5.95122        3.93996        2.67559        2        -0.062697        0.732872        -0.131704
Te        2.62380        5.63700        1.96536        2        0.448767        -0.719548        0.109761
Te        0.87360        9.56031        5.04126        2        -0.326625        1.171846        0.041026
Te        4.07204        11.69245        6.15959        2        -0.666508        1.350454        -0.747963
Te        5.80759        7.98026        2.54588        2        -0.121217        -0.006651        0.317537
Te        2.60616        9.79246        1.95427        2        0.496819        0.214873        0.181087
Te        7.34754        1.95027        4.87028        2        0.087773        0.954328        0.742932
Te        10.36419        4.09476        5.65115        2        -0.586956        0.423619        -0.014132
Te        12.37712        0.19910        2.62056        2        -0.138039        -1.132532        -0.316395
Te        9.18387        1.90030        1.94406        2        0.091052        0.489455        0.496027
Te        6.99560        6.13116        5.07098        2        0.031071        -1.011044        0.364907
Te        10.04044        7.93627        5.98935        2        0.646215        -0.355748        -0.150884
Te        12.24078        3.88634        2.91978        2        0.606584        0.684581        -0.168969
Te        9.25345        6.18114        1.71167        2        -0.082576        0.357779        0.239037
Te        7.02385        9.78397        5.15920        2        -0.274376        0.529142        1.122838
Te        10.39051        11.67602        5.87689        2        -0.484582        -0.298923        0.314672
Te        12.43471        7.99845        2.42603        2        -0.096671        -0.168641        0.375348
Te        9.14640        9.84220        1.85495        2        0.644352        -0.841124        -0.636240
Te        13.43637        1.71010        5.33909        2        0.289386        0.560917        -0.200118
Te        16.38894        4.01181        6.04250        2        0.396504        -0.923551        -0.616553
Te        18.70055        11.64226        2.60527        2        0.709145        0.598956        -0.586648
Te        15.36589        1.61168        1.97419        2        0.543416        0.546151        -0.118380
Te        13.45957        5.77530        5.10953        2        0.352672        0.666693        -0.311815
Te        16.64927        7.95242        5.88150        2        0.412180        0.160409        0.585526
Te        18.66233        3.81474        2.62924        2        0.085544        0.092577        0.502819
Te        15.53187        5.84148        2.14645        2        0.013941        0.750970        -0.559564
Te        13.39826        9.68635        5.41158        2        -0.433072        -0.171515        0.369765
Te        16.54954        11.67807        5.83633        2        0.987820        -0.402243        0.848699
Te        18.70375        7.70739        2.88161        2        0.031730        -0.181301        -0.718411
Te        15.34280        9.84333        1.73834        2        0.251825        -0.478925        0.837351
