54
Lattice="18.429676749 0.000008540 -0.000615361 -0.000005198 10.639921383 0.000045896 0.042448411 0.000094922 30.000000000" Properties=species:S:1:pos:R:3:tags:I:1:forces:R:3 energy=-315.60742476 stress= -2.30814 -0.65171 -9.86531 0.65259 0.32238 0.43673 pbc="T T T"
Mo        2.38967        0.38057        3.82679        1        0.551129        -1.765318        0.623508
Mo        5.63335        2.01350        3.86009        1        -0.457299        -0.820656        0.674201
Mo        2.30705        3.59552        4.00525        1        0.841730        -1.021428        -0.460988
Mo        5.39652        5.44326        4.07681        1        1.095223        0.591727        -1.556703
Mo        2.46177        7.09868        3.88238        1        0.589483        0.169784        0.695994
Mo        5.07391        9.03972        3.81502        1        1.548544        -0.170742        0.596919
Mo        8.64702        0.27840        4.02528        1        -0.488434        -0.452110        -0.584673
Mo        11.38234        1.61126        4.04475        1        -0.230998        -0.147423        -1.621649
Mo        8.36495        3.48166        4.03190        1        0.686119        0.257539        -0.710188
Mo        11.61794        5.54733        3.99121        1        0.651352        0.569489        -0.124788
Mo        8.50060        7.07968        3.89205        1        0.371806        -0.524440        1.092006
Mo        11.43082        8.89523        3.92338        1        -0.408438        0.470426        -0.442688
Mo        14.68485        10.53723        3.75850        1        -0.467308        -1.162768        0.662505
Mo        17.65367        1.60576        3.88048        1        0.889810        1.178278        0.632577
Mo        14.46174        3.17791        3.82176        1        0.955998        1.399095        -0.857379
Mo        17.52969        5.12860        4.12202        1        0.507705        0.462266        -1.797910
Mo        14.61630        6.79514        4.01784        1        -0.470088        0.761525        -0.781152
Mo        17.69296        8.64713        4.00738        1        0.264375        0.776835        0.734307
Te        1.52864        1.90518        5.88803        2        -1.569298        -0.708534        -0.639982
Te        4.40350        3.58829        5.75273        2        0.317613        0.573483        0.004799
Te        1.17653        1.92829        1.94535        2        0.675484        -0.218250        1.110906
Te        4.55363        0.35556        2.01493        2        -1.014250        -0.343827        0.260649
Te        1.30677        5.45774        5.68782        2        0.014865        -0.479146        0.803324
Te        4.39081        7.19195        5.82074        2        -0.052923        0.197868        -0.258118
Te        1.26027        5.24820        2.36483        2        -0.993744        0.996037        -1.622033
Te        4.41697        3.75812        2.12297        2        -0.320763        0.080099        0.691448
Te        1.53298        8.88180        5.76773        2        -0.678979        0.777629        -1.287347
Te        4.52051        0.33547        5.82894        2        -0.595847        -0.834076        -1.564841
Te        1.42534        8.75792        2.14808        2        -0.690632        1.454512        0.285354
Te        4.36035        7.37063        1.78343        2        0.234944        -0.959080        1.524594
Te        7.43490        1.76446        6.01270        2        0.429188        0.219437        -1.119510
Te        10.44939        3.63443        5.68038        2        0.807229        -0.118434        0.435632
Te        7.48328        2.03681        1.79376        2        0.696284        -0.837220        1.616079
Te        10.59453        10.50278        1.86133        2        -0.927595        0.923736        1.402000
Te        7.65305        5.32339        5.92660        2        -1.312764        0.448762        -0.971759
Te        10.56411        7.23184        5.80495        2        -0.718004        -0.507006        0.110617
Te        7.52419        5.23552        2.18539        2        -0.791302        0.835135        0.228230
Te        10.73890        3.80997        2.35043        2        -1.772996        -2.302591        -0.759959
Te        7.29404        8.90084        5.55243        2        0.220909        0.606882        -0.390303
Te        10.51358        10.59566        6.11317        2        -0.329809        0.033767        -1.710544
Te        7.55175        9.06026        2.23477        2        -0.954147        0.129589        0.512439
Te        10.39639        7.22147        2.02229        2        0.467196        -0.551553        0.408689
Te        13.38414        1.53746        5.65688        2        1.539167        0.044407        0.717580
Te        16.66635        3.29150        5.82585        2        -0.906437        -0.544224        -0.705718
Te        13.34394        1.35135        2.07819        2        0.252896        1.752631        -0.446959
Te        16.88219        10.45473        2.09481        2        -0.844357        -0.399266        -0.107443
Te        13.66245        4.99871        5.65927        2        -0.363784        -0.089127        0.901656
Te        16.68560        6.87866        5.96072        2        -0.593064        0.523185        -0.521982
Te        13.58836        5.27564        1.87095        2        0.033235        -0.578540        1.730113
Te        16.61733        3.52559        1.82974        2        -0.315958        -0.782731        2.243001
Te        13.59548        8.75893        5.52643        2        0.241156        0.034177        0.547218
Te        16.49537        10.50224        5.77692        2        1.147186        -0.082852        -0.699370
Te        13.44076        8.61541        1.97034        2        0.948504        0.294198        1.452600
Te        16.53127        6.93496        2.30518        2        1.295304        -0.166351        -0.973635
