54
Lattice="19.904050889 0.000008540 -0.000615361 -0.000005198 11.491115093 0.000045896 0.042448411 0.000094922 30.000000000" Properties=species:S:1:pos:R:3:tags:I:1:forces:R:3 energy=-314.04915881 stress= -18.83076 -19.15079 0.33812 -0.09650 -1.12379 -0.10407 pbc="T T T"
Mo        2.75917        0.14812        3.90669        1        -1.624211        -1.025065        0.078409
Mo        5.92060        1.95212        3.69327        1        0.522713        -0.094992        -0.205090
Mo        2.54708        3.81662        3.77360        1        0.804540        -0.419897        0.305189
Mo        5.79492        5.77438        3.83437        1        0.376626        0.335955        0.590052
Mo        2.64278        7.64677        4.08754        1        -0.326517        -0.053365        0.589918
Mo        5.86662        9.69016        3.90192        1        -1.118345        -0.970134        0.383382
Mo        8.99958        0.09176        3.86549        1        0.442307        -1.031983        -0.531973
Mo        12.29591        1.75801        3.92233        1        1.181250        0.058161        0.236448
Mo        9.02726        3.64801        3.71020        1        0.547911        0.367714        0.570342
Mo        12.33005        5.41688        3.87347        1        0.481663        0.844724        -0.083484
Mo        9.05423        7.62977        3.76915        1        0.836915        -0.031741        0.796753
Mo        12.37265        9.50638        4.05742        1        0.172283        0.132918        -0.159778
Mo        15.85761        0.15852        4.20094        1        -0.623018        -0.367021        -1.285520
Mo        19.27003        2.04233        4.09049        1        -0.167463        0.035649        -0.445950
Mo        15.73090        3.88021        3.82668        1        0.242671        -0.071607        0.644885
Mo        19.41101        5.92442        3.97725        1        -1.924387        -0.135743        -0.209342
Mo        15.71554        7.56356        4.12648        1        0.054085        0.416780        -0.244034
Mo        19.06190        9.62976        4.03594        1        -0.009267        0.703221        0.067950
Te        1.69865        2.03417        5.65825        2        -0.483785        -0.314005        0.152432
Te        4.86677        3.75003        5.40976        2        -0.630147        0.362137        0.476312
Te        1.38966        1.77894        2.17896        2        0.171903        0.701074        0.020159
Te        4.74654        0.06197        2.05902        2        0.270405        -0.227092        -0.040772
Te        1.61706        5.59452        5.63128        2        0.118135        0.486420        0.693294
Te        4.79957        7.64127        5.86174        2        0.206896        0.186459        -1.253813
Te        1.58985        5.80837        2.26627        2        -0.204964        0.467981        -0.978173
Te        4.72806        4.01695        2.04419        2        0.019854        -0.747175        -0.155958
Te        1.55302        9.73187        5.79577        2        -0.120107        -0.203049        -0.907751
Te        4.87298        0.13222        5.52867        2        0.401951        0.222218        0.544738
Te        1.35747        9.44254        2.41983        2        0.450894        0.689606        -0.179560
Te        4.63727        7.71876        2.27682        2        0.433479        0.400366        -0.300325
Te        7.99856        1.93242        5.59510        2        -0.413341        -0.015914        -0.485326
Te        11.13534        3.57167        5.64583        2        0.077481        0.372724        -0.579712
Te        8.11347        1.86293        1.85630        2        -0.570318        -0.137526        0.703130
Te        11.38717        11.32241        2.19898        2        -0.534590        -0.011738        0.161484
Te        8.01748        5.54708        5.47381        2        0.039071        0.681872        -0.083516
Te        11.36711        7.49229        5.58240        2        -0.804915        -0.388938        0.042615
Te        8.00296        5.77483        2.10562        2        -0.238027        -0.392320        -0.357519
Te        11.28779        3.49745        2.11271        2        0.016027        0.590563        -0.054204
Te        8.01057        9.46785        5.60448        2        0.144463        0.494499        -0.311491
Te        11.11316        11.42902        5.62793        2        0.261721        -0.071700        0.291321
Te        7.88418        9.62662        2.16285        2        0.783196        -0.058298        -0.335401
Te        11.47634        7.53916        2.21317        2        -0.618353        0.027176        0.112128
Te        14.64670        2.06882        5.68894        2        -0.407813        -0.036894        -0.069290
Te        18.07734        4.08483        5.58686        2        -0.096578        -0.379403        0.252084
Te        14.68042        1.82438        2.23619        2        -0.122704        0.056252        0.483092
Te        17.99494        0.31862        2.37737        2        0.108089        -0.937783        0.062501
Te        14.51230        5.63811        5.61911        2        0.015237        -0.390947        0.361494
Te        18.04613        7.67466        5.69316        2        0.090731        0.039175        0.520372
Te        14.64395        5.72887        2.16385        2        -0.199978        0.076194        0.301174
Te        18.07117        3.98522        2.32565        2        0.524125        -0.060856        -0.092211
Te        14.67757        9.70562        5.79698        2        -0.227702        -0.536565        0.273165
Te        18.06470        0.14384        5.74174        2        0.511275        -0.034613        0.694384
Te        14.64512        9.53761        2.56601        2        0.435509        0.567838        -0.806873
Te        17.83204        7.79306        2.36068        2        0.708451        -0.170967        -0.260583
