54
Lattice="19.535457354 0.000008540 -0.000615361 -0.000005198 10.639921383 0.000045896 0.042448411 0.000094922 30.000000000" Properties=species:S:1:pos:R:3:tags:I:1:forces:R:3 energy=-319.46727220 stress= -13.39482 -3.75272 -3.68022 0.54518 -0.30791 0.03041 pbc="T T T"
Mo        2.45614        0.04018        3.96535        1        0.320755        -0.314127        0.332556
Mo        5.66845        1.80264        4.06441        1        -0.222272        0.099585        -1.024696
Mo        2.34180        3.54064        3.78340        1        -0.762939        -0.096134        -0.742548
Mo        5.48844        5.37612        4.03800        1        0.799803        -0.136264        -0.687733
Mo        2.43508        7.08742        4.08976        1        0.430644        -0.425421        0.152028
Mo        5.71103        8.82277        4.00823        1        0.397536        0.087569        0.464608
Mo        9.08026        10.59028        3.90795        1        -0.135587        0.761733        0.184860
Mo        12.40060        1.77550        3.76802        1        -0.487084        -0.026722        -0.184594
Mo        9.00965        3.57972        3.83794        1        -0.265297        -0.275434        -0.621525
Mo        12.37847        5.38207        3.86736        1        -0.508101        -0.643929        0.348560
Mo        9.06134        7.01569        3.95806        1        -0.283501        0.652972        0.271482
Mo        12.49737        8.88049        3.97370        1        -0.515686        -0.037772        -0.580252
Mo        15.52745        10.59574        3.90853        1        0.061093        -0.092234        0.452408
Mo        18.72497        1.77086        3.91815        1        0.734877        0.754476        0.589563
Mo        15.43299        3.54714        3.75561        1        0.010935        -0.350513        -0.548288
Mo        18.65343        5.33578        3.95838        1        -0.265011        -0.697077        0.368521
Mo        15.66269        7.15422        3.88994        1        -0.544666        0.333510        0.121545
Mo        18.83629        8.78051        4.10208        1        0.113199        0.343649        -0.534293
Te        1.34371        1.88982        5.63954        2        -0.394305        -0.870070        0.205434
Te        4.29477        3.56223        5.63324        2        0.836328        -0.086658        0.750094
Te        1.34358        1.62122        1.99346        2        -0.150725        0.579149        0.856518
Te        4.67374        10.63733        2.20982        2        -0.237161        0.062465        0.580210
Te        1.24827        5.07742        5.69455        2        -0.156816        1.439700        -0.044596
Te        4.57225        7.14459        5.95655        2        0.042796        -0.208270        -0.909034
Te        1.17296        5.50465        2.10270        2        0.743153        -0.748388        0.850719
Te        4.48897        3.58542        2.15290        2        0.577011        -0.112675        0.282458
Te        1.45558        8.89456        5.91140        2        -0.248691        0.086985        -0.628603
Te        4.61523        10.60998        5.76844        2        -0.023002        0.258793        0.015005
Te        1.42747        8.80848        2.33834        2        -0.388742        0.341680        -0.543809
Te        4.53484        7.13555        2.22235        2        -0.175111        -0.031720        0.335968
Te        7.96748        1.80717        5.63904        2        -0.038378        -0.269082        0.101381
Te        11.15526        3.51088        5.49187        2        0.523782        0.227988        0.313567
Te        7.69381        1.83227        2.17893        2        0.897443        -0.425876        0.246877
Te        11.18011        10.63015        2.10804        2        0.338712        -0.249010        0.345904
Te        7.73879        5.19821        5.65510        2        0.497496        0.535427        -0.058120
Te        11.39449        6.99936        5.74733        2        -0.729195        0.672144        -0.193656
Te        7.74827        5.35736        2.17764        2        -0.013452        0.062917        0.368118
Te        11.37847        3.66925        1.95885        2        -0.823731        -0.515772        0.752316
Te        8.09829        8.85558        5.78285        2        -0.469278        -0.274952        -0.586756
Te        11.39781        0.03593        5.68688        2        -0.620069        0.058980        -0.517266
Te        7.84860        8.88666        2.20597        2        0.311899        -0.589946        0.287691
Te        11.23832        7.17167        2.25130        2        -0.308046        0.134379        -0.460971
Te        14.41759        1.76260        5.58429        2        -0.094499        0.307142        0.079877
Te        17.28672        3.49566        5.66742        2        1.659833        0.261097        -0.298121
Te        14.53439        1.58673        1.95307        2        -0.305751        0.902850        0.472064
Te        17.73083        10.57454        2.36333        2        -0.014677        -0.717647        -1.363155
Te        14.51336        5.38685        5.59049        2        -0.224545        -0.393852        0.062262
Te        17.70097        7.16539        5.87089        2        -0.261127        -0.916274        -0.421167
Te        14.31476        5.44916        2.05319        2        1.318221        -0.163183        -0.056997
Te        17.72504        3.46300        2.06288        2        -0.578921        0.613692        0.479359
Te        14.55248        8.84893        5.80035        2        0.082614        0.062251        -0.579579
Te        17.67979        0.04106        5.73012        2        -0.182478        -0.179530        0.144325
Te        14.56757        8.90312        2.02154        2        -0.307461        -0.454721        0.741135
Te        17.72646        7.05786        2.15615        2        0.077388        0.663298        0.009065
