54
Lattice="20.324373841 0.000456147 -0.025753600 -0.000245476 10.927967962 0.000007040 0.013560576 0.000001770 30.000000000" Properties=species:S:1:pos:R:3:tags:I:1:forces:R:3 energy=-317.14478516 stress= -13.93570 -8.37153 -2.39615 0.42976 -1.38471 -0.45118 pbc="T T T"
Mo        2.39116        0.16429        3.69898        1        0.451890        0.439634        0.319191
Mo        4.77334        2.07718        3.99823        1        -0.923048        0.334018        0.432670
Mo        2.27525        3.65101        3.79287        1        0.260169        -0.108582        -0.932886
Mo        4.73761        5.35178        4.03542        1        -0.290204        0.208125        -0.413540
Mo        2.22048        6.91290        3.82811        1        1.096247        -0.450615        0.692916
Mo        4.75135        8.80450        4.11275        1        -0.161782        0.546442        -0.942105
Mo        9.08442        0.22863        4.01370        1        0.342057        0.361707        0.256426
Mo        11.53935        2.04745        4.04989        1        -0.266805        0.591859        -0.547212
Mo        9.07915        3.65322        3.88440        1        -0.006432        0.108803        -0.773257
Mo        11.37376        5.30546        4.01782        1        0.432135        0.756473        0.093806
Mo        9.02041        7.11043        3.84303        1        -0.255309        -0.945576        0.448103
Mo        11.46019        8.83642        3.98916        1        -0.107470        -0.274353        0.175061
Mo        15.76252        0.32540        3.87941        1        0.154786        0.264250        -0.480857
Mo        18.38481        1.80668        3.90817        1        -0.371329        0.249363        1.135928
Mo        15.83499        3.64775        3.77366        1        0.290998        0.428224        -0.285705
Mo        18.31714        5.25338        3.91534        1        -0.183361        -0.501043        0.562424
Mo        15.79309        7.06165        3.95016        1        0.225851        -0.594679        -0.940069
Mo        18.31807        9.51511        3.94419        1        0.647328        0.008230        -0.149441
Te        0.80055        1.74237        5.29678        2        -0.436585        0.105375        -0.126382
Te        3.81922        3.64724        5.97636        2        0.591308        0.030462        -0.170498
Te        6.38269        0.02276        3.17630        2        -0.262674        -0.304994        -0.404566
Te        3.03376        1.92514        1.78918        2        0.335396        -0.150227        0.420740
Te        0.60232        5.24527        5.31270        2        -0.122263        0.427813        0.128356
Te        4.08007        7.15091        5.98552        2        -0.791245        -0.421518        0.066620
Te        6.30110        3.63842        2.45343        2        0.718597        0.357792        -0.289058
Te        3.05697        5.43166        1.76508        2        0.032832        -0.420236        0.985853
Te        0.86281        9.09380        4.85806        2        -0.507157        0.174899        -0.005345
Te        4.15267        0.10853        5.82932        2        -0.470924        -0.592824        -0.694096
Te        6.38863        7.32877        2.49609        2        -0.105253        -0.622635        0.394698
Te        2.93248        8.81751        2.06298        2        0.332986        0.987092        0.224028
Te        7.37245        2.01382        5.39909        2        0.145121        -0.155374        -0.004572
Te        10.77224        3.65186        6.04220        2        -0.134495        -0.009933        0.095614
Te        13.03339        0.20737        2.62213        2        0.368047        -0.843659        0.244967
Te        9.77977        1.80994        1.98583        2        -0.028864        0.177260        0.024835
Te        7.33249        5.32344        5.38115        2        0.006675        0.499694        -0.023511
Te        10.67029        7.19407        5.98269        2        0.249706        -0.187618        -0.480194
Te        13.20983        3.71060        2.45943        2        -0.369623        -0.223680        0.092291
Te        9.70240        5.38300        1.81888        2        -0.131105        0.111643        0.807628
Te        7.50952        9.09254        5.37155        2        0.081933        -0.452534        -0.231594
Te        11.14198        0.01067        5.77648        2        -0.633850        -0.317204        0.207120
Te        12.97178        7.15354        2.46238        2        0.304234        0.175021        0.352756
Te        9.53289        9.11802        2.18708        2        0.198239        0.479935        -0.591724
Te        14.12602        1.97820        5.35048        2        0.297735        -0.190567        0.024661
Te        17.62418        3.53511        5.83416        2        -0.276192        0.350996        0.452435
Te        19.87459        0.25080        2.39126        2        0.879367        -0.976136        -0.231804
Te        16.70085        1.95234        1.86028        2        -0.691071        -0.429273        -0.091932
Te        14.14490        5.34519        5.22750        2        -0.150641        0.427279        0.030372
Te        17.84510        7.42761        5.71568        2        -0.421917        -0.535053        -0.452304
Te        19.98831        3.73653        2.43366        2        0.045270        -0.455041        -0.221932
Te        16.60276        5.49056        1.80343        2        -0.263346        0.009966        0.958980
Te        14.17663        9.02211        4.99750        2        0.291359        0.543941        -0.145246
Te        17.50373        0.07841        5.93587        2        -0.141193        0.494561        -0.127465
Te        19.74956        7.26212        2.71688        2        0.367166        0.532444        -0.008948
Te        16.51459        9.18606        2.09279        2        -0.594994        -0.001867        0.154667
