54
Lattice="19.940895089 0.000456147 -0.025753600 -0.000245476 10.721779888 0.000007040 0.013560576 0.000001770 30.000000000" Properties=species:S:1:pos:R:3:tags:I:1:forces:R:3 energy=-312.35489662 stress= -6.74752 -5.10174 2.26057 0.23573 1.62412 0.51416 pbc="T T T"
Mo        2.22025        0.09933        3.83603        1        0.135291        -1.606633        -0.239632
Mo        4.87430        1.74005        4.13121        1        -1.519513        -0.503532        -0.579545
Mo        1.87219        3.83048        3.92203        1        1.907436        0.328021        0.698170
Mo        4.66246        5.26219        3.91599        1        -0.919538        -0.200728        1.260261
Mo        2.07913        7.49380        3.92235        1        0.297778        -0.878205        0.161607
Mo        4.49917        8.92868        4.02156        1        1.652554        0.280104        -0.580762
Mo        8.92024        10.27539        3.88884        1        -0.414868        0.571485        1.578253
Mo        11.22093        1.50337        4.29992        1        0.541427        0.867767        -0.097146
Mo        8.91284        3.73755        3.98931        1        0.309439        -0.494977        0.955567
Mo        11.35399        5.58968        4.15272        1        -0.154407        -1.391250        -1.512535
Mo        8.82661        6.82879        3.98807        1        -0.433200        0.600126        -2.047245
Mo        11.45463        8.54272        4.19523        1        -1.465788        -0.129740        -0.474529
Mo        15.58439        0.01457        3.89329        1        0.746672        0.709595        -1.818020
Mo        17.83778        1.95567        3.94173        1        0.086487        -0.589827        -1.561117
Mo        15.66229        4.12708        3.64558        1        -1.257288        -0.767111        0.191207
Mo        18.03618        5.23428        3.68402        1        0.099905        0.134905        1.748472
Mo        15.61758        7.32875        3.36744        1        -0.339467        -1.149447        0.112683
Mo        17.97382        9.38999        3.80837        1        -0.223666        -0.814256        0.410852
Te        0.46423        1.79999        5.15391        2        0.321507        0.725596        0.722416
Te        3.95674        3.33922        6.03625        2        -0.594282        1.321966        -0.858517
Te        6.38199        10.27763        2.52569        2        0.281251        0.607595        -0.088152
Te        3.18500        1.67630        2.08058        2        -0.097980        1.110008        -0.829746
Te        0.36426        5.77398        5.25839        2        0.677802        -1.583053        0.815088
Te        3.97909        7.24778        5.83106        2        -0.515083        -1.930749        1.215610
Te        6.41471        3.47165        2.75054        2        0.161021        0.238836        -0.746017
Te        2.74653        5.53629        2.01425        2        0.092474        -0.647361        -0.038267
Te        0.17740        8.99046        5.48583        2        1.536591        0.459638        -0.203379
Te        3.88974        10.66066        5.91300        2        -0.015117        0.178349        0.785635
Te        6.35520        6.93577        2.29274        2        -0.204706        0.140613        0.814733
Te        3.12419        8.59238        1.81005        2        -0.643062        2.133727        -0.344492
Te        7.30072        1.61090        5.24514        2        1.199502        -0.255442        0.106526
Te        10.66630        3.53448        6.17724        2        -0.112830        -0.175436        -1.328382
Te        12.89744        10.56252        2.92125        2        -0.206999        0.563625        -1.370480
Te        9.57978        1.75040        2.27175        2        -0.209613        -0.589285        -0.424209
Te        7.06663        5.23587        5.47517        2        0.379330        -0.059411        -0.138470
Te        10.34998        6.76723        6.10460        2        0.002465        2.121469        1.982599
Te        12.87092        3.68170        2.78242        2        -0.005867        -0.559749        -0.017706
Te        9.69519        5.23901        1.91036        2        -0.016454        0.198764        0.747132
Te        7.17790        8.46723        5.43691        2        0.076034        1.392390        0.027090
Te        10.62687        10.35678        6.00984        2        -0.569585        -0.068708        1.010547
Te        12.68999        6.93880        2.33550        2        1.315757        0.957406        -0.523028
Te        9.83102        8.92461        1.94352        2        0.124828        -1.572653        0.146090
Te        14.08539        1.94204        5.19134        2        -0.223961        0.734312        0.000360
Te        17.14493        3.57306        5.83728        2        0.199009        1.283169        0.060468
Te        19.72105        0.28847        2.43301        2        -0.654506        -0.406255        -0.338286
Te        15.79755        1.96363        1.79781        2        1.090999        0.105562        1.429533
Te        13.93761        5.80862        5.25043        2        0.799594        -0.741592        -0.034427
Te        17.00447        7.15032        5.52498        2        1.071130        0.505841        -0.109481
Te        19.71285        3.74557        2.19000        2        -0.622799        -0.770924        -0.014577
Te        16.69502        5.46669        1.49187        2        -1.481078        0.602338        -0.110396
Te        14.09212        9.10495        5.17487        2        -0.799863        -1.956715        1.256860
Te        17.43632        0.16645        5.94269        2        -0.693891        0.116086        -0.276438
Te        19.59528        7.36794        2.61042        2        -0.685522        0.410577        -1.237388
Te        16.30531        9.21403        1.66434        2        -0.025746        0.416472        -0.311774
