54
Lattice="18.798270284 0.000008540 -0.000615361 -0.000005198 10.639921383 0.000045896 0.042448411 0.000094922 30.000000000" Properties=species:S:1:pos:R:3:tags:I:1:forces:R:3 energy=-321.92703952 stress= -3.82364 -0.39144 0.31872 0.29170 -0.72507 0.05375 pbc="T T T"
Mo        2.39534        10.60331        3.94117        1        1.118261        0.706395        -0.225468
Mo        5.47922        1.74707        4.00002        1        -0.036220        0.172513        0.096458
Mo        2.23506        3.58892        3.96619        1        0.694712        -0.219534        -0.314503
Mo        5.42865        5.39148        4.12940        1        0.193010        -0.817604        -1.585367
Mo        2.30787        7.04868        3.86948        1        0.027688        0.076313        0.154219
Mo        5.54246        8.79112        4.01986        1        -0.806729        -0.216320        -0.159411
Mo        8.51635        10.57495        3.98439        1        0.765907        0.456615        -0.653786
Mo        11.74704        1.76625        4.09334        1        0.073033        -0.353259        -1.027351
Mo        8.75514        3.53930        3.98839        1        -1.052918        0.297336        -0.229572
Mo        11.91140        5.27349        4.13932        1        -0.379125        -0.000716        -1.870838
Mo        8.66735        7.09401        3.91936        1        -0.757306        -0.053184        0.259804
Mo        11.81327        8.91437        4.03461        1        -0.217733        -1.309894        -0.548032
Mo        15.01118        0.02617        3.77616        1        -0.432947        0.140035        0.380461
Mo        18.09571        1.83188        3.82462        1        0.013254        -0.221785        0.554565
Mo        14.96719        3.46329        3.81367        1        0.159685        0.346879        -0.575282
Mo        18.09178        5.44592        3.81624        1        0.275624        -0.276549        -0.247012
Mo        15.03904        7.01018        3.86660        1        -0.256755        1.498154        -1.534020
Mo        18.00331        8.98081        3.78973        1        0.410088        -0.039710        -0.178888
Te        1.36277        1.72971        5.68300        2        -0.732902        0.145778        0.432577
Te        4.37714        3.51610        5.74234        2        -0.278444        0.024440        0.492993
Te        1.39412        1.76469        2.10248        2        0.055066        -0.002954        0.051098
Te        4.58812        10.57971        2.20526        2        -0.605700        -0.007526        0.092390
Te        1.25250        5.37316        5.74584        2        -0.133832        -0.032618        -0.089857
Te        4.27048        7.06460        5.82324        2        0.303558        0.605668        -0.028085
Te        1.31411        5.25591        2.02373        2        0.102063        0.492215        0.105189
Te        4.36281        3.61383        2.27811        2        0.506910        -0.323904        0.098921
Te        1.26032        8.87787        5.62192        2        -0.208784        -0.206935        0.271594
Te        4.44191        10.59382        5.88960        2        0.096214        -0.042253        -1.006840
Te        1.37979        8.96513        2.09941        2        -0.225187        -0.675930        -0.269732
Te        4.38597        6.95022        2.14324        2        0.516091        0.908875        0.422285
Te        7.59595        1.80891        5.73181        2        -0.075431        -0.273457        0.324283
Te        10.78421        3.52993        5.89131        2        -0.054610        0.007865        0.148902
Te        7.52834        1.81544        2.18563        2        0.418032        -0.096137        0.247312
Te        10.71905        10.61734        2.26677        2        -0.498277        0.238772        0.003961
Te        7.57333        5.26974        5.77199        2        0.450664        0.485203        -0.047018
Te        10.68592        7.04370        5.74948        2        0.474604        0.422531        0.423342
Te        7.45947        5.33839        2.19458        2        0.577053        -0.304003        0.610618
Te        10.80598        3.57832        2.25210        2        0.115124        -0.147506        0.194638
Te        7.59500        8.84862        5.78172        2        -0.112167        -0.563009        0.208971
Te        10.61701        10.52601        5.80807        2        0.194366        0.716313        0.112039
Te        7.52725        8.83082        2.09670        2        0.330834        -0.103764        0.500607
Te        10.82250        6.98771        2.22251        2        0.033280        0.495066        0.530073
Te        13.98819        1.71404        5.61954        2        -0.240675        0.119670        0.563264
Te        17.04748        3.68174        5.58735        2        0.114921        -0.713896        0.068682
Te        13.69571        1.71595        2.04729        2        0.417544        0.227655        0.543686
Te        17.03190        0.14631        1.98158        2        -0.030299        -0.228157        -0.181459
Te        14.15952        5.29122        5.59478        2        -0.800617        -0.541228        1.697035
Te        17.06569        7.19149        5.55574        2        0.119128        0.053096        1.025057
Te        13.89965        5.29419        2.11168        2        -0.263714        -0.201732        0.056556
Te        17.08772        3.62124        2.04043        2        -0.403881        -0.124980        -0.030532
Te        14.03015        8.88234        5.62074        2        -0.149005        -0.141157        0.252430
Te        16.98964        0.06888        5.63437        2        0.351725        0.191652        -0.065005
Te        13.82531        8.88741        2.16100        2        0.173954        -0.561658        -0.287642
Te        17.06458        7.17603        1.96168        2        -0.295615        -0.036439        0.194102
