54
Lattice="19.173937585 0.000456147 -0.025753600 -0.000245476 10.927967962 0.000007040 0.013560576 0.000001770 30.000000000" Properties=species:S:1:pos:R:3:tags:I:1:forces:R:3 energy=-314.93082125 stress= -2.50968 -7.48988 0.91549 -0.38415 0.94094 0.19652 pbc="T T T"
Mo        2.21171        0.18522        3.93689        1        -0.813333        -2.374371        1.968037
Mo        4.40711        1.79119        4.25272        1        1.043562        1.080634        1.671888
Mo        2.16476        3.75729        4.03397        1        0.809320        -1.100481        -0.062156
Mo        4.33505        5.42291        4.20727        1        0.889704        0.294454        1.169802
Mo        2.12551        7.62699        3.87224        1        0.217307        -0.467183        0.426234
Mo        4.47557        9.13667        4.06322        1        0.512656        0.575077        0.886287
Mo        8.52256        0.00933        3.61476        1        -0.335909        0.105240        -2.184209
Mo        10.89555        1.65155        3.79033        1        -0.237915        -0.355781        -0.247113
Mo        8.44541        3.37806        3.51739        1        -0.484881        0.581190        -1.469611
Mo        10.67920        5.83546        3.57973        1        0.814060        -0.755961        0.586874
Mo        8.54613        7.37128        3.46606        1        -0.623488        0.773535        -0.321598
Mo        10.86003        9.16024        3.74495        1        -0.018723        0.171726        0.095371
Mo        15.06248        10.62916        3.77612        1        0.157865        -0.949381        2.383209
Mo        17.28806        1.86938        4.45754        1        0.522237        -0.186464        -0.658247
Mo        14.81659        3.74624        4.12187        1        0.136867        -0.106678        -0.633575
Mo        17.20502        5.23010        4.22092        1        -0.138919        0.539270        -0.414041
Mo        14.78202        7.31504        3.77225        1        1.665180        0.169586        0.531784
Mo        17.54404        8.65786        3.94312        1        -1.219577        0.823815        0.117437
Te        0.98293        2.03458        5.80198        2        -1.519936        -0.617578        -0.690627
Te        3.82181        3.49279        6.26385        2        0.371180        1.066031        -0.493486
Te        5.75319        0.31392        2.51308        2        1.712792        -1.967607        -0.731945
Te        2.94117        1.83965        2.20325        2        -1.258392        1.616298        -3.108091
Te        0.70841        5.65788        5.35669        2        -0.412527        -0.421704        0.597520
Te        3.68171        7.45369        6.15520        2        0.466992        -0.648498        -1.224252
Te        5.79263        3.41063        2.40640        2        0.478432        0.962829        0.531643
Te        2.92357        5.67648        2.06425        2        -0.961710        -0.713171        -0.418041
Te        0.82093        9.23191        5.55861        2        -0.917781        0.014564        -0.052375
Te        3.73290        10.92638        6.17654        2        0.599503        -0.508760        -0.577308
Te        5.80080        6.97706        2.48988        2        0.635729        1.451646        -0.104175
Te        3.00526        9.21909        1.88369        2        -0.838625        0.438220        0.180957
Te        7.19089        1.84220        5.27056        2        -1.148523        -0.323999        0.776882
Te        10.04286        3.71855        5.41380        2        1.599814        0.320552        1.321782
Te        12.67016        0.01601        2.30639        2        -0.689318        -0.169607        0.144265
Te        9.17091        1.77514        1.57913        2        0.488969        -0.418311        0.066840
Te        7.10243        5.46737        5.04564        2        -0.301568        -0.003956        0.142602
Te        10.15625        7.43407        5.66934        2        -0.325728        -0.182326        -0.064016
Te        12.49769        3.66342        2.45075        2        -0.454855        0.072473        0.531138
Te        8.98009        5.32287        1.59051        2        -0.157704        0.565553        -0.044942
Te        7.07858        9.34363        5.28990        2        -0.611402        -1.190258        -0.334681
Te        10.02968        10.81728        5.69190        2        1.160454        0.671532        0.820008
Te        12.45330        7.54393        2.15677        2        -0.100753        -0.716333        0.121907
Te        9.29044        9.24540        1.45574        2        -0.564668        -0.314243        1.317235
Te        13.24825        1.50884        5.36323        2        0.345563        0.749307        -0.457184
Te        16.41987        3.51212        6.24926        2        0.270933        0.895745        0.866376
Te        18.80647        0.00196        2.81072        2        0.074738        0.321868        -0.180277
Te        15.68321        1.77105        2.45400        2        0.097677        1.526910        -2.382597
Te        13.00864        5.69162        5.14514        2        0.252700        -0.435278        0.140844
Te        16.62920        7.16926        5.94337        2        -0.587030        0.068266        0.200305
Te        18.96779        3.68771        2.57398        2        -0.865126        -0.600474        0.721647
Te        15.52881        5.41913        2.07043        2        0.174629        -0.583146        -0.225454
Te        13.31140        9.09055        5.43081        2        0.073038        0.089975        -0.725605
Te        16.80761        10.63158        5.95096        2        -0.467900        -0.037109        -0.315436
Te        18.81300        6.89704        2.47218        2        0.055181        0.484251        -0.695869
Te        15.68994        8.99563        1.79191        2        0.440920        -0.288196        0.538227
