54
Lattice="19.174335959 0.000456436 -0.025753600 -0.000245188 11.746062056 0.000007040 0.013560858 0.000001769 30.000000000" Properties=species:S:1:pos:R:3:tags:I:1:forces:R:3 energy=-313.52877070 stress= -7.75505 -12.98842 0.30093 0.18825 -0.13491 0.37233 pbc="T T T"
Mo        2.31831        0.13536        3.71826        1        -0.066581        0.713608        0.145750
Mo        4.52878        2.20411        3.94272        1        -0.595513        -1.585489        -0.012275
Mo        2.14855        3.90376        3.60783        1        0.485747        0.985885        1.534090
Mo        4.64587        5.58043        4.04356        1        -1.391356        0.720224        -2.002577
Mo        2.23746        7.44042        3.94365        1        -1.147171        0.053048        -1.315429
Mo        4.11646        9.63856        4.20053        1        -0.704701        0.655234        0.190282
Mo        8.42511        11.22820        3.81366        1        0.802389        0.474134        0.113192
Mo        10.69744        1.51375        4.01554        1        -0.013056        0.492933        0.454888
Mo        8.62143        3.82629        3.52222        1        1.733654        -0.555794        -0.941567
Mo        10.87859        6.22301        3.92169        1        -0.033372        -0.682924        0.704453
Mo        8.55533        7.92076        3.86741        1        0.129170        0.489183        -0.714816
Mo        10.88464        9.72417        3.89410        1        0.324369        0.119497        -0.347721
Mo        15.01627        0.37261        3.93231        1        -0.720239        0.045063        0.346413
Mo        17.29952        2.05637        3.97301        1        -0.060594        0.288048        1.870621
Mo        14.82790        3.87547        3.87670        1        0.141130        -0.944853        0.097669
Mo        17.20614        5.90604        4.25366        1        -1.074774        -1.484291        0.219844
Mo        15.22867        8.09558        3.66304        1        -0.113510        0.398390        -0.143962
Mo        17.30408        10.23063        4.08590        1        0.060717        0.324291        0.449434
Te        0.59860        1.79366        5.26360        2        1.030698        0.897152        -0.104751
Te        3.81178        3.89035        5.80466        2        -0.582387        -0.390686        1.284538
Te        5.63699        11.41428        2.61428        2        0.062524        0.596494        0.478706
Te        2.92352        2.08798        1.81275        2        -0.471879        -0.463227        -0.466656
Te        0.69128        5.69082        5.49705        2        0.063255        0.050843        -0.624434
Te        3.89417        7.56515        5.88801        2        0.910818        -0.605449        1.228173
Te        5.99050        3.77328        2.39154        2        0.554565        0.838597        -0.512138
Te        2.93535        5.93835        1.81499        2        -0.024109        -0.695129        0.858498
Te        1.18017        9.68300        5.39337        2        -0.109219        0.450744        -0.668140
Te        3.78668        0.03440        5.94600        2        0.450771        0.485810        -0.518513
Te        5.71202        7.93800        2.78766        2        0.849714        -0.947894        0.049555
Te        2.41304        9.66618        1.97293        2        0.713692        -0.248547        0.892781
Te        7.12954        1.88013        4.74104        2        -0.162257        -0.713892        0.731112
Te        10.06184        3.96784        5.70490        2        0.706866        -0.221044        -0.078233
Te        12.36507        0.04297        2.33256        2        0.032826        0.163579        0.862598
Te        8.96435        1.49540        1.96611        2        0.064135        0.163050        -0.071893
Te        7.28691        5.71136        4.88917        2        -0.900259        0.454281        0.745307
Te        10.46144        7.98395        5.83126        2        -0.538991        -0.449362        0.858387
Te        11.97887        3.89145        2.97992        2        0.760963        -0.537813        -0.190222
Te        9.18608        5.98802        1.92963        2        -0.586632        0.119243        -0.682118
Te        6.89423        9.60312        5.39193        2        -0.223190        0.072881        -0.113400
Te        10.37140        11.42064        5.91952        2        -0.728693        0.465385        -0.284920
Te        12.54016        7.77429        2.41813        2        0.134051        0.799660        -0.240740
Te        9.19374        9.56204        1.82820        2        -0.490336        0.207277        -0.139943
Te        13.31725        1.99383        5.56008        2        0.048913        -0.103153        -0.954575
Te        16.38607        4.02939        6.08773        2        0.430381        -0.379861        -0.817497
Te        18.95696        0.26954        2.57495        2        -0.696563        -0.619094        -0.419372
Te        15.67045        2.07686        1.95980        2        -0.919908        0.446748        -0.660595
Te        13.68014        6.19338        4.81902        2        -0.779791        -0.819273        0.782414
Te        16.62033        8.03664        5.94125        2        0.381721        0.639610        -0.255135
Te        18.59783        4.21988        2.58999        2        0.712458        -0.728412        -0.292980
Te        15.58147        5.83898        2.06442        2        0.114304        0.178668        0.112244
Te        13.40760        9.76425        5.22434        2        0.829127        0.504124        -0.232746
Te        16.80258        0.29545        6.01672        2        -0.340865        -0.237221        -0.174694
Te        18.56517        7.89212        3.08491        2        0.575781        0.640252        -0.319394
Te        15.52817        10.26198        2.07895        2        0.383570        -0.507004        -0.703394
