54
Lattice="19.904050889 0.000008540 -0.000615361 -0.000005198 10.639921383 0.000045896 0.042448411 0.000094922 30.000000000" Properties=species:S:1:pos:R:3:tags:I:1:forces:R:3 energy=-313.68341410 stress= -14.84351 -2.41751 -2.97750 0.72846 -1.81205 0.97403 pbc="T T T"
Mo        2.67112        0.24180        3.91837        1        -0.663482        -1.305550        1.072262
Mo        5.95320        1.88499        3.97420        1        1.948647        0.525091        1.422793
Mo        2.51005        3.39136        4.05685        1        -0.792656        1.158572        -0.196482
Mo        5.75130        5.39097        4.07324        1        -0.186750        -1.216261        0.646501
Mo        2.56149        7.14247        3.90519        1        -0.777634        1.072464        2.381739
Mo        6.20892        8.66548        3.98087        1        -0.181216        1.311573        0.719966
Mo        9.44645        10.35697        3.76948        1        -0.052961        0.485590        0.140845
Mo        12.46601        1.86828        3.57566        1        -0.063263        0.368626        2.025400
Mo        9.17162        3.35669        3.89789        1        1.563003        0.974184        -2.587530
Mo        12.26318        5.36133        3.72284        1        0.442559        -0.239966        1.395267
Mo        9.20256        7.07367        4.01170        1        0.156322        -1.553668        -1.539897
Mo        12.60572        8.70650        3.87376        1        0.962677        1.684102        0.652238
Mo        15.58710        0.05263        4.17705        1        0.069305        0.602404        -2.164734
Mo        18.95727        1.68694        3.89309        1        0.635383        1.472136        1.663311
Mo        15.57872        3.51232        3.87281        1        1.152628        1.545454        -1.611902
Mo        18.91574        5.35908        3.86656        1        1.188850        -1.230275        -0.067303
Mo        15.71666        7.19980        3.95945        1        1.015095        0.551780        -1.359901
Mo        19.00103        8.85247        4.10618        1        0.794535        0.936462        -1.298298
Te        1.23637        1.81978        5.86394        2        0.273148        -0.528360        -0.872404
Te        4.57529        3.73346        5.86553        2        0.590535        -1.273276        -0.512615
Te        1.18955        1.77347        2.15620        2        0.718216        0.287563        0.322184
Te        5.03402        0.15222        2.32644        2        -0.697267        -1.389259        -0.592223
Te        1.25133        5.32081        5.63536        2        0.242392        0.079045        -0.183172
Te        4.85618        7.05288        6.00695        2        -0.274209        0.729019        -1.149477
Te        1.51687        5.29172        2.33248        2        -0.922630        -0.239991        -0.647462
Te        4.68092        3.56002        2.30391        2        -0.364695        0.184496        -0.087506
Te        1.38518        8.98173        5.76785        2        0.594999        0.059782        -1.105754
Te        5.22313        10.57256        5.73339        2        -0.975525        0.336938        -0.387195
Te        1.48181        9.09972        2.15665        2        -0.163746        -0.719733        1.016435
Te        4.63959        7.15855        2.38611        2        1.212123        -0.080837        -1.610343
Te        8.49005        1.52962        5.54077        2        -1.848013        -0.802936        0.947433
Te        11.20992        3.47398        5.53075        2        1.464324        0.478394        0.070726
Te        8.52607        1.67434        2.01321        2        -1.741694        -1.043106        -0.081973
Te        11.68876        10.51306        2.00686        2        -0.908581        -0.274166        -0.121753
Te        8.25901        4.98754        5.68399        2        -1.604571        1.789131        0.517405
Te        11.39828        7.12473        5.74930        2        -0.116029        -0.679664        -0.582389
Te        7.69097        5.03686        2.25037        2        1.338764        1.085387        0.150647
Te        11.27839        3.60639        1.84240        2        -0.366155        0.235064        0.668521
Te        8.39575        8.68920        5.83320        2        -0.860096        1.000899        -0.249933
Te        11.53889        0.06047        5.50834        2        0.344085        -0.530284        -0.318890
Te        8.24283        8.73642        1.95292        2        -0.665151        -0.476938        0.930126
Te        11.25491        7.24795        2.19434        2        -0.517113        -1.051729        -1.210922
Te        14.40877        2.12798        5.64445        2        -0.412879        -1.875331        0.664752
Te        17.89134        3.54494        5.60518        2        -0.668407        -0.073283        -0.211156
Te        14.48299        1.87480        1.85971        2        1.159582        -0.292929        1.021384
Te        17.78515        0.00449        2.39190        2        -0.604524        -1.174035        -0.779541
Te        14.51937        5.51377        5.50633        2        -0.730536        -1.488953        0.569317
Te        18.05879        7.06926        5.70718        2        -1.320363        -0.470937        1.058683
Te        14.49091        5.42397        2.10182        2        0.400079        -0.042387        0.390919
Te        17.75297        3.53032        2.02139        2        0.460685        -0.079483        1.027981
Te        14.66876        8.83175        5.81109        2        -0.534134        0.156217        0.332398
Te        17.81147        10.61796        5.92831        2        0.182066        0.225906        -1.013042
Te        14.73660        8.92628        2.02306        2        -0.032451        0.018596        1.425578
Te        17.86114        7.10891        2.23935        2        0.188942        0.790238        -0.709876
