54
Lattice="20.272644424 0.000008540 -0.000615361 -0.000005198 11.703913521 0.000045896 0.042448411 0.000094922 30.000000000" Properties=species:S:1:pos:R:3:tags:I:1:forces:R:3 energy=-311.80261572 stress= -22.71134 -23.32272 -0.85108 -1.23531 -0.14647 0.00027 pbc="T T T"
Mo        2.48876        11.65630        4.05969        1        0.298439        0.471588        -0.393760
Mo        6.00823        1.90759        3.73963        1        -0.520976        0.445082        0.001542
Mo        2.49327        3.80519        3.86682        1        -0.059720        0.083946        0.113545
Mo        6.04003        5.87739        3.83348        1        -0.078415        -0.261770        -0.113943
Mo        2.53722        7.88714        3.73636        1        0.179772        -1.047642        0.550906
Mo        5.99583        9.84344        3.73012        1        -0.237350        -0.586709        0.711428
Mo        9.40566        0.06669        3.95524        1        -0.188739        0.650104        -0.782122
Mo        12.72346        1.90888        3.79621        1        0.413552        0.417163        0.893910
Mo        9.45198        4.09875        3.90695        1        -0.540764        -0.437052        0.218987
Mo        12.73786        5.96793        4.02375        1        0.108711        -0.115191        -0.421472
Mo        9.37045        7.83298        3.87836        1        0.135114        0.363496        -0.117474
Mo        12.58356        9.83367        3.84791        1        0.641849        -0.107162        1.029921
Mo        16.05521        11.65579        4.10696        1        -0.671574        0.508642        0.412525
Mo        19.36720        1.75209        3.90069        1        0.239226        0.591235        0.385171
Mo        16.16861        3.82448        4.16675        1        -0.970223        -0.062724        -0.116969
Mo        19.39121        5.74754        4.04896        1        0.005033        0.137506        -0.259288
Mo        16.16455        7.91245        3.98761        1        -0.477736        -1.035351        0.020067
Mo        19.42055        9.60142        4.04153        1        0.042727        0.343829        -0.362544
Te        1.23914        1.95511        5.67112        2        0.699781        -0.238369        -0.282416
Te        4.85409        3.83456        5.43935        2        0.004485        0.159731        0.037855
Te        1.37966        1.75439        2.23277        2        -0.160582        0.269466        0.189451
Te        4.65211        11.62317        2.18421        2        0.229223        0.506138        -0.063314
Te        1.46824        5.92452        5.55577        2        0.169403        -0.250177        -0.221461
Te        4.85347        7.85517        5.40181        2        -0.031227        0.096962        0.144539
Te        1.26702        5.66509        2.17819        2        0.241256        0.533279        0.321874
Te        4.75823        3.83946        2.08206        2        0.142671        0.131300        0.443329
Te        1.43736        9.71010        5.62331        2        0.119348        -0.445394        0.390131
Te        4.94166        0.10273        5.59352        2        -0.236403        -0.505153        -0.395812
Te        1.33795        9.79963        2.25419        2        -0.120604        0.140387        -0.227140
Te        4.90223        7.74761        2.07350        2        -0.202454        0.370342        0.137740
Te        8.19249        2.03568        5.53802        2        0.249447        0.163429        -0.144684
Te        11.72914        3.93157        5.58397        2        -0.418889        -0.062712        0.012858
Te        8.28338        2.20863        2.15269        2        0.243451        -0.590975        0.338803
Te        11.52144        0.00832        2.15226        2        0.068066        0.249167        -0.212809
Te        8.28345        6.02769        5.62032        2        -0.338362        -0.529054        -0.120413
Te        11.53320        7.98703        5.64680        2        0.100956        -0.386739        -0.164902
Te        8.30792        5.95007        2.14243        2        -0.098758        -0.129577        0.085189
Te        11.68081        3.98884        2.24175        2        0.101872        0.157885        -0.147485
Te        8.27241        9.81723        5.47046        2        -0.481493        -0.046655        0.669836
Te        11.60516        0.11187        5.61653        2        -0.131388        -0.225417        -0.156069
Te        8.27412        9.81635        2.21049        2        0.163775        0.167413        -0.468083
Te        11.58758        7.84429        2.19796        2        0.162598        -0.132896        0.007709
Te        14.80528        1.95014        5.87363        2        0.368829        -0.180572        -1.153922
Te        18.37902        3.67547        5.75351        2        0.184441        0.284598        0.030636
Te        15.13385        1.93233        2.33266        2        -0.389185        0.032699        0.277178
Te        18.11700        11.54527        2.36211        2        0.716462        -0.292385        -0.625011
Te        14.95079        5.90825        5.73534        2        0.270582        0.162585        -0.228338
Te        18.25408        7.68211        5.75724        2        0.461127        0.142621        -0.060664
Te        15.05098        5.74659        2.38657        2        0.073288        0.540681        0.210743
Te        18.26293        3.80557        2.37560        2        0.127234        0.000103        -0.342918
Te        14.93882        9.74508        5.74732        2        -0.409695        -0.030456        -0.335588
Te        18.31559        11.55798        5.66089        2        0.073127        0.019347        0.578888
Te        14.91070        9.82255        2.37575        2        0.187514        -0.144736        -0.555599
Te        18.42402        7.76665        2.26199        2        -0.461702        -0.297780        0.263669
