54
Lattice="20.324373841 0.000456147 -0.025753600 -0.000245476 10.309403738 0.000007040 0.013560576 0.000001770 30.000000000" Properties=species:S:1:pos:R:3:tags:I:1:forces:R:3 energy=-314.49017332 stress= -11.79455 -3.46891 -3.43626 0.06939 0.97576 0.14651 pbc="T T T"
Mo        2.19113        9.95530        3.84095        1        0.240562        -0.808978        1.374339
Mo        4.80695        2.05899        3.90897        1        -0.543155        0.018334        -0.220756
Mo        2.39823        3.84082        4.05323        1        -0.731714        -0.845199        -0.140338
Mo        4.75383        5.19835        3.86427        1        2.383032        1.107577        0.095818
Mo        2.23486        6.92873        3.79716        1        -0.036789        -0.178864        -0.191265
Mo        4.85580        8.41450        3.81220        1        -0.466609        0.937252        -0.603494
Mo        9.01734        10.28237        3.61900        1        -0.148323        0.958961        0.034258
Mo        11.55586        1.55276        3.70810        1        -0.365585        0.414294        0.523683
Mo        9.16531        3.62647        3.64467        1        0.857923        -0.812487        1.494109
Mo        11.57603        5.16482        4.10129        1        -0.066692        0.251529        -0.248358
Mo        9.16054        6.88738        3.74903        1        -0.484950        -0.105620        0.384530
Mo        11.40937        8.52626        3.80851        1        -0.390651        -0.577318        1.381171
Mo        15.57225        10.15928        3.85698        1        1.575329        0.930463        -0.344532
Mo        18.34380        1.43111        4.29527        1        0.603133        1.584689        -1.246569
Mo        15.75715        3.26404        4.07068        1        0.788803        -0.241703        0.075284
Mo        18.15060        5.07677        4.48042        1        0.185391        0.703790        -2.484636
Mo        15.57435        7.14631        3.80054        1        2.117299        -1.035108        -0.241528
Mo        18.26830        8.43401        4.03134        1        -0.164574        0.507325        -0.209524
Te        0.80751        1.55756        5.33624        2        -0.100051        0.170944        0.239570
Te        4.26363        3.82445        5.99589        2        -0.430493        -1.653985        0.421089
Te        5.90134        0.26152        2.10213        2        1.024051        -0.178371        0.537705
Te        2.55892        1.70994        2.23676        2        0.802675        0.933877        -0.559668
Te        0.61771        5.09770        5.61304        2        0.119469        0.837431        0.447049
Te        4.04806        6.94470        5.82946        2        -0.238404        0.179206        0.100693
Te        6.70295        3.71621        2.40067        2        -1.216904        0.005077        -0.273354
Te        3.14590        5.15395        1.84775        2        -0.792261        0.288881        -0.472503
Te        0.56578        8.34897        5.56389        2        0.034727        0.488452        -0.646067
Te        4.10304        0.12525        5.75485        2        0.107157        -0.303709        -0.596935
Te        6.86182        7.21955        2.20036        2        -1.763071        -1.040616        0.610692
Te        3.06409        8.67966        1.67655        2        0.153076        -0.916679        0.765719
Te        7.31409        1.80811        5.13066        2        0.326491        -0.262193        -0.233754
Te        10.94187        3.23115        5.85016        2        -0.576018        0.236365        -0.893024
Te        13.17151        9.88357        2.19190        2        -0.044447        1.824423        0.061145
Te        9.74302        1.83550        1.66776        2        -0.095296        -0.576549        0.365994
Te        7.55880        5.05312        5.48018        2        0.087412        0.751097        -0.900043
Te        10.57635        6.81630        6.05813        2        0.736378        0.119206        -1.169493
Te        13.51052        3.31422        2.45934        2        -0.913599        0.162342        0.370379
Te        10.15362        5.26610        1.79051        2        -0.529299        -0.114940        0.281724
Te        7.25082        8.72163        5.32316        2        0.557156        -0.261962        -0.740352
Te        10.72050        10.27259        5.72855        2        -0.103552        -0.130460        -0.303163
Te        13.10050        6.75265        2.42711        2        0.605889        -0.346198        -0.317347
Te        9.71098        8.57146        1.73038        2        0.314806        0.501124        -0.553076
Te        13.85490        1.58120        5.38651        2        0.910251        -0.216976        -0.461574
Te        17.51588        3.35867        6.28619        2        -0.489711        -1.186127        0.052787
Te        19.94169        10.13083        2.57086        2        -0.176509        0.299948        0.335241
Te        16.94973        1.80270        2.04633        2        -1.054068        -0.500839        0.955004
Te        14.13916        5.21658        5.55497        2        -0.074866        -0.374717        -0.845756
Te        17.17896        7.01230        6.00172        2        -0.144810        -0.665931        0.695011
Te        20.10658        3.53527        3.03429        2        -0.665668        -0.362884        -0.354133
Te        16.59667        5.22177        2.15697        2        -0.010986        -0.569397        0.848914
Te        13.87630        8.50681        5.09486        2        -1.028319        0.832423        2.026664
Te        17.47627        10.08414        6.03488        2        -0.939366        0.222262        0.554099
Te        19.78876        6.71935        2.57827        2        0.535035        -0.235500        -0.042519
Te        16.71897        8.78061        1.85427        2        -0.272860        -0.776334        0.225193
