54
Lattice="19.173937585 0.000456147 -0.025753600 -0.000245476 10.515591813 0.000007040 0.013560576 0.000001770 30.000000000" Properties=species:S:1:pos:R:3:tags:I:1:forces:R:3 energy=-319.57865363 stress= -1.22794 -2.92180 -0.46355 -0.06394 0.96491 0.08992 pbc="T T T"
Mo        2.12619        0.03418        3.80603        1        -0.037805        -0.105738        1.563567
Mo        4.44343        1.79764        3.97738        1        -0.153719        -0.593526        0.702651
Mo        2.24223        3.53004        3.87515        1        -0.679109        -0.330185        -0.259206
Mo        4.53247        5.19451        4.13272        1        -0.435401        0.271033        0.738071
Mo        2.08820        6.89440        4.07072        1        0.957774        0.490379        -1.188233
Mo        4.37025        8.72414        4.04206        1        1.119643        -0.239693        1.348071
Mo        8.54024        10.36575        3.64893        1        0.217758        0.395104        0.905296
Mo        10.98588        1.87401        3.94577        1        -0.977329        -0.681155        -1.358146
Mo        8.58228        3.30179        3.81604        1        -0.419916        0.367482        0.702961
Mo        10.78544        5.29305        4.15243        1        0.510956        -0.024773        -1.977393
Mo        8.62432        7.09163        3.74104        1        -0.623017        -0.586256        0.529709
Mo        10.93489        8.88225        3.88484        1        -0.468827        -0.721018        -0.135207
Mo        14.96094        0.01542        3.60542        1        0.203720        0.073780        -0.343079
Mo        17.26199        1.76399        3.84674        1        -0.950710        0.250333        0.920676
Mo        14.88579        3.70156        3.84322        1        0.199929        -0.302047        -0.370098
Mo        17.30168        5.24547        4.00567        1        -1.403094        0.190324        1.169579
Mo        14.92827        7.12268        3.81517        1        -0.109386        -0.261938        -0.202070
Mo        17.24945        8.80504        4.03461        1        0.421905        -1.600515        -0.523237
Te        0.41366        1.83773        5.33267        2        0.819157        -0.273986        0.116608
Te        3.74982        3.29588        6.18295        2        0.381495        0.938179        -1.304244
Te        5.82604        10.30273        2.43621        2        1.058518        0.976248        -0.542919
Te        2.62473        1.70505        1.82330        2        0.607682        0.814253        0.351072
Te        0.46098        5.33273        5.55980        2        0.520146        -1.051518        0.187973
Te        3.89649        6.99654        6.04897        2        0.018920        -0.188464        0.537190
Te        6.05222        3.53724        2.55870        2        0.321521        -0.714934        -0.519706
Te        3.03868        5.38904        1.96734        2        -0.987531        -0.704155        0.172767
Te        0.52757        8.71289        5.58528        2        0.171253        0.786393        -0.508598
Te        3.82203        0.01219        5.97366        2        -0.195003        -0.228193        -0.368327
Te        6.17241        6.95008        2.38125        2        -0.685704        -0.003150        0.708017
Te        2.74018        8.70474        2.03034        2        -0.538559        -0.457661        -0.842342
Te        7.03308        1.54611        5.41211        2        -0.311430        0.520877        -0.571087
Te        10.20880        3.51901        5.95600        2        -0.110056        -0.638896        0.692042
Te        12.52539        0.08191        2.24540        2        -0.444787        -0.002279        0.251428
Te        9.13494        1.59078        1.82175        2        0.500011        0.920573        -0.620156
Te        6.90250        5.23104        5.48588        2        1.049333        -0.122962        -0.488709
Te        10.14725        7.08547        5.93896        2        0.238749        0.781215        0.261934
Te        12.46486        3.69119        2.40371        2        -0.183808        0.099605        0.317075
Te        9.16921        5.13909        1.92880        2        0.325093        0.041683        0.153274
Te        7.12341        8.73772        5.32234        2        -1.171203        -0.233842        0.379252
Te        10.25881        0.03897        5.75808        2        -0.375200        0.374791        0.908845
Te        12.38585        7.15835        2.35999        2        0.828275        -0.873923        0.439288
Te        9.28861        8.62747        1.72496        2        -0.107588        0.423872        -0.422484
Te        13.39520        1.78477        5.22631        2        0.147966        -0.074599        0.418598
Te        16.55709        3.53673        5.96082        2        0.167922        -0.549322        -0.474481
Te        18.86105        10.43552        2.48607        2        -0.226923        0.345060        -0.488101
Te        15.45482        1.95461        1.73511        2        0.363276        -0.343992        0.516845
Te        13.26894        5.26292        5.58989        2        0.569826        0.452120        -0.990456
Te        16.59879        7.00250        6.00124        2        -0.255859        0.138110        -0.479080
Te        18.84486        3.57919        2.51926        2        0.619681        -0.214354        -0.734606
Te        15.63884        5.31604        1.85366        2        -0.143364        0.360498        0.159858
Te        13.31108        8.92211        5.35848        2        0.578720        -0.380161        -0.471030
Te        16.49123        10.47570        5.77893        2        -0.085934        1.367329        1.381474
Te        18.91322        6.92481        2.67716        2        0.028900        0.670077        -1.020138
Te        15.88199        8.68154        1.71981        2        -0.867347        0.447871        0.660200
