54
Lattice="19.173937585 0.000456147 -0.025753600 -0.000245476 11.340344112 0.000007040 0.013560576 0.000001770 30.000000000" Properties=species:S:1:pos:R:3:tags:I:1:forces:R:3 energy=-316.21146247 stress= -7.64897 -12.86932 -2.09102 -0.08352 -0.67500 -0.30503 pbc="T T T"
Mo        2.22056        11.09009        3.76792        1        -0.758450        0.610380        1.360335
Mo        4.54861        1.76780        4.09082        1        -0.545115        0.527389        0.075134
Mo        2.29920        3.70591        3.63231        1        0.138104        -0.084421        1.064568
Mo        4.26361        5.93935        4.19695        1        0.974854        -1.147636        -0.986600
Mo        2.17005        7.57696        3.85284        1        -1.310511        1.334348        -0.513517
Mo        4.35099        9.57409        4.03994        1        1.278868        -1.238445        0.026235
Mo        8.66196        11.19864        3.91866        1        0.316639        0.212475        -0.842019
Mo        10.73193        2.23762        4.24631        1        -0.140577        -0.340428        -0.387062
Mo        8.32573        4.03724        4.01837        1        1.268729        0.371178        -0.710310
Mo        10.83994        5.93542        4.11103        1        -0.237114        -1.155250        -0.134235
Mo        8.52598        7.57620        3.91348        1        0.355720        0.259252        0.117978
Mo        10.89179        9.17234        4.12472        1        0.093509        0.434198        -0.693110
Mo        15.01478        0.17292        3.94690        1        -0.887769        1.280749        -0.791374
Mo        17.35024        1.76102        3.80050        1        -0.163363        0.666376        -0.025413
Mo        15.10806        3.71849        3.57577        1        -1.582859        -0.938892        -0.216669
Mo        17.35296        5.30076        3.73524        1        -0.298686        0.450729        -0.475558
Mo        15.05004        7.26053        3.54110        1        0.259022        -1.107447        0.612197
Mo        17.03102        9.49469        4.15124        1        0.879361        -0.228427        -0.534351
Te        0.61469        1.98532        5.24319        2        0.565109        -0.391159        -0.395885
Te        3.80541        3.74738        6.01559        2        -0.177318        0.317160        -1.368201
Te        6.13286        0.09907        2.60675        2        -0.031488        -0.470913        -0.175255
Te        2.89615        1.67533        1.99658        2        -0.033025        0.105929        -0.888811
Te        0.59764        5.64508        5.01098        2        0.198545        -0.796725        0.614757
Te        3.60457        7.63071        6.11109        2        0.478402        0.874690        -0.054240
Te        5.86065        4.00654        2.58217        2        0.072318        -0.270160        0.627482
Te        2.71342        5.74637        1.91657        2        0.325017        -0.107046        -0.082635
Te        0.51777        9.37143        5.37334        2        0.244791        0.460159        -0.164760
Te        4.00021        11.33933        5.97969        2        -0.815698        0.171505        0.366202
Te        6.08200        7.68439        2.57463        2        -1.020499        -0.193420        0.163512
Te        2.72701        9.29683        1.82774        2        0.238633        0.145698        0.140053
Te        6.99662        2.04469        5.44672        2        0.349205        -0.283310        -0.335692
Te        10.28603        4.12707        6.08498        2        -0.712327        -0.370344        -0.092573
Te        12.35352        0.13067        2.99183        2        -0.903770        -0.208045        0.180991
Te        9.05867        1.93751        2.02700        2        0.136902        0.176942        1.440265
Te        6.84784        5.97088        5.40647        2        -0.152979        -0.479032        0.540930
Te        10.11377        7.64374        6.17679        2        0.175284        -0.331731        -0.623202
Te        12.19130        3.72064        2.47894        2        0.313787        0.506843        0.164277
Te        9.18682        5.80740        1.94010        2        -0.340800        -0.595532        0.858160
Te        6.95028        9.63586        5.35899        2        0.016534        -0.525001        0.274159
Te        10.37885        11.08788        6.01166        2        -0.064901        1.140783        -0.643303
Te        12.35574        7.48422        2.41748        2        0.246867        0.066032        0.188965
Te        9.18251        9.25820        1.92821        2        0.298433        1.066719        0.687988
Te        13.42659        2.19461        5.25877        2        0.030428        -0.667351        0.186600
Te        16.70144        3.53347        5.68707        2        0.259408        0.833453        0.527492
Te        18.72649        11.18518        2.51762        2        0.692692        -0.406156        -0.502174
Te        15.56646        1.69092        1.68211        2        -0.006006        0.286044        0.975165
Te        13.56720        5.62514        5.17676        2        -0.146181        0.295048        0.023775
Te        16.79354        7.26032        5.62901        2        -0.584667        -0.066199        0.269298
Te        18.88793        3.61802        2.13333        2        0.371630        -0.071745        0.407232
Te        15.67246        5.35077        1.56457        2        -0.005712        1.027326        0.067798
Te        13.62928        9.34860        5.05733        2        0.146905        -0.554451        0.184149
Te        16.87042        0.08952        5.89005        2        -0.265099        0.334041        0.975327
Te        18.69791        7.82111        2.58594        2        0.005789        -1.121431        -0.436100
Te        15.26981        9.50375        2.14016        2        0.456825        0.211263        -1.055156
