54
Lattice="19.173937585 0.000456147 -0.025753600 -0.000245476 10.721779888 0.000007040 0.013560576 0.000001770 30.000000000" Properties=species:S:1:pos:R:3:tags:I:1:forces:R:3 energy=-319.19475799 stress= -2.67554 -4.54660 1.58348 -1.25043 -0.61127 0.40062 pbc="T T T"
Mo        1.96113        10.63663        3.95600        1        1.496740        0.364114        -1.749618
Mo        4.52246        1.68522        3.97805        1        -0.701776        0.150444        0.563155
Mo        2.23385        3.32537        3.68450        1        -0.096118        1.737262        0.756731
Mo        4.56450        5.25016        3.73091        1        -0.060077        0.210502        2.636765
Mo        2.18425        7.03722        3.74615        1        0.759750        -0.324001        0.395643
Mo        4.43412        8.80906        4.05447        1        -0.592937        0.485132        -1.066341
Mo        8.44811        10.61058        3.68385        1        1.016114        0.047374        0.922321
Mo        10.74588        1.87666        4.01162        1        0.673725        -0.313743        -0.414078
Mo        8.57720        3.62021        3.74569        1        0.079661        -0.241961        -0.421782
Mo        10.86624        5.41991        4.08809        1        -0.339335        0.105295        0.832648
Mo        8.61662        7.20833        3.70461        1        0.032207        -0.114093        0.649754
Mo        10.83639        8.95361        4.09912        1        -0.708453        -0.156400        -1.535327
Mo        14.93282        0.02555        3.75070        1        0.280201        -0.043406        0.880287
Mo        17.14905        2.06928        4.06396        1        0.687279        -0.081786        0.437052
Mo        14.88736        3.76333        4.03442        1        0.017223        0.410130        -0.620408
Mo        17.29535        5.30580        4.02766        1        0.542213        1.289700        -0.020884
Mo        14.98332        7.08482        3.99943        1        -0.901256        1.385678        0.099005
Mo        17.24888        8.74986        4.10663        1        0.238886        0.363906        -0.722672
Te        0.53029        1.90818        5.33277        2        -0.001398        -0.118623        0.244590
Te        4.00156        3.51639        5.89807        2        -0.453229        0.263018        -0.995872
Te        5.90551        10.65887        2.44786        2        0.446783        -0.624663        -0.556338
Te        2.86624        1.54334        1.94113        2        -0.427261        -0.296559        -1.322400
Te        0.76200        5.29826        5.31454        2        -0.546273        -0.177008        -0.096296
Te        3.94444        7.04414        5.95416        2        -0.344703        -0.718823        -0.885849
Te        6.23161        3.44396        2.31721        2        -1.120998        0.356033        -0.235881
Te        2.87153        5.18980        1.75260        2        -0.706320        0.233920        -0.316308
Te        0.62036        8.95203        5.39831        2        -0.745375        -1.228583        0.627825
Te        3.74205        10.61937        5.94657        2        0.437512        0.344016        0.229052
Te        6.17406        7.13752        2.44120        2        -0.754702        0.062041        -0.494671
Te        2.62429        8.86137        1.87699        2        0.500824        0.508246        0.441154
Te        6.99341        1.81352        5.12277        2        0.123893        -0.594612        1.000451
Te        10.04139        3.61416        5.96494        2        0.486873        0.094332        0.334784
Te        12.39438        10.50643        2.47764        2        0.308312        1.288085        -0.058262
Te        9.04846        1.69608        1.84290        2        0.750582        0.636764        -0.347012
Te        6.90963        5.26396        5.20559        2        0.521098        0.624127        0.107833
Te        10.13843        7.22453        6.01810        2        -0.172128        -0.282740        -0.167271
Te        12.35591        3.57687        2.65362        2        0.918889        0.334135        -0.529972
Te        9.37272        5.35945        1.88229        2        -0.252157        0.180898        -0.742605
Te        6.95002        8.89472        5.25177        2        0.249663        -0.066088        0.305241
Te        10.23408        0.12521        5.84819        2        -0.883305        -0.516815        0.925368
Te        12.42719        7.14730        2.58672        2        0.555750        0.032549        0.160134
Te        9.28793        9.00480        1.68963        2        0.070434        -0.679802        1.000271
Te        13.40440        1.85480        5.42716        2        -0.616452        -0.187799        -0.053797
Te        16.72329        3.81200        6.07842        2        -0.388812        -1.013729        0.485504
Te        18.65073        0.08540        2.59357        2        -0.007484        -0.241409        0.031747
Te        15.45831        2.08251        2.07287        2        -0.225304        -0.603778        -1.329489
Te        13.31827        5.45905        5.65001        2        0.144244        0.127013        -0.317361
Te        16.72334        7.12650        6.08857        2        -0.124189        -0.331869        0.085412
Te        18.75427        3.59556        2.25087        2        -0.021489        -0.176536        0.676863
Te        15.53733        5.60787        1.97886        2        -0.014171        -1.511368        -0.280386
Te        13.25929        9.13838        5.44244        2        0.884311        -0.617087        0.026697
Te        16.67021        0.04226        5.85667        2        -0.352753        0.217969        0.092513
Te        18.86072        7.15464        2.45220        2        -0.408996        -0.244050        0.110268
Te        15.66473        8.96405        1.92109        2        -0.279955        -0.335074        0.278175
