54
Lattice="18.798270284 0.000008540 -0.000615361 -0.000005198 10.639921383 0.000045896 0.042448411 0.000094922 30.000000000" Properties=species:S:1:pos:R:3:tags:I:1:forces:R:3 energy=-314.40525391 stress= -3.30788 -1.19565 -5.61313 -0.56418 2.76570 0.54706 pbc="T T T"
Mo        2.52614        0.30741        3.87187        1        -0.068489        -0.554139        0.195292
Mo        5.46437        1.56109        3.86757        1        0.248919        1.842715        1.535687
Mo        2.12810        3.57365        3.89343        1        0.213712        0.481174        -0.321895
Mo        5.69094        5.22733        3.98857        1        -1.209141        1.011057        -0.690276
Mo        2.36950        7.26288        4.05352        1        -0.553673        -1.917073        -1.231588
Mo        5.29067        8.77179        3.94839        1        0.906452        1.423385        0.749046
Mo        8.63245        10.63776        3.97911        1        0.032905        0.631539        1.843015
Mo        11.81909        1.70851        4.16170        1        -0.851986        0.441291        -0.087942
Mo        8.60984        3.69704        3.94524        1        -0.826480        0.503649        0.664408
Mo        11.66539        5.45629        4.11748        1        0.533650        -1.376858        0.784079
Mo        8.73251        7.05415        4.01097        1        -1.549411        1.108434        -0.013976
Mo        11.78073        8.77886        4.14976        1        0.113399        0.391779        -0.375115
Mo        14.87816        10.52783        3.75691        1        -1.234913        0.344214        0.060590
Mo        18.12276        1.40132        3.37248        1        0.736548        2.455970        1.954037
Mo        14.92467        3.33222        3.93652        1        0.932989        0.414687        0.130210
Mo        18.28537        5.44351        3.82875        1        0.882643        -1.252975        1.588867
Mo        14.98612        6.95140        3.90461        1        0.386624        0.220086        -1.106397
Mo        18.13286        8.92842        3.84307        1        -0.093229        -1.946825        -2.397938
Te        1.11267        1.83162        5.74921        2        1.207451        -1.032342        -1.113059
Te        4.19877        3.44886        5.62571        2        1.222258        -0.181329        -0.336908
Te        1.24619        2.07198        1.71286        2        1.677852        -1.193949        0.547344
Te        4.54455        10.58959        2.05811        2        -0.483821        -0.144402        -0.669145
Te        1.38045        5.28281        6.04668        2        -0.302631        0.708654        -1.916352
Te        4.33992        6.96331        5.75773        2        0.824335        -0.027745        0.460424
Te        1.62326        5.49319        1.99342        2        -1.084636        0.106347        1.029728
Te        4.44533        3.61034        2.15175        2        -0.004196        -1.041747        0.646802
Te        1.33188        9.10385        5.64740        2        0.213667        0.440994        0.240695
Te        4.66317        10.62824        5.92997        2        -1.528738        0.088204        -1.082513
Te        1.60986        9.06072        2.09529        2        -1.045488        0.019705        0.653702
Te        4.40920        7.00854        2.19878        2        0.545290        -0.291035        -0.014248
Te        7.48693        1.99425        5.74876        2        0.084810        -0.823618        -0.383216
Te        10.46241        3.45187        5.88746        2        1.414599        0.797741        -0.464364
Te        7.66943        1.74978        2.34506        2        -0.156813        0.801459        -1.886164
Te        10.83971        10.51611        2.26587        2        -0.397788        0.648589        0.672768
Te        7.54775        5.68330        5.86925        2        0.243885        -2.360419        0.366661
Te        10.68515        7.14972        6.05973        2        0.064093        -0.132480        -0.785949
Te        7.60749        5.26438        1.92066        2        0.014346        0.689783        1.389366
Te        10.67037        3.88614        2.18282        2        0.246424        -1.814589        0.677819
Te        7.30981        8.85283        5.78463        2        1.281893        0.179788        -0.646293
Te        10.43847        10.62669        5.89352        2        1.752294        -0.253546        0.055915
Te        7.53733        9.01484        2.30529        2        -0.239024        -1.968206        -0.716687
Te        10.69374        7.11788        2.33729        2        0.763622        0.541273        -1.365485
Te        14.05817        1.89119        6.07108        2        -0.661725        -1.087473        -1.724888
Te        17.42894        3.24732        5.35085        2        -1.977671        1.311107        -0.701888
Te        13.65474        1.73601        2.19858        2        0.442544        -0.330013        -0.296295
Te        16.74701        10.51045        1.74714        2        0.508734        -0.796912        0.119296
Te        13.97086        5.23752        5.67404        2        -0.359489        -0.255491        0.350250
Te        17.04089        7.12465        5.70373        2        0.574415        -0.203267        -0.504973
Te        13.74616        5.01673        2.22645        2        0.321892        1.349372        0.220477
Te        17.35312        3.61214        1.90149        2        -1.675027        0.027855        0.654248
Te        14.03054        8.76138        5.71687        2        -0.384942        0.282040        -0.347770
Te        16.97205        0.00027        5.27212        2        -0.111580        0.357146        2.847039
Te        13.88424        8.62497        1.94451        2        -0.385342        0.119377        1.594582
Te        17.22465        6.98017        2.11055        2        -1.214800        1.244557        -0.850665
