54
Lattice="20.272644424 0.000008540 -0.000615361 -0.000005198 10.639921383 0.000045896 0.042448411 0.000094922 30.000000000" Properties=species:S:1:pos:R:3:tags:I:1:forces:R:3 energy=-315.76502057 stress= -20.23628 -5.59408 -4.97548 -2.93304 2.42332 0.52391 pbc="T T T"
Mo        2.41630        10.62805        3.80484        1        0.035556        -0.009838        0.699731
Mo        5.94597        1.73487        3.79630        1        -0.413198        0.212843        0.325816
Mo        2.35395        3.47303        3.92247        1        0.180722        -0.132852        -0.029312
Mo        5.74756        5.27968        3.98884        1        0.883282        0.420595        0.178395
Mo        2.52545        7.10247        3.80691        1        0.432804        -0.024723        0.460367
Mo        5.87144        8.69418        4.05029        1        0.458294        1.287937        -0.141524
Mo        9.53257        10.42064        4.06700        1        0.076943        0.819581        -0.367071
Mo        12.84946        1.98941        3.87808        1        0.404451        -0.105285        0.302757
Mo        9.43975        3.61232        3.90562        1        0.302598        -0.014738        0.099351
Mo        12.72680        5.43271        3.73376        1        -0.073208        -0.505918        0.028389
Mo        9.22991        7.09154        3.95561        1        0.800497        0.563846        0.742016
Mo        12.98806        8.93064        3.81936        1        0.575516        -0.678832        1.384241
Mo        16.14991        0.15017        4.14392        1        -0.070629        -0.217789        -0.117644
Mo        19.31857        1.82148        4.13487        1        0.656045        -1.124608        -0.958746
Mo        16.19276        3.40838        3.94276        1        -1.395929        0.631049        -0.068023
Mo        19.33837        5.27704        3.86932        1        0.287001        -0.247763        -0.619840
Mo        16.39538        7.10191        3.77364        1        -1.198527        0.288722        0.739971
Mo        19.46931        8.78457        4.06995        1        0.305128        0.048871        -0.543629
Te        1.24432        1.70582        5.76348        2        0.564328        0.172790        -0.420051
Te        4.64090        3.53347        5.63333        2        -0.204338        -0.780858        0.033186
Te        1.09059        1.68730        2.16662        2        0.394145        0.548487        0.418974
Te        4.71987        10.42388        2.13568        2        0.213120        0.599908        0.673940
Te        1.19248        5.37487        5.54361        2        0.915444        -0.298524        0.171273
Te        4.63209        7.09853        5.86688        2        -0.028832        -0.435233        -1.073479
Te        1.34834        5.23926        2.10163        2        -0.201479        0.222093        0.281749
Te        4.58453        3.57627        2.18161        2        0.252238        -0.577364        0.119202
Te        1.46108        8.86489        5.66401        2        -0.002968        -0.114937        -0.255004
Te        4.63821        0.12769        5.59822        2        0.355304        -0.685551        -0.416925
Te        1.28762        8.84625        2.06447        2        0.118369        -0.134308        0.564362
Te        4.96012        7.01990        2.13616        2        -1.040962        0.170160        0.124375
Te        8.33968        1.77308        5.52333        2        -0.542031        -0.395761        0.815229
Te        11.53251        3.91740        5.69251        2        0.474551        -0.964140        -0.941296
Te        8.38705        1.64889        2.33659        2        -0.185135        -0.114213        -0.712485
Te        11.95388        10.62750        2.22978        2        -1.417397        1.172734        -0.839269
Te        8.02858        5.25957        5.72410        2        0.314433        0.147766        -0.613028
Te        11.80761        7.22264        5.63363        2        -0.793859        -0.018733        -0.651362
Te        8.12466        5.29752        2.29778        2        -0.518418        0.082080        -0.518118
Te        11.68280        3.54432        1.89830        2        -0.320544        0.427816        1.236150
Te        8.16190        8.85126        5.87434        2        0.064183        -0.415498        -0.899949
Te        11.91659        0.13771        5.69330        2        -0.612960        -0.526048        -0.644657
Te        8.13198        8.90759        2.22249        2        0.125422        -0.536791        0.572644
Te        11.62926        7.22470        2.06188        2        -0.506144        0.137369        0.446938
Te        14.76437        1.86482        5.92728        2        0.946100        0.275647        -1.159502
Te        18.20685        3.60109        5.72053        2        -0.051657        0.248658        0.791029
Te        15.17942        1.71043        2.09139        2        -0.739712        0.500524        0.810586
Te        18.34655        10.56448        2.39393        2        -0.259377        0.543956        0.120749
Te        14.91418        5.41168        5.41551        2        0.556830        -0.385608        0.226926
Te        18.43639        6.96689        5.74649        2        -0.845170        0.392448        -0.020259
Te        15.00403        5.20837        2.05669        2        0.465230        0.433591        0.691775
Te        18.24917        3.36224        2.16477        2        0.283028        0.610990        -0.007056
Te        15.12066        8.78603        5.65646        2        0.051792        -0.011367        -0.081738
Te        18.24569        0.01289        5.95825        2        0.389921        -0.228829        -0.686687
Te        15.29632        9.14222        2.22204        2        -0.507579        -1.386702        -0.307984
Te        18.46354        7.08808        2.06235        2        0.083444        0.114146        0.025783
