54
Lattice="21.378425029 0.000008540 -0.000615361 -0.000005198 12.342308804 0.000045896 0.042448411 0.000094922 30.000000000" Properties=species:S:1:pos:R:3:tags:I:1:forces:R:3 energy=-298.14347612 stress= -27.46565 -27.23191 -0.21170 -0.15067 -0.85734 0.02371 pbc="T T T"
Mo        2.87586        0.09877        4.09997        1        -0.182926        -0.100068        -0.028003
Mo        6.10485        2.04775        3.97137        1        0.564663        0.111436        -0.235018
Mo        2.60331        4.08157        4.07615        1        0.234646        0.313324        -0.360851
Mo        6.14850        6.08078        3.85413        1        0.431591        -0.225775        0.063283
Mo        2.83268        8.29305        3.88414        1        -0.191008        -0.170657        -0.190378
Mo        6.40276        10.31637        3.62701        1        -0.551919        0.306406        0.777371
Mo        9.83326        0.11078        3.73931        1        -0.386281        -0.470000        0.104132
Mo        13.29858        1.92956        4.14028        1        0.310479        0.147391        -0.323492
Mo        9.71496        4.04839        3.80463        1        0.210068        0.266155        -0.375007
Mo        13.35657        6.10023        3.80519        1        0.454727        0.134618        0.545647
Mo        9.94428        8.19122        3.68739        1        -0.570402        0.239101        0.592534
Mo        13.42635        10.17673        3.92525        1        -0.356237        0.254796        -0.166453
Mo        17.01197        12.12211        3.99058        1        -0.343319        0.274275        0.216452
Mo        20.59073        2.12500        4.04044        1        0.255716        -0.108354        0.008806
Mo        16.92814        4.03141        3.84698        1        0.860218        -0.367837        0.366693
Mo        20.40728        6.39079        4.08196        1        0.150340        -0.058573        -0.226079
Mo        16.83521        8.26958        3.88487        1        0.741969        -0.594933        0.109507
Mo        20.64069        10.34038        4.04579        1        -0.285921        0.546417        -0.285986
Te        1.58701        2.04375        5.64585        2        -0.267380        0.030375        0.305921
Te        5.03162        4.02453        5.66778        2        -0.159477        0.333727        -0.409533
Te        1.56234        2.03498        2.34428        2        -0.130791        0.232943        0.406390
Te        4.93044        0.11888        2.20747        2        0.560644        -0.244382        0.495782
Te        1.33840        6.49570        5.69187        2        0.406004        -0.260604        -0.193832
Te        5.21026        8.18289        5.35685        2        0.090408        0.354350        0.279063
Te        1.35332        6.17317        2.52019        2        0.448410        0.175113        -0.361562
Te        4.83972        4.04964        2.34337        2        -0.011404        0.019207        0.068747
Te        1.91572        10.26774        5.64159        2        -0.517400        0.144964        0.265847
Te        5.25131        0.01840        5.67287        2        -0.085688        -0.271267        -0.762866
Te        1.65517        10.47036        2.48095        2        -0.137597        -0.379049        -0.479862
Te        5.26118        8.19626        2.10551        2        -0.456713        0.041341        0.242995
Te        8.59338        2.05447        5.42369        2        -0.167785        -0.018230        0.260047
Te        12.13728        4.12393        5.46933        2        -0.117730        -0.186028        0.437494
Te        8.49253        2.14461        2.17286        2        -0.080903        -0.256247        0.110589
Te        12.13899        12.28323        2.31113        2        0.644002        0.201537        -0.010091
Te        8.60331        6.08844        5.33356        2        -0.068923        0.381413        0.623253
Te        12.22438        8.17410        5.52850        2        -0.225904        -0.208390        -0.119476
Te        8.54172        6.15490        2.20417        2        0.118899        -0.152182        -0.201627
Te        12.14848        4.05124        2.36286        2        0.068853        -0.326648        -0.406381
Te        8.80850        10.41901        5.37060        2        -0.338695        -0.498362        -0.410292
Te        12.11363        12.28052        5.62335        2        -0.043773        -0.144279        -0.397129
Te        8.64717        10.32122        2.05736        2        0.445680        0.070632        0.254867
Te        12.31112        8.15463        2.31280        2        0.062558        0.132072        -0.710687
Te        15.73938        1.91898        5.65655        2        -0.004312        -0.016842        -0.450716
Te        19.53407        4.33655        5.65273        2        -0.628333        -0.580962        -0.144252
Te        15.76529        1.84363        2.43853        2        -0.114378        0.111878        0.154694
Te        19.36425        0.13827        2.43802        2        0.252473        -0.445078        -0.040915
Te        15.86896        6.09855        5.50694        2        -0.504618        -0.022116        0.091502
Te        19.12709        8.41744        5.53784        2        0.253687        -0.042929        0.300633
Te        15.82070        5.97602        2.36559        2        -0.329038        0.419480        -0.659466
Te        19.46964        4.15408        2.37084        2        -0.422924        0.108652        0.319861
Te        15.61744        10.06586        5.55648        2        0.361947        0.470892        0.361002
Te        19.39649        12.31999        5.67639        2        -0.027944        0.068077        -0.017603
Te        15.80171        10.15350        2.23778        2        -0.321738        0.577111        -0.135086
Te        19.29749        8.52983        2.29109        2        0.127709        -0.332207        0.287609
