54
Lattice="18.429676749 0.000008540 -0.000615361 -0.000005198 11.916711949 0.000045896 0.042448411 0.000094922 30.000000000" Properties=species:S:1:pos:R:3:tags:I:1:forces:R:3 energy=-313.12699071 stress= -4.92978 -17.60988 3.00381 0.56716 -1.26626 -0.27621 pbc="T T T"
Mo        2.26355        11.86546        4.23282        1        -0.386752        0.747484        -0.986399
Mo        5.44051        1.92395        4.05643        1        0.463801        0.643547        -0.688974
Mo        2.27185        3.98038        3.93286        1        0.158218        1.242443        -0.958956
Mo        5.57846        6.00687        3.78092        1        -1.392293        -0.748079        1.827880
Mo        2.30309        8.02015        3.76724        1        -0.639350        0.138378        1.117377
Mo        5.46847        9.80945        4.19641        1        -0.793164        0.356058        0.982952
Mo        8.46798        11.74389        4.00556        1        0.058387        -0.271422        0.352295
Mo        11.42709        1.83540        3.92648        1        0.768271        -0.865057        -0.364256
Mo        8.65669        3.95355        3.89772        1        -0.344642        0.503921        1.115566
Mo        11.75834        5.81773        3.90328        1        -1.239476        -0.223401        -0.340703
Mo        8.47973        7.97518        4.10328        1        -0.709983        0.458633        -2.293927
Mo        11.67835        9.83266        3.93053        1        -2.638022        1.024501        -1.760658
Mo        14.45139        11.81885        3.70880        1        -0.083890        -0.186904        0.640813
Mo        17.43600        2.28945        4.16514        1        1.149012        -2.625705        -2.229512
Mo        14.72020        3.92829        3.90941        1        -1.392904        0.635546        -0.222637
Mo        17.53377        6.05891        3.74071        1        0.113799        0.463585        0.952691
Mo        14.41145        8.01471        3.75766        1        0.389792        -1.193216        0.080285
Mo        17.66174        10.07349        3.80921        1        -1.098591        0.382053        1.034317
Te        1.28523        2.27873        5.76537        2        -0.154517        -0.909212        0.488235
Te        4.46690        3.99388        5.54550        2        0.088378        0.395045        0.489707
Te        1.11607        1.88979        2.50902        2        0.820781        0.192237        -0.592193
Te        4.49024        11.78083        2.57758        2        -0.702305        0.178923        -0.926022
Te        1.17775        6.10878        5.49045        2        0.378314        -0.162807        -0.018806
Te        4.24995        7.60538        5.70206        2        0.477115        0.943303        -0.480924
Te        1.29411        6.08775        2.02145        2        0.134405        -0.360639        0.521599
Te        4.48156        4.07558        2.18835        2        -0.233099        -0.954251        -0.023858
Te        1.20978        9.99851        5.85329        2        -0.136954        -0.623264        -0.944889
Te        4.41994        0.10632        5.84701        2        0.306742        -0.629252        0.554514
Te        1.22361        10.12737        2.15900        2        1.350360        -0.081362        -0.118643
Te        4.60823        8.04369        2.31947        2        -0.689623        0.003426        -0.940857
Te        7.68684        2.01414        5.57563        2        -0.360333        -0.120753        1.112526
Te        10.88868        3.75994        5.69153        2        -1.140086        1.178621        -0.137079
Te        7.68957        1.81615        2.40012        2        -1.057491        0.757271        -1.066144
Te        10.45495        11.75650        2.10521        2        0.368188        -0.177788        0.896287
Te        7.50074        6.13924        5.71311        2        0.161420        -1.421780        0.224129
Te        10.64710        7.89117        5.50374        2        1.244537        -0.708141        1.284304
Te        7.62296        5.95804        2.17667        2        0.883145        0.058096        -0.231142
Te        10.58930        3.67362        2.15760        2        0.429543        1.278518        -0.436578
Te        7.52825        9.81487        5.92549        2        -0.036202        0.240366        -0.029478
Te        10.44111        11.70626        5.72984        2        1.359753        0.155606        -0.029185
Te        7.34969        9.93346        2.35613        2        0.661215        -0.497674        -0.502657
Te        10.38225        8.07105        2.10214        2        0.772424        -0.710937        0.827247
Te        13.68045        1.88028        5.50492        2        -0.383420        -0.154593        0.032797
Te        16.67798        4.06181        5.74462        2        -0.407713        1.938937        1.325925
Te        13.49340        1.99917        2.08015        2        0.240700        -0.262565        0.545447
Te        16.51868        0.20664        2.12756        2        0.880691        -0.108406        -0.037896
Te        13.91607        5.88946        5.61377        2        -1.211500        0.394203        -0.257922
Te        16.47010        8.13469        5.37901        2        1.288983        -0.289806        1.052588
Te        13.66667        5.92988        2.03132        2        -0.158442        -0.439490        0.430836
Te        16.65143        4.13645        2.19604        2        0.620008        -1.080029        -1.331213
Te        13.62317        9.84289        5.55832        2        0.689937        0.649662        1.320256
Te        16.48574        0.11147        5.59717        2        0.323173        -0.518506        -0.220289
Te        13.50419        9.73846        1.97077        2        -0.077406        1.127206        -0.403367
Te        16.52812        8.07277        2.11870        2        0.808917        0.225858        -0.603924
