54
Lattice="20.707852593 0.000456147 -0.025753600 -0.000245476 11.134156037 0.000007040 0.013560576 0.000001770 30.000000000" Properties=species:S:1:pos:R:3:tags:I:1:forces:R:3 energy=-313.69858337 stress= -14.01132 -12.45149 -1.26522 0.66554 0.33746 -0.72659 pbc="T T T"
Mo        2.26201        0.35535        3.97937        1        0.768879        -0.839504        0.754914
Mo        4.88322        1.74539        3.97143        1        0.282575        0.469293        0.350755
Mo        2.39369        3.68220        3.91253        1        0.210267        0.662351        1.484101
Mo        4.96109        5.29889        3.93535        1        -0.552161        -0.114044        -0.925721
Mo        2.38554        7.02322        3.97683        1        -0.164233        -0.386059        -0.011011
Mo        4.96840        9.48385        3.91488        1        -1.037152        0.831281        -0.396860
Mo        9.26516        0.03798        3.70831        1        -0.717411        -0.426790        -0.494112
Mo        11.52003        1.75117        3.96120        1        1.085317        0.326188        -0.068885
Mo        9.13923        3.41823        3.75399        1        0.270690        -0.967661        -1.097778
Mo        11.60819        5.21863        3.86049        1        0.163160        -0.001038        -0.523374
Mo        9.19574        7.62851        3.86925        1        -0.608226        0.583626        -1.445730
Mo        11.60850        9.64198        3.81480        1        0.154453        -0.269837        0.216849
Mo        16.32131        0.05111        3.86030        1        -0.950548        -0.195046        -0.904626
Mo        18.75969        1.94852        4.16050        1        -0.975012        0.249164        -0.198578
Mo        16.06832        3.40299        4.09116        1        -0.234243        -0.246655        -2.113043
Mo        18.63120        5.44649        3.97306        1        -0.343507        -0.217250        0.922670
Mo        16.11598        7.75484        3.89717        1        -1.047066        -0.197818        -1.626890
Mo        18.56124        9.72230        3.98600        1        0.988979        -0.296800        -0.130785
Te        0.92171        1.90985        5.77078        2        -0.114372        0.125738        -0.839341
Te        4.39212        3.62846        5.89817        2        -0.569135        -0.286715        -0.062947
Te        6.58255        0.13336        2.29660        2        -0.347777        -0.488231        0.569277
Te        3.01777        1.98865        2.04130        2        0.163620        -0.806390        -1.115487
Te        0.79820        5.42586        5.52792        2        0.249766        0.295299        -0.614369
Te        4.39608        7.36769        5.65982        2        -0.054586        0.011312        0.234842
Te        6.64556        3.52787        2.47169        2        -0.789511        -0.213548        -0.091551
Te        3.14210        5.44365        1.91884        2        -0.010068        0.129103        0.495291
Te        0.68223        9.06267        5.23650        2        0.300661        0.770494        -0.246030
Te        4.27520        0.05323        5.92978        2        -0.435830        -0.428499        -0.298331
Te        6.45296        7.49381        2.58259        2        -0.282326        -0.025920        0.206839
Te        2.66605        9.21377        2.31004        2        1.006452        0.400754        -0.007137
Te        7.73950        1.65047        5.44228        2        -0.807391        0.324810        -0.363956
Te        10.74104        3.59469        5.78860        2        0.698972        0.211400        1.098826
Te        13.37023        0.19563        2.43407        2        -0.144559        -0.634492        0.048016
Te        10.04097        1.64820        1.72536        2        -0.513977        0.911198        0.344823
Te        7.55943        5.52751        4.77670        2        0.732307        -0.212067        0.557534
Te        11.24570        7.44720        5.49337        2        -0.263939        0.058963        0.763815
Te        13.39518        3.60933        2.50104        2        -0.416848        0.239318        0.380484
Te        9.59998        5.47566        2.01129        2        0.809507        0.402265        0.309850
Te        7.45966        9.29883        5.23196        2        0.557550        0.209182        -0.186198
Te        10.82922        0.03164        5.90956        2        0.281754        -0.203389        -0.102175
Te        13.02813        7.47801        2.77453        2        0.588803        -0.289983        -0.441234
Te        9.73995        9.27389        1.72168        2        0.395361        -0.073808        1.232975
Te        14.15362        1.90794        5.19872        2        0.643981        -0.516017        0.326789
Te        17.84498        3.66371        5.99231        2        0.426070        0.911551        0.542043
Te        20.34593        0.27437        2.76184        2        0.494877        -0.220060        -0.563899
Te        17.09791        1.83406        1.96062        2        -0.334512        0.300652        1.016472
Te        14.53441        5.49875        5.14155        2        0.085562        0.442514        -0.227015
Te        17.95383        7.57269        5.65620        2        0.507843        -0.127402        0.824215
Te        20.30528        3.87842        2.81530        2        0.991195        -0.916234        -0.574290
Te        16.70098        5.36493        2.10982        2        -0.024652        0.656800        1.035136
Te        14.46153        9.43854        5.10754        2        -0.189983        0.193597        0.005301
Te        17.95551        0.14408        5.99508        2        -0.215040        0.146955        0.822339
Te        20.19315        7.58291        2.84817        2        -0.322144        -0.495671        0.313051
Te        16.98255        9.30415        1.81593        2        -0.412083        0.237614        0.823925
