54
Lattice="18.429676749 0.000008540 -0.000615361 -0.000005198 11.491115093 0.000045896 0.042448411 0.000094922 30.000000000" Properties=species:S:1:pos:R:3:tags:I:1:forces:R:3 energy=-315.13109746 stress= -5.68717 -13.95811 -3.57332 0.35437 1.18036 0.72343 pbc="T T T"
Mo        2.28474        0.13876        4.18486        1        0.670586        -0.084261        -2.458516
Mo        5.38623        1.92411        3.98464        1        0.753571        0.656252        -0.160663
Mo        2.33986        3.78994        3.99944        1        -0.204411        1.549471        -0.867266
Mo        5.38841        5.61384        3.73273        1        -0.231319        0.674594        0.272833
Mo        2.55050        7.78024        3.59552        1        -1.413502        0.493637        2.389498
Mo        5.19121        9.77615        3.95730        1        1.794169        -0.473672        -0.218333
Mo        8.48747        11.40860        4.04569        1        0.338335        1.315911        -0.424647
Mo        11.47056        2.06071        4.09034        1        1.388200        -0.325059        0.700310
Mo        8.36138        3.61903        4.03974        1        1.715167        2.571187        -0.260812
Mo        11.60744        5.83110        3.97399        1        -0.295500        -0.948411        -0.481228
Mo        8.29658        7.53099        4.06538        1        0.466257        -0.150267        -0.109116
Mo        11.46835        9.36642        3.96543        1        -0.178147        2.103326        0.826049
Mo        14.58038        11.37514        3.89762        1        -0.552485        0.997630        0.467345
Mo        17.50377        1.83177        3.92810        1        1.605373        -0.584911        -1.110223
Mo        14.59598        3.73004        3.98374        1        -0.356851        -0.608110        0.373947
Mo        17.59996        5.81555        3.68239        1        1.151823        -0.485238        0.310801
Mo        14.87463        7.59209        3.83742        1        -2.571791        -0.093809        0.780331
Mo        17.70056        9.70818        3.77660        1        -0.933105        -1.100610        0.997918
Te        1.16483        2.01143        5.74088        2        0.013326        -0.033589        0.474680
Te        4.38729        3.95561        5.65735        2        0.081558        -0.599511        0.394612
Te        1.40035        2.07581        2.26866        2        -1.019023        -1.401587        -0.154430
Te        4.39515        0.21685        2.15388        2        -0.724093        -0.630618        0.778687
Te        1.29026        5.96047        5.43105        2        0.643915        -0.199488        -0.153105
Te        4.54836        7.65393        5.50520        2        -0.888761        -0.090563        -0.151281
Te        1.47887        5.93342        2.07330        2        -0.806162        -1.541902        -0.313296
Te        4.42245        3.70672        2.09048        2        -0.514340        -0.141009        0.328087
Te        1.22172        9.55014        5.64485        2        0.917721        0.062491        -0.333405
Te        4.39216        0.23633        5.87384        2        -0.181761        -0.845135        -0.303661
Te        1.36405        9.81683        2.10069        2        0.638797        0.192657        0.311011
Te        4.45930        7.42346        1.82179        2        0.693848        1.043555        0.378981
Te        7.48721        1.86810        5.79471        2        -0.408081        -0.743667        0.187939
Te        10.59444        4.04646        5.81601        2        -0.658284        -0.587575        -0.450703
Te        7.56197        2.03039        2.16468        2        -0.705818        -2.004985        0.040044
Te        10.70189        0.15374        2.36977        2        -1.272953        -1.318752        -0.130279
Te        7.27107        5.59266        5.68131        2        0.536600        -0.144244        0.149884
Te        10.57805        7.47601        5.85227        2        -0.888774        0.749513        -0.454522
Te        7.47192        5.48475        2.01722        2        0.303340        0.473879        1.193441
Te        10.58905        3.79773        2.24783        2        -0.603909        0.842866        0.328271
Te        7.51894        9.57160        5.78391        2        -0.874280        -0.044448        -0.329541
Te        10.61879        0.19046        5.87093        2        -0.505759        -1.183600        -0.659033
Te        7.41538        9.50720        2.29751        2        -0.318216        0.488008        0.309021
Te        10.31122        7.67869        2.35990        2        0.632333        -0.896841        -1.408437
Te        13.60147        1.89147        5.87822        2        0.166336        -0.118621        -1.177472
Te        16.79954        3.81763        5.45247        2        -0.628640        0.891589        1.608738
Te        13.36302        1.86593        2.12641        2        1.288028        0.099870        1.098738
Te        16.56958        11.46072        1.97568        2        0.037254        0.302793        0.843139
Te        13.60917        5.75457        5.80404        2        1.070058        -0.096353        -0.938587
Te        16.83224        7.47396        5.67710        2        -0.341907        1.113401        -0.574617
Te        13.80095        5.48552        2.22092        2        -0.868842        1.733395        -0.355052
Te        16.62708        3.69283        2.13359        2        -0.119229        0.174974        -0.423604
Te        13.50552        9.36055        5.63367        2        1.373098        0.174461        -0.047260
Te        16.58031        11.45884        5.72714        2        0.195519        -0.387904        -0.571950
Te        13.52687        9.60674        2.14324        2        0.189119        -1.141164        0.151659
Te        16.74157        7.74765        2.01034        2        0.344011        0.334290        -0.660380
