54
Lattice="19.166863819 0.000008540 -0.000615361 -0.000005198 11.065518238 0.000045896 0.042448411 0.000094922 30.000000000" Properties=species:S:1:pos:R:3:tags:I:1:forces:R:3 energy=-317.99338585 stress= -9.75996 -10.01683 1.22346 -3.04200 -0.03860 0.17076 pbc="T T T"
Mo        2.52564        0.02553        3.79839        1        0.366030        0.049281        0.873160
Mo        5.76338        1.87109        4.05765        1        0.416561        -0.102778        -0.295712
Mo        2.42545        3.83275        3.96120        1        0.633943        -0.819700        2.034443
Mo        5.67629        5.69466        3.85614        1        0.574748        -0.222524        -0.044124
Mo        2.44576        7.27844        3.83436        1        -0.804786        1.132386        -0.214754
Mo        5.69198        9.26511        3.91846        1        -0.164962        0.033932        -0.548967
Mo        9.01109        11.05942        3.90617        1        -0.736284        -0.698286        -0.513479
Mo        11.93719        1.63690        3.95707        1        0.074089        0.618969        -0.868384
Mo        8.79944        3.81189        4.00109        1        0.739869        -1.337213        -0.292444
Mo        11.96684        5.64848        3.87085        1        -0.143652        -0.755903        1.801480
Mo        8.93561        7.45849        3.90225        1        -0.451696        -1.168012        -0.470426
Mo        11.90590        9.09814        3.93392        1        -0.126940        -0.192358        0.000180
Mo        14.93654        0.00730        4.00159        1        1.009267        0.084068        -0.115798
Mo        18.41613        1.73517        3.88531        1        -0.290235        1.531678        -0.299683
Mo        15.04036        3.49531        3.87301        1        0.373543        2.800379        0.854975
Mo        18.32609        5.50190        4.08086        1        0.339832        0.280946        -1.193202
Mo        15.28701        7.43826        4.02969        1        -0.719845        -0.614641        -0.439604
Mo        18.40970        9.23420        3.84527        1        -1.430226        -0.912647        -0.493141
Te        1.41321        1.73782        5.72416        2        0.072692        0.503459        -0.840308
Te        4.77511        3.87221        5.65446        2        -1.017778        -0.294113        0.514788
Te        1.48710        2.02113        2.25523        2        -0.544150        -0.913173        -0.835657
Te        4.76521        0.09511        2.17335        2        -0.538205        0.046133        -0.096663
Te        1.27630        5.64236        5.82488        2        0.551906        -0.370063        -0.686679
Te        4.52927        7.52707        5.50316        2        -0.078685        -0.728998        1.409015
Te        1.37065        5.42106        2.16333        2        -0.751711        0.658324        -0.079043
Te        4.68726        3.70935        2.36379        2        -0.517209        -0.075436        -1.084010
Te        1.26494        9.28800        5.49557        2        1.362575        -0.323412        0.574367
Te        4.78337        11.06326        5.68429        2        -1.175409        0.135758        0.433230
Te        1.36679        9.23070        2.03923        2        0.228327        -0.006637        0.479799
Te        4.60114        7.36329        2.02322        2        -0.215082        0.501969        0.290815
Te        8.03003        1.92263        5.68802        2        -0.804216        -0.700253        0.712950
Te        10.99688        3.62133        5.65587        2        -0.076853        0.543970        -0.083091
Te        7.82673        1.73032        2.29790        2        0.072631        1.185682        -0.734302
Te        10.99759        10.84268        1.96139        2        -0.194117        0.620979        1.100848
Te        7.68229        5.65024        5.63673        2        0.628261        0.512433        0.564240
Te        10.85197        7.35414        5.81916        2        0.475188        -0.182847        -0.660619
Te        7.86338        5.40490        2.17172        2        -0.511334        1.592427        -0.707079
Te        10.88961        3.65534        2.23273        2        0.264062        -0.087966        0.121276
Te        7.91317        9.29501        5.65385        2        -0.610239        -0.217189        0.046276
Te        10.94331        10.88007        5.70850        2        0.326850        0.511007        0.645409
Te        7.65364        9.19653        2.17318        2        1.519927        0.232709        -0.433442
Te        11.04531        7.29839        2.02249        2        -1.059975        0.595462        0.151483
Te        13.99393        1.89696        5.71405        2        -0.075722        -0.649118        0.778554
Te        17.16523        3.65323        5.73753        2        0.420887        -0.660448        -0.724996
Te        14.00663        1.82241        2.19277        2        -0.385834        -0.762102        -1.099161
Te        16.96906        10.90972        2.21641        2        1.231575        0.727892        -0.358781
Te        14.05654        5.55965        5.79620        2        0.235724        -0.121054        -1.308002
Te        17.32296        7.39821        5.77822        2        0.449041        0.446771        -0.236637
Te        14.00728        5.73738        2.17700        2        1.252671        -1.020914        0.288831
Te        17.24584        3.69862        2.21393        2        0.240043        -0.522051        0.271845
Te        14.01851        9.25547        5.72048        2        0.095280        -0.564133        0.436924
Te        17.35383        0.07476        5.58178        2        -0.839909        -1.036550        0.740684
Te        14.01048        9.11321        2.28869        2        0.640748        0.481526        -0.578122
Te        17.40400        7.27615        2.07742        2        -0.304853        0.239295        1.204664
