54
Lattice="20.707852593 0.000456147 -0.025753600 -0.000245476 10.309403738 0.000007040 0.013560576 0.000001770 30.000000000" Properties=species:S:1:pos:R:3:tags:I:1:forces:R:3 energy=-312.87884443 stress= -11.67633 -0.74614 0.01283 0.46963 1.02121 -0.93773 pbc="T T T"
Mo        2.08733        10.26848        4.04691        1        1.074577        -0.259326        -0.330138
Mo        4.64722        1.91404        4.08475        1        1.235292        -1.429283        -0.486690
Mo        2.29788        3.45666        4.03155        1        -0.869040        -0.029374        0.155262
Mo        4.66379        5.04864        4.05296        1        0.335551        0.119118        -0.704732
Mo        2.18538        6.69710        3.82040        1        -0.094387        -0.515293        4.026887
Mo        4.58208        8.40221        4.00407        1        0.982443        0.461818        1.026150
Mo        9.22173        0.43212        3.74356        1        -1.554545        0.177762        -1.212320
Mo        11.53113        2.06597        3.62392        1        1.508171        -0.627183        -0.532319
Mo        9.13729        3.64350        3.57584        1        -1.511240        -0.979331        -1.408376
Mo        11.90089        5.17607        3.80812        1        -0.664681        -0.448760        0.446687
Mo        9.14108        6.56503        3.87717        1        0.995955        0.045460        -0.501880
Mo        12.02430        8.57181        3.43228        1        -0.124141        0.691591        2.311646
Mo        16.28192        0.12380        3.98076        1        0.044953        -1.541769        -0.399808
Mo        18.78394        1.25884        4.20352        1        0.011946        0.354398        -0.592268
Mo        16.30960        3.63243        3.93442        1        -0.192335        -0.781405        0.467324
Mo        18.77733        5.42987        4.05868        1        -0.081331        -0.683244        1.202383
Mo        16.23711        6.90970        3.91206        1        0.115267        -0.619135        -0.957799
Mo        18.68956        8.59387        4.22044        1        -0.347669        -0.359797        -2.414717
Te        0.77826        1.80132        5.80816        2        -0.285096        -0.679823        -0.695418
Te        4.07967        3.36298        6.08285        2        -0.396012        1.072984        0.943719
Te        6.25842        0.05990        2.77072        2        0.080599        0.020539        -0.597305
Te        2.91988        1.68989        2.11144        2        -0.439842        -0.343252        -0.450098
Te        0.58814        5.14417        5.70604        2        0.207357        0.329271        -0.883397
Te        4.27212        6.74065        6.03359        2        -1.136916        0.349954        -0.020499
Te        6.28979        3.61415        2.10573        2        -0.101547        -0.283672        1.235368
Te        2.81233        5.11099        1.93827        2        0.524032        -1.390290        -0.545780
Te        0.43126        8.34160        5.36857        2        0.648586        0.544372        0.500515
Te        3.93386        10.27423        6.08350        2        0.168875        -0.267192        -1.377593
Te        6.57302        6.80660        2.72387        2        -1.062952        -0.500165        -1.066267
Te        2.83977        8.32638        2.10468        2        0.118714        2.871057        -2.347581
Te        7.31792        1.74042        5.34264        2        0.733224        0.753173        -0.628383
Te        10.69311        3.50877        5.58626        2        0.877174        0.470193        1.904286
Te        13.68827        0.25549        2.32947        2        -0.371848        -0.593297        0.470543
Te        9.91344        1.79754        1.44825        2        -0.310095        0.365545        1.548506
Te        7.40220        5.21425        5.35674        2        0.014325        -1.376046        0.333292
Te        11.17862        7.00020        5.60756        2        -0.257351        0.413841        0.250186
Te        13.52303        3.49832        2.16987        2        0.044825        0.164267        0.436887
Te        10.21358        5.26051        1.76353        2        -0.506387        0.032763        -0.562446
Te        7.49884        8.58941        4.91949        2        0.612585        0.657173        0.690062
Te        11.13587        0.12671        5.44542        2        0.635147        -0.222694        0.439477
Te        13.62652        6.84037        2.51192        2        1.519532        -0.445000        -1.025250
Te        9.86607        8.52865        2.09217        2        -1.111050        0.827628        -1.077918
Te        14.71573        1.68351        5.27805        2        -1.269263        1.422419        0.713838
Te        18.24092        3.38339        5.92785        2        -0.762275        0.170608        -0.630877
Te        20.47986        10.20459        2.25881        2        -0.810029        0.142822        1.616608
Te        17.05587        1.72944        2.08926        2        0.640197        0.813145        -0.245178
Te        14.24456        5.18184        5.43909        2        1.061034        -0.452977        -0.721994
Te        17.77220        6.88216        6.07101        2        0.231014        -0.739095        0.357840
Te        20.23877        3.35518        2.86458        2        0.442523        -0.427845        -0.268925
Te        17.23984        5.12762        1.93974        2        -0.842589        0.579907        -0.035182
Te        14.66176        8.51048        5.28279        2        -1.187165        0.603017        0.472461
Te        17.67785        10.04129        6.23711        2        0.634273        1.166629        -0.071993
Te        20.24710        6.75939        2.23234        2        0.402847        0.611494        0.812011
Te        16.95324        8.66712        1.98800        2        0.388690        -0.240676        0.428278
