54
Lattice="20.707852593 0.000456147 -0.025753600 -0.000245476 11.134156037 0.000007040 0.013560576 0.000001770 30.000000000" Properties=species:S:1:pos:R:3:tags:I:1:forces:R:3 energy=-315.18713528 stress= -15.65144 -11.39075 -0.77821 -0.67601 -0.68053 1.11613 pbc="T T T"
Mo        2.19442        10.46868        3.92240        1        0.138917        0.380086        0.302001
Mo        5.06747        2.30576        3.95808        1        -0.184442        0.405961        0.430998
Mo        2.29768        4.01264        3.94221        1        -0.032303        -0.052079        -0.281443
Mo        4.91880        5.73195        3.96201        1        0.323494        -0.118477        1.060835
Mo        2.25645        7.36321        3.93204        1        -0.417532        -0.033300        -0.139424
Mo        5.07763        8.81909        3.98863        1        -0.482135        0.215201        -0.411514
Mo        9.24858        10.95636        3.84343        1        0.110766        0.384365        0.373246
Mo        11.76525        1.60884        4.07270        1        -1.175600        -0.339933        -0.104421
Mo        9.31619        3.99703        3.79216        1        0.516452        0.755992        -0.059487
Mo        11.87429        5.89004        3.83029        1        -1.227754        -0.383283        0.267305
Mo        9.32351        7.47454        3.65029        1        0.276838        -0.453468        0.697332
Mo        11.73470        9.30654        3.86131        1        -0.534164        0.143551        0.207853
Mo        16.06977        10.99418        3.73387        1        -0.261039        0.831802        0.240221
Mo        18.57238        1.56282        3.84930        1        -0.146517        -0.045234        0.473181
Mo        16.12770        3.40568        3.93930        1        -0.214389        0.077117        -0.467452
Mo        18.59816        5.87345        4.10169        1        -0.311622        -0.052618        0.167061
Mo        16.15483        7.64495        3.90033        1        -0.007297        0.034833        0.768896
Mo        18.46998        9.36537        4.09517        1        -0.023294        -0.865094        -0.522838
Te        0.83542        1.72063        4.89563        2        -0.098942        -0.181081        -0.247608
Te        4.12605        3.90984        5.95249        2        -0.030125        0.005762        -0.546347
Te        6.41611        0.03081        3.01827        2        0.245620        -0.157461        -0.164838
Te        3.06833        1.76359        2.31674        2        -0.369657        0.089726        0.155384
Te        0.61872        5.52268        5.49731        2        -0.014186        0.208704        -0.351884
Te        3.99555        7.44997        5.97615        2        0.193353        -0.602831        -0.038979
Te        6.60634        3.96981        2.64802        2        0.208129        -0.389213        -0.608802
Te        3.19977        5.65957        1.95576        2        -0.519623        -0.345932        0.103991
Te        0.42419        9.07268        5.36953        2        0.656557        0.387953        -0.080969
Te        4.28145        10.98058        5.48622        2        -0.283556        0.644555        0.315806
Te        6.78123        7.38820        2.37911        2        -0.850129        0.088003        -0.150864
Te        3.29218        8.98857        2.00027        2        -0.130094        0.181754        -0.413329
Te        7.78969        2.11466        5.16892        2        0.158983        -0.646588        -0.000919
Te        11.18090        3.96407        5.74134        2        -0.092324        -0.527237        -0.460513
Te        13.23863        0.00619        2.39200        2        0.305267        -0.028388        -0.148260
Te        9.84633        1.85961        2.10761        2        0.272349        0.033882        0.169937
Te        7.56744        5.68522        5.17303        2        0.586893        0.162108        0.332340
Te        11.00796        7.53258        5.75619        2        0.219062        -0.387252        0.340830
Te        13.20634        3.57291        2.78417        2        0.415044        0.673285        -0.030312
Te        10.06785        5.64615        1.72536        2        0.196382        -0.063737        0.667293
Te        7.68398        9.20735        5.24778        2        -0.176826        -0.502039        0.168111
Te        10.98550        10.91956        5.94087        2        0.022548        0.575433        -0.362703
Te        13.52584        7.52838        2.57622        2        0.345455        0.392628        -0.590562
Te        9.64803        9.30546        1.81333        2        0.864230        0.448205        -0.494494
Te        14.38283        1.76296        5.20613        2        0.033238        -0.061566        0.329983
Te        18.10874        3.47434        5.75541        2        -0.177444        0.673716        -0.457169
Te        20.20701        10.93737        2.55611        2        0.144503        -0.016379        -0.252455
Te        16.64497        1.73039        1.89432        2        0.557502        0.405356        -0.040309
Te        14.54722        5.59836        5.01447        2        0.207833        -0.043843        -0.011273
Te        17.89660        7.56345        6.12714        2        -0.398523        -0.226280        -0.935567
Te        20.11498        3.83769        2.72585        2        -0.048143        -0.285199        0.406614
Te        16.71468        5.59517        2.16359        2        0.251212        -0.408816        0.412118
Te        14.34321        9.54667        5.28903        2        -0.110118        -1.043703        0.164108
Te        17.64542        0.00957        5.89347        2        0.503888        0.234649        0.135069
Te        20.24892        7.42759        2.60902        2        -0.183740        -0.111363        0.097225
Te        16.68630        9.23954        1.88975        2        0.720561        -0.046527        -0.417405
