54
Lattice="20.272644424 0.000008540 -0.000615361 -0.000005198 11.703913521 0.000045896 0.042448411 0.000094922 30.000000000" Properties=species:S:1:pos:R:3:tags:I:1:forces:R:3 energy=-311.29038295 stress= -22.51158 -22.27686 0.87213 0.25937 -1.02431 -0.31284 pbc="T T T"
Mo        2.63929        0.04148        3.98361        1        0.459899        -0.005167        -0.135633
Mo        5.87510        1.97935        4.16797        1        0.820823        -0.077598        -1.036421
Mo        2.65686        4.05387        3.90432        1        -0.619832        -0.224088        0.431397
Mo        6.11398        5.95830        4.27793        1        -1.134764        -0.727191        -0.774214
Mo        2.59896        7.87203        4.10303        1        -0.366410        -0.520630        -1.009949
Mo        5.87955        9.73030        4.17616        1        0.517935        0.370622        0.296858
Mo        9.45455        0.01454        3.87300        1        -1.058587        -0.480042        1.041651
Mo        12.61838        1.99305        3.78078        1        0.685472        -0.573092        -0.122449
Mo        9.26432        3.98462        3.93848        1        0.455854        -0.623623        0.696007
Mo        12.62015        5.73920        3.92771        1        0.498086        1.069584        -0.874111
Mo        9.27072        7.87204        4.22780        1        -0.041683        -0.839139        0.169577
Mo        12.71092        9.76721        3.90118        1        -0.110902        -0.113252        0.034352
Mo        16.13475        11.67764        3.65896        1        -0.274576        -0.308988        0.047964
Mo        19.55921        1.84792        3.64340        1        -0.323824        0.087469        0.562466
Mo        15.95935        3.85683        3.61810        1        0.907482        -0.028432        -0.627180
Mo        19.31552        5.79610        3.99362        1        0.401194        0.155929        0.019060
Mo        16.07987        7.81080        3.71890        1        -0.217114        0.307248        0.096361
Mo        19.50463        9.75543        3.82635        1        -0.234630        -0.674134        0.269770
Te        1.41521        1.92029        5.51841        2        -0.041954        0.678535        0.320452
Te        4.75423        3.93807        5.75845        2        0.126659        0.260398        0.131651
Te        1.66711        2.02632        2.25559        2        0.174305        0.011712        -0.658791
Te        4.89437        11.63930        2.40124        2        0.047816        0.278504        0.077667
Te        1.25748        5.92697        5.73061        2        0.364851        -0.273929        -0.317365
Te        4.72378        7.80317        5.88657        2        0.280721        0.138389        0.153861
Te        1.33407        6.00550        2.35835        2        0.468930        -0.149343        0.000308
Te        5.00251        4.03123        2.32806        2        -0.181764        0.067289        0.817411
Te        1.43946        9.82698        5.49911        2        -0.354085        0.280864        1.551614
Te        4.88073        0.09810        5.87225        2        -0.591830        -0.414541        -0.210163
Te        1.52582        9.85657        2.24317        2        0.299642        -0.420428        -0.149988
Te        4.89123        7.76418        2.49983        2        -0.087781        0.089360        -0.059286
Te        8.26795        1.86669        5.66191        2        0.053308        0.378087        -0.179019
Te        11.68840        3.89958        5.56491        2        -0.774813        -0.637895        0.526678
Te        8.11020        1.97619        2.30014        2        -0.027810        -0.014613        0.362393
Te        11.50121        11.67459        2.13168        2        0.460376        -0.017876        -0.039305
Te        8.33426        5.76550        5.87706        2        0.010267        0.345051        0.154761
Te        11.69479        7.70938        5.78068        2        -0.098326        0.372478        -0.582421
Te        8.18162        6.01118        2.46308        2        -0.094278        0.021060        -0.380238
Te        11.37945        3.92356        2.17529        2        0.298445        0.073851        -0.239596
Te        8.24643        9.74384        5.89027        2        -0.197554        0.679474        -0.602739
Te        11.76719        0.05362        5.60303        2        -0.512091        0.037529        -0.340378
Te        8.04351        9.67763        2.40045        2        0.448343        0.279697        0.360577
Te        11.29671        7.74040        2.44961        2        0.839948        0.300078        -0.613731
Te        15.03659        1.94781        5.30121        2        -0.604100        -0.191227        0.557762
Te        18.13529        3.57562        5.32029        2        0.407467        0.663514        0.597113
Te        14.95588        1.80833        1.96112        2        -0.511914        0.522763        -0.057412
Te        18.44186        11.55209        2.08668        2        -0.075770        0.282650        -0.942845
Te        14.99762        5.83323        5.34391        2        -0.046902        -0.179130        0.524635
Te        18.17139        7.77358        5.61705        2        0.243913        0.188616        -0.393501
Te        14.91578        5.90873        2.00462        2        -0.411829        -0.155841        0.196975
Te        18.45665        3.87820        2.08326        2        -0.446763        0.084901        -0.251541
Te        15.03130        9.84317        5.46148        2        0.002576        -0.314501        -0.196030
Te        18.33923        0.00713        5.36790        2        0.075485        -0.013936        0.672123
Te        14.83246        9.71383        2.01483        2        0.167135        0.005150        0.363976
Te        18.40447        7.74985        2.20308        2        -0.094702        -0.036921        -0.228243
