54
Lattice="19.904050889 0.000008540 -0.000615361 -0.000005198 11.491115093 0.000045896 0.042448411 0.000094922 30.000000000" Properties=species:S:1:pos:R:3:tags:I:1:forces:R:3 energy=-315.52686329 stress= -20.10763 -20.04429 -0.90022 -0.13067 0.70471 0.05691 pbc="T T T"
Mo        2.53821        11.29887        3.95063        1        -0.181755        0.318847        0.201105
Mo        5.68469        1.93280        3.92569        1        0.816448        -0.166347        0.442378
Mo        2.45020        3.73732        3.95865        1        0.581313        0.634012        -0.037413
Mo        5.85956        5.79787        3.92586        1        0.464182        -0.563130        0.744894
Mo        2.61675        7.59218        3.94028        1        -0.415837        0.109995        0.140994
Mo        5.99159        9.62435        4.19732        1        -0.811293        -0.421068        0.027006
Mo        9.16521        0.01260        4.02215        1        -0.243923        0.230836        0.252626
Mo        12.44426        1.93335        3.89431        1        -0.913902        -0.192265        -0.172604
Mo        9.16071        3.92777        3.98598        1        -0.486468        -0.161258        0.266818
Mo        12.44829        5.69618        3.94783        1        0.023923        0.549342        -0.291169
Mo        9.25370        7.75309        4.08294        1        -0.652773        0.084859        -0.804839
Mo        12.46375        9.58512        3.91187        1        0.621637        -0.201641        0.214890
Mo        15.81363        11.44908        3.82616        1        -0.111927        0.353118        0.608262
Mo        18.95287        1.96714        3.79449        1        1.315311        -0.803635        1.090955
Mo        15.80875        3.73865        3.71453        1        -0.539072        0.470785        0.614304
Mo        18.97490        5.79117        3.78521        1        0.855277        0.064119        0.405659
Mo        15.81439        7.69266        3.86736        1        -0.194988        -0.249543        0.340260
Mo        19.19491        9.60347        3.75456        1        0.267589        0.220693        1.027156
Te        1.32400        1.80135        5.59308        2        -0.259273        -0.055640        -0.117787
Te        4.73380        3.84642        5.70522        2        -0.439797        0.116341        -0.466680
Te        1.48541        1.83108        2.27431        2        -0.421836        -0.298894        -0.391780
Te        4.80318        11.28907        2.36300        2        -0.077643        0.587478        -0.365727
Te        1.25040        5.65098        5.52993        2        0.276238        0.257975        0.338465
Te        4.80053        7.56794        5.77041        2        -0.145889        0.298926        -0.272525
Te        1.37481        5.74438        2.19491        2        0.322061        -0.267842        0.036767
Te        4.67483        3.84456        2.23608        2        -0.034570        0.157989        -0.032407
Te        1.44725        9.42080        5.68703        2        -0.164153        0.159352        -0.602019
Te        4.62431        0.10197        5.77553        2        0.316126        -0.365180        -0.258157
Te        1.56753        9.42621        2.09902        2        -0.089630        0.194537        0.415338
Te        4.91420        7.76112        2.33553        2        -0.261909        0.057219        -0.100254
Te        7.88815        2.00922        5.70406        2        0.383214        -0.112532        -0.452110
Te        11.31997        3.81975        5.68672        2        0.338102        -0.004817        -0.137964
Te        8.07270        1.92163        2.32862        2        -0.458912        0.224809        -0.070742
Te        11.25828        11.43995        2.18785        2        0.264113        0.260757        0.232419
Te        8.11693        5.85987        5.74899        2        -0.305787        -0.327561        -0.368206
Te        11.37333        7.68048        5.69510        2        0.973870        -0.111449        0.128456
Te        8.12848        5.92536        2.28881        2        -0.106672        -0.332580        0.121444
Te        11.22383        3.87550        2.19954        2        0.542599        -0.071199        0.094108
Te        8.20033        9.63127        5.84781        2        -0.055736        0.129933        0.152446
Te        11.40487        11.47830        5.58779        2        0.130815        0.263777        0.560753
Te        8.04596        9.63064        2.39736        2        0.255111        -0.134274        -0.357220
Te        11.37537        7.71860        2.20296        2        -0.049270        -0.351070        0.433645
Te        14.60998        1.89163        5.55175        2        0.670866        0.046206        -0.288649
Te        17.95216        3.93949        5.49170        2        -0.377586        -0.544287        0.326472
Te        14.51397        1.79459        2.11585        2        0.662661        0.257730        -0.142698
Te        18.05935        11.48878        2.07516        2        -0.379393        0.124277        0.035566
Te        14.76916        5.61181        5.57159        2        -0.153050        0.272828        -0.576534
Te        18.04857        7.78830        5.48771        2        -0.154436        -0.255143        0.384716
Te        14.64870        5.78434        2.10196        2        -0.032715        -0.267007        0.518345
Te        18.05703        3.84824        2.11295        2        -0.609172        0.055530        -1.117452
Te        14.81264        9.61087        5.67363        2        -0.478881        -0.211849        -0.596284
Te        17.95634        0.00012        5.62075        2        0.292875        0.121250        -0.888208
Te        14.71362        9.57968        2.20752        2        -0.416885        -0.187690        -0.480751
Te        18.00951        7.74194        2.14208        2        -0.335853        -0.023744        -0.746178
