54
Lattice="19.904050889 0.000008540 -0.000615361 -0.000005198 10.639921383 0.000045896 0.042448411 0.000094922 30.000000000" Properties=species:S:1:pos:R:3:tags:I:1:forces:R:3 energy=-313.77245789 stress= -11.92449 -1.83002 3.38101 -2.24447 -0.72449 -0.39149 pbc="T T T"
Mo        2.56739        0.24990        3.81219        1        0.387965        0.116041        0.294075
Mo        5.80950        1.99244        3.85216        1        -0.122621        -0.654792        -0.615716
Mo        2.36256        3.63819        3.80591        1        0.899801        -0.088625        -0.901508
Mo        5.62298        5.44690        3.91728        1        -0.392730        2.534209        -4.043283
Mo        2.49277        7.33626        3.91693        1        0.663222        -0.536401        -1.469267
Mo        5.71429        8.98614        3.99877        1        0.619054        -0.764226        -1.018746
Mo        9.26098        0.00469        3.93731        1        -1.159353        -0.466695        -1.501417
Mo        12.52780        1.77266        4.09644        1        0.067431        -0.131619        1.308257
Mo        8.88067        3.53995        3.86062        1        1.446317        -1.911507        0.914716
Mo        12.31791        5.30059        4.16468        1        1.494081        0.675003        -0.312830
Mo        8.87064        7.03240        3.87115        1        1.362210        0.209420        -0.223908
Mo        12.46685        8.96992        4.13954        1        0.805533        -0.057334        -0.700976
Mo        16.09828        10.55603        4.03795        1        -0.903604        0.731702        0.616230
Mo        19.44307        1.48525        3.78506        1        -0.333440        0.747883        0.707097
Mo        15.88918        3.59719        3.94225        1        0.077196        -0.843172        -0.475780
Mo        19.05735        5.11175        3.81712        1        1.373715        -1.310464        -0.567103
Mo        16.05673        7.05841        4.07863        1        -0.981033        -0.569605        0.422683
Mo        19.28141        8.50360        3.91796        1        0.354863        1.271271        -0.879941
Te        1.53042        1.99566        5.64559        2        -0.326113        -0.905640        0.562338
Te        4.60289        3.98361        5.53134        2        -1.902686        -3.739150        2.546271
Te        1.57068        1.83694        1.84873        2        -0.562486        0.043349        0.710163
Te        4.66219        10.62697        2.07102        2        0.602294        0.734274        0.550991
Te        1.28052        5.41599        5.42627        2        0.585280        0.341414        1.323661
Te        4.43859        7.21712        5.82358        2        0.789639        0.576400        -0.797261
Te        1.25238        5.40137        2.06760        2        0.481317        0.641341        0.012179
Te        4.43366        3.65826        2.09472        2        1.054337        0.144695        -0.120340
Te        1.48556        9.20159        5.63441        2        0.360473        -1.055893        0.045187
Te        4.81288        0.33642        5.61206        2        -1.002309        -0.738258        0.596171
Te        1.43326        9.08466        2.10774        2        0.095475        -0.796810        -0.024490
Te        4.89167        7.13840        1.95102        2        -1.257967        0.816634        1.143255
Te        7.94072        1.53620        5.75160        2        0.034649        1.706676        -0.784720
Te        11.09404        3.53883        5.86811        2        0.135667        -0.038813        -0.741558
Te        7.92718        1.56283        2.11367        2        0.392781        1.148071        0.131132
Te        11.53644        0.10307        2.25267        2        -0.263458        -0.492844        0.025011
Te        7.64584        5.33348        5.41048        2        1.624351        -0.650241        3.234665
Te        11.24639        7.17071        5.73676        2        -0.752673        -0.264689        0.556169
Te        7.74869        5.17468        2.15435        2        0.154436        0.644596        -1.028791
Te        11.48533        3.48687        2.41613        2        -1.395969        0.766576        -0.947874
Te        8.07671        8.86639        5.58105        2        -1.085350        -0.037284        1.070830
Te        11.13056        0.01943        5.75545        2        1.664687        0.360176        1.206722
Te        7.97926        8.83086        2.16065        2        -0.494196        0.585366        -0.060180
Te        11.13097        7.30642        2.41692        2        1.135483        -1.092625        -0.466517
Te        15.03244        1.79879        5.72472        2        -1.052248        -0.467463        0.217781
Te        18.08867        3.26407        5.48293        2        0.388425        -0.361192        0.666325
Te        14.61565        1.83193        2.24770        2        0.893903        -0.361444        0.615662
Te        18.11870        10.42251        2.26243        2        -0.042846        -0.916659        -0.954240
Te        14.75019        5.22124        5.96507        2        -0.017730        0.433487        -1.451574
Te        18.40429        6.74320        5.68041        2        -2.076029        0.908999        1.660625
Te        14.72762        5.41409        2.31733        2        -0.683523        0.162482        0.401114
Te        18.19020        3.20452        2.00918        2        -0.855432        0.310993        0.497841
Te        14.84652        8.74166        5.88706        2        -0.003428        0.745416        -0.641226
Te        18.39073        10.27308        5.69533        2        -0.983383        0.926714        -0.038548
Te        14.89074        8.92061        2.33353        2        -0.593352        -0.667111        0.257455
Te        18.00527        6.74965        2.20529        2        -0.660257        1.633057        -1.519120
