54
Lattice="19.940895089 0.000456147 -0.025753600 -0.000245476 10.721779888 0.000007040 0.013560576 0.000001770 30.000000000" Properties=species:S:1:pos:R:3:tags:I:1:forces:R:3 energy=-317.66990905 stress= -13.51424 -7.69847 -1.47647 -0.44478 -1.25171 0.35514 pbc="T T T"
Mo        2.22109        10.63239        3.72412        1        0.081621        -0.309042        0.515281
Mo        4.62893        1.58622        4.00095        1        0.062431        -0.363114        0.752897
Mo        2.21350        3.37244        3.74619        1        0.224204        0.322038        -0.473226
Mo        4.64998        5.30476        4.06663        1        -0.249005        -0.757637        -0.039211
Mo        2.26486        7.13408        3.72313        1        0.006659        0.164765        1.666270
Mo        4.66129        8.81326        4.04328        1        -0.457547        -0.267550        -0.642431
Mo        8.94055        10.64097        3.73870        1        0.051283        0.350312        -0.392989
Mo        11.28635        2.15123        4.08362        1        -0.078937        -0.326427        -0.650673
Mo        8.77526        3.63516        3.81023        1        1.498770        -0.735441        -0.220910
Mo        11.24198        5.38117        4.04578        1        0.309123        0.046130        0.929998
Mo        8.86779        7.23260        3.85267        1        -0.014881        -1.510185        0.731087
Mo        11.24537        8.83314        4.03403        1        0.436188        0.845663        -0.543901
Mo        15.59997        10.72101        3.96035        1        -0.455208        0.610117        -1.454840
Mo        18.00562        1.97718        3.91390        1        0.228118        -0.506547        0.883376
Mo        15.73334        3.63307        3.83382        1        -1.085778        0.166884        0.497099
Mo        17.92827        5.49501        4.05829        1        -0.104438        0.728858        0.745342
Mo        15.50454        7.21739        3.90502        1        0.232125        0.322688        -0.145093
Mo        17.85303        8.96009        4.01670        1        0.347701        0.010166        -1.176653
Te        0.71320        1.58651        5.37888        2        -0.257413        0.734053        -0.535545
Te        3.78037        3.36317        5.93305        2        0.424483        0.129708        -0.599320
Te        6.25041        10.49053        2.40886        2        0.193103        0.406061        0.337048
Te        3.11460        1.60642        1.79841        2        -0.671749        0.522116        0.271320
Te        0.59610        5.32849        5.13356        2        0.582328        -0.164425        0.594657
Te        3.94608        6.93391        6.00342        2        -0.292492        0.683784        -0.428001
Te        6.20168        3.32153        2.57990        2        0.375587        0.907950        -0.451861
Te        3.04277        5.36862        1.91433        2        -0.147452        -0.953945        -0.264970
Te        0.50453        8.83086        5.25139        2        0.681221        0.406037        -0.049582
Te        3.91754        10.46969        5.92019        2        -0.291060        0.805897        0.173292
Te        6.24593        7.06247        2.60128        2        0.465964        -0.271424        -0.192087
Te        2.93977        8.85210        1.83567        2        0.340994        0.162136        -0.185764
Te        7.30617        1.72782        5.29615        2        -0.435755        -0.343763        -0.126009
Te        10.28001        3.58947        6.18446        2        0.614259        0.671725        -1.689808
Te        12.86863        0.13943        2.58754        2        -0.118426        0.124482        0.504680
Te        9.61445        1.75618        1.83764        2        0.235513        0.333240        0.887927
Te        7.27209        5.17148        5.34211        2        -0.781206        1.175087        0.247552
Te        10.58880        7.27369        6.00132        2        -0.193277        -0.916212        0.153804
Te        13.02055        3.73646        2.39713        2        -0.391846        -0.326666        0.697202
Te        9.59982        5.42479        1.90326        2        -0.243104        -0.426076        0.209260
Te        7.37324        9.01695        5.27434        2        -0.947450        -0.550410        0.710115
Te        10.54569        0.14295        5.87375        2        0.332706        -0.190570        -0.423710
Te        12.92048        7.24980        2.49417        2        -0.144108        -0.456483        0.240778
Te        9.59599        8.74757        1.90234        2        0.216775        1.087242        -0.935927
Te        13.95496        1.95722        5.45123        2        0.021530        0.162505        -0.392855
Te        17.57195        3.77390        5.99507        2        -0.713895        -0.983197        -0.034235
Te        19.53125        10.69637        2.32681        2        0.009066        0.230966        0.507785
Te        16.19168        1.80538        1.96613        2        -0.232353        -0.205562        -0.331258
Te        13.91063        5.34535        5.28252        2        -0.259310        0.307034        0.273917
Te        17.23874        7.43503        6.08105        2        -0.193209        -1.186604        -0.505162
Te        19.37457        3.73616        2.47913        2        1.497590        -0.355395        -0.722519
Te        16.30833        5.50575        1.97231        2        -0.549531        -0.198249        -0.530216
Te        13.81324        9.15073        5.23121        2        0.004966        -0.845491        0.524247
Te        17.57234        0.13345        5.81152        2        -0.549682        0.330835        1.006732
Te        19.52950        7.19187        2.60892        2        0.212681        0.214812        -1.019466
Te        16.07378        8.97427        1.85079        2        0.181099        0.188451        1.104774
