54
Lattice="19.904050889 0.000008540 -0.000615361 -0.000005198 10.639921383 0.000045896 0.042448411 0.000094922 30.000000000" Properties=species:S:1:pos:R:3:tags:I:1:forces:R:3 energy=-317.80513713 stress= -16.67156 -4.43059 -2.75074 0.26820 -1.84743 0.52766 pbc="T T T"
Mo        2.42805        10.58231        3.98880        1        0.339764        -0.136116        -0.878922
Mo        5.77586        1.59013        4.08621        1        0.338566        0.719773        -0.275610
Mo        2.64436        3.43887        3.87895        1        -0.425206        -0.286413        0.865792
Mo        6.10359        5.06158        4.01768        1        -0.542211        0.675863        -0.845377
Mo        2.52410        7.03161        3.81794        1        0.157050        -0.074830        0.356379
Mo        5.89745        8.64236        4.07956        1        0.458415        0.866576        -0.416758
Mo        9.35019        0.15535        4.10571        1        -0.327306        -0.095186        -0.186661
Mo        12.47956        1.79772        3.89224        1        0.372107        0.899925        -0.340990
Mo        9.27135        3.68419        4.12272        1        0.465781        -0.134109        -2.040623
Mo        12.37723        5.34968        3.80701        1        1.872889        0.438733        -1.094789
Mo        9.25917        7.21766        4.03091        1        0.201466        -0.971267        -2.078815
Mo        12.39607        8.90123        3.89470        1        0.538764        0.133599        -1.051943
Mo        15.68553        10.59677        3.87229        1        -0.927767        1.123796        -0.215135
Mo        19.05330        1.87486        4.01348        1        -0.239141        -0.243199        0.056129
Mo        15.70762        3.54872        3.73646        1        0.533371        -0.253668        1.192479
Mo        19.00866        5.41313        3.95709        1        0.825183        0.196564        0.235626
Mo        15.79883        7.03309        3.68631        1        0.443174        0.818237        0.481679
Mo        18.96787        8.91397        3.93019        1        0.008119        -0.030185        0.327105
Te        1.46703        1.72847        5.75660        2        -0.454951        0.232599        -0.302572
Te        4.73442        3.50743        5.73369        2        0.107629        -0.778298        0.297559
Te        1.23844        1.78894        2.22919        2        0.582656        -0.548131        -0.085046
Te        4.84111        10.44738        2.25303        2        -0.695762        -0.284273        0.541754
Te        1.48923        5.21200        5.63809        2        -0.415149        0.459605        -0.340106
Te        4.69243        6.81269        5.71881        2        0.227787        0.311008        -0.450615
Te        1.40720        5.13320        2.24616        2        -0.410418        0.980936        -0.751303
Te        4.77882        3.30981        2.13059        2        0.404110        0.160896        0.779807
Te        1.30110        8.72076        5.61164        2        -0.029166        0.242227        0.059136
Te        4.57182        10.41884        5.78664        2        0.358270        -0.101074        -0.183776
Te        1.16758        8.98941        2.12833        2        0.882529        -0.676062        0.350878
Te        4.93186        6.85612        2.24279        2        -0.272542        0.119894        0.285566
Te        8.08630        1.90622        5.80717        2        -0.187710        -0.402325        0.177526
Te        11.57147        3.64391        5.66193        2        -0.752376        -0.346874        0.547524
Te        7.95985        1.94565        2.39020        2        0.632646        -0.493017        0.419855
Te        11.35900        0.15624        2.16376        2        -0.616632        -0.668614        -0.155712
Te        8.27127        5.45477        5.80976        2        -0.727347        -0.246345        0.353636
Te        11.45428        7.10936        5.58811        2        -0.248439        -0.090658        1.205485
Te        8.29697        5.36265        2.09654        2        -0.452755        0.081038        1.420388
Te        11.36424        3.58705        1.98543        2        -0.455312        -0.140694        1.192542
Te        8.18792        8.82558        5.77749        2        -0.585835        1.272889        0.553378
Te        11.69378        0.01770        5.74008        2        -1.466701        0.354003        0.610696
Te        8.22647        9.10059        2.30882        2        -0.721937        -0.542171        0.298959
Te        11.25753        7.24597        2.05035        2        0.018602        -0.472997        0.441424
Te        14.56994        1.83442        5.64079        2        0.781748        -0.091617        -0.400251
Te        17.94010        3.68953        5.74267        2        -0.480895        -0.294472        -0.462760
Te        14.52820        1.75605        2.05273        2        0.446718        -0.225458        0.181221
Te        17.79950        0.04635        2.23823        2        0.748254        0.401580        -0.385995
Te        14.77796        5.39610        5.50775        2        -0.900504        -0.476303        -0.071603
Te        17.90089        7.26635        5.80743        2        -0.179040        -0.700736        -1.210655
Te        14.67351        5.25244        1.91550        2        -0.522366        0.428582        0.462686
Te        17.95908        3.61841        2.18125        2        0.164119        -0.115385        -0.092248
Te        14.59800        8.81107        5.52557        2        0.318332        -0.541769        0.305213
Te        17.74741        0.11454        5.69311        2        0.565923        -0.276331        -0.113277
Te        14.44164        8.84721        2.08918        2        0.806081        -0.048238        -0.180336
Te        18.10520        7.15146        2.01881        2        -0.562894        -0.134079        0.593239
