54
Lattice="20.272644424 0.000008540 -0.000615361 -0.000005198 11.703913521 0.000045896 0.042448411 0.000094922 30.000000000" Properties=species:S:1:pos:R:3:tags:I:1:forces:R:3 energy=-310.34802252 stress= -20.61178 -21.78086 2.60344 2.15172 1.39953 -0.35617 pbc="T T T"
Mo        2.46757        0.02249        4.16021        1        -0.289033        -0.389950        0.033376
Mo        5.97560        1.88967        4.00057        1        0.157986        0.660590        0.290211
Mo        2.45116        3.86707        3.85751        1        0.630514        -0.170188        0.391698
Mo        6.23632        5.79212        3.95119        1        -0.907775        -0.226688        1.119628
Mo        2.58547        7.58675        3.73214        1        -0.277923        0.921663        1.232828
Mo        6.02526        9.77378        3.89371        1        -0.454696        -0.322821        0.216746
Mo        9.38921        11.64407        4.10136        1        0.425284        -0.389482        -0.965907
Mo        12.78175        2.11697        3.93582        1        -0.267237        -0.881783        0.255911
Mo        9.71456        3.86800        3.87735        1        -1.746031        -0.601720        0.479472
Mo        12.75738        6.01729        3.85414        1        -0.687067        -0.715189        -0.219125
Mo        9.43362        7.79785        3.88588        1        0.399203        -0.459559        -0.437932
Mo        12.74809        10.06546        3.93134        1        0.297248        -1.157157        0.609541
Mo        16.23883        0.01063        3.84526        1        -1.101016        0.645758        0.307989
Mo        19.42725        2.00201        3.87759        1        -1.235616        -0.794522        -0.078253
Mo        16.03582        3.99383        3.93228        1        -0.581474        -0.444956        0.637718
Mo        19.24899        5.83382        3.95501        1        0.047386        -0.194971        -0.221406
Mo        15.87013        7.88085        3.73067        1        -0.228401        -0.177794        0.765936
Mo        19.17764        9.71714        3.96504        1        1.753915        -0.373314        -0.447157
Te        1.19970        2.05900        5.61616        2        0.829499        -0.142341        0.684082
Te        4.69850        3.84773        5.68139        2        0.527841        0.145893        -0.504609
Te        1.39180        1.84253        2.31505        2        0.186371        0.169485        -0.720495
Te        4.64497        0.11444        2.42823        2        0.414357        -0.467671        -0.974633
Te        1.28289        5.72830        5.51842        2        0.170149        0.417730        0.248956
Te        4.84989        7.67171        5.59548        2        0.220775        0.187357        -0.157407
Te        1.33917        5.78104        2.19442        2        -0.497995        -0.258989        -0.545474
Te        4.97325        3.96063        2.34391        2        -0.347890        -0.584196        -0.404375
Te        1.29559        9.42971        5.63930        2        0.094298        0.444066        -0.550191
Te        4.80650        11.59706        5.61267        2        0.186828        0.265439        0.932564
Te        1.51724        9.82663        2.32837        2        -0.558213        -0.541716        0.163456
Te        4.95484        7.74740        2.39860        2        0.183345        -0.174739        -1.315078
Te        8.31188        1.86159        5.62447        2        -0.156790        0.585120        0.341226
Te        11.76636        3.99684        5.64043        2        0.016205        0.382962        0.121180
Te        8.34319        1.80477        2.29790        2        -0.192820        0.280651        0.238828
Te        11.54734        0.06349        2.28301        2        -0.197239        0.811540        -0.183414
Te        8.44578        5.67698        5.62349        2        0.232110        0.435510        -0.077432
Te        11.61496        8.02781        5.62539        2        0.234049        -0.169209        -0.611775
Te        8.46281        5.73419        2.27665        2        -0.064283        0.223502        -0.601896
Te        11.77111        3.91760        2.16314        2        0.184115        0.502089        -0.460414
Te        8.23511        9.52440        5.51125        2        -0.158938        0.812253        1.227436
Te        11.69150        0.22222        5.73219        2        -0.157023        -0.199538        -0.173120
Te        8.26671        9.76402        2.20038        2        0.047123        0.031157        0.132294
Te        11.70596        8.00667        2.15012        2        -0.198342        0.090474        0.612298
Te        15.01004        2.03772        5.61266        2        0.164533        -0.399390        -0.011833
Te        18.19928        3.78571        5.65500        2        0.232767        0.693119        -0.032713
Te        14.94604        1.98779        2.29140        2        0.474021        0.134181        -0.592950
Te        18.44729        11.69507        2.14923        2        -0.275298        0.074301        -0.000062
Te        14.69911        5.83484        5.63527        2        1.241042        0.741506        -0.146050
Te        17.97262        7.76331        5.53440        2        0.282301        -0.107165        0.309963
Te        14.97399        5.80724        2.14897        2        -0.467749        0.461202        -0.290174
Te        18.11339        3.90763        2.24616        2        0.960916        0.119075        -0.489160
Te        15.08407        9.79351        5.55951        2        -0.567817        0.388742        -0.160536
Te        18.26552        11.57129        5.61111        2        0.311668        0.988751        0.619147
Te        14.83215        10.11609        2.11276        2        0.402433        -0.937127        0.023700
Te        18.12371        7.86634        2.23435        2        0.296208        -0.349838        -0.641737
