54
Lattice="19.174335959 0.000456436 -0.025753600 -0.000245188 12.055168952 0.000007040 0.013560858 0.000001769 30.000000000" Properties=species:S:1:pos:R:3:tags:I:1:forces:R:3 energy=-308.09147077 stress= -6.17369 -8.66840 1.39267 -0.49659 -1.24156 -0.08170 pbc="T T T"
Mo        2.65553        0.33569        3.40578        1        -1.258362        -1.699996        -0.498724
Mo        4.13389        2.43784        4.02621        1        1.434898        -0.014912        -0.607308
Mo        2.27385        4.47961        3.70448        1        -1.123039        -0.316505        -2.652537
Mo        4.42555        6.17738        3.77352        1        0.945903        -0.179052        1.474708
Mo        2.20475        7.65027        3.68657        1        -0.151727        1.420504        -0.361691
Mo        4.46843        9.86448        3.95419        1        -0.161439        0.158740        -0.495781
Mo        8.47366        0.64115        3.84920        1        -0.707621        -0.064382        0.931916
Mo        10.84958        2.33049        4.21591        1        -1.010090        1.747273        -0.111915
Mo        8.43353        4.21943        3.89007        1        1.079738        -0.854527        2.433355
Mo        10.95749        6.02442        4.23550        1        -0.523736        -1.202604        -0.720789
Mo        8.49259        7.47917        3.72286        1        0.315659        2.177070        2.543115
Mo        11.40329        9.07536        4.06812        1        -0.667414        -0.358756        1.323933
Mo        14.85489        11.79474        4.21510        1        -0.791446        -0.804690        1.077265
Mo        16.91087        1.29443        3.98970        1        1.950660        2.489324        -1.342332
Mo        15.05542        3.91873        3.48203        1        1.693708        -0.347858        2.416008
Mo        17.24384        6.05960        4.02124        1        -0.237944        -0.065159        1.127486
Mo        14.80430        8.27374        4.08880        1        0.547629        0.556758        0.439250
Mo        17.25238        10.25073        3.94020        1        -0.014185        0.649257        -1.341808
Te        1.07539        2.12943        4.78588        2        0.186368        0.165281        0.728487
Te        3.77321        4.39214        5.72776        2        1.021231        0.325310        2.321484
Te        5.80524        0.58446        2.82975        2        -0.467167        -1.319983        -1.031567
Te        2.41721        2.53332        1.76249        2        0.899930        -0.250900        -0.041349
Te        0.62490        5.87544        5.06453        2        -0.569332        1.020309        1.367863
Te        4.04034        7.96726        5.83757        2        -0.809753        0.397514        -0.455592
Te        6.14961        4.13371        2.59195        2        -1.696336        0.202986        -0.686751
Te        2.84029        6.08389        1.61296        2        -0.138951        -0.016419        -0.238616
Te        1.00985        10.15004        4.39650        2        -0.133233        -0.195232        0.949285
Te        4.02928        0.19529        5.65098        2        -0.166789        -0.623251        0.263948
Te        5.98979        7.90926        2.41558        2        0.382889        0.408140        -0.776502
Te        2.52887        9.89704        1.90007        2        1.234011        -0.026855        0.006316
Te        6.84009        2.29673        5.32535        2        0.211130        0.313548        0.267808
Te        10.03013        4.17339        6.35018        2        0.124986        -0.250768        -2.395706
Te        12.22630        11.54661        3.29361        2        0.282252        0.658784        -0.268006
Te        9.22665        2.34075        2.04541        2        0.355932        0.122258        -0.274033
Te        6.79536        6.31945        5.56611        2        0.784950        -0.938871        -1.098212
Te        10.10704        7.66118        6.12832        2        0.106491        0.882387        -1.113499
Te        12.43079        4.07232        2.96368        2        -0.066675        -0.274393        -1.095550
Te        9.26735        5.80393        1.98772        2        0.912434        0.045803        -1.089205
Te        7.07561        9.86431        4.78049        2        0.377559        0.558363        0.291940
Te        10.37431        0.33894        5.65029        2        -0.763059        -1.532228        0.881833
Te        12.47236        7.49337        2.32157        2        -0.159087        0.411586        0.555866
Te        9.26733        10.05949        2.60886        2        0.104691        -0.420449        0.238435
Te        13.43629        2.09469        5.27031        2        0.883987        0.075860        0.138035
Te        17.16055        3.69286        5.43434        2        -1.309354        0.184509        0.228220
Te        18.72273        0.09812        2.41376        2        -0.271254        -0.280350        -0.218530
Te        15.08988        1.58221        2.18053        2        -0.896939        -0.761035        -1.078869
Te        13.75669        5.86497        5.30477        2        0.089119        0.163653        -0.125006
Te        17.23991        8.36586        5.72280        2        -1.161281        -1.565962        0.192507
Te        17.62467        3.68434        2.21134        2        -0.233563        0.086178        0.215656
Te        15.54383        6.15746        2.14233        2        -0.770978        1.254072        -1.130478
Te        13.53547        9.67040        6.11721        2        -0.046616        -0.140314        -1.614462
Te        16.89964        11.89175        6.09901        2        -0.324999        -0.788639        0.631355
Te        18.70154        7.93311        2.49562        2        -0.265088        -0.090878        -0.035992
Te        15.05703        10.21373        2.15099        2        0.970381        -1.102581        -0.110789
