54
Lattice="20.324373841 0.000456147 -0.025753600 -0.000245476 10.309403738 0.000007040 0.013560576 0.000001770 30.000000000" Properties=species:S:1:pos:R:3:tags:I:1:forces:R:3 energy=-312.37204538 stress= -9.84716 -1.40956 0.71566 -1.96797 -0.90392 0.77247 pbc="T T T"
Mo        2.32363        10.19529        3.55041        1        0.338755        -0.752479        0.429677
Mo        4.71850        1.78705        3.24676        1        -0.134546        -0.130187        1.368506
Mo        2.15111        3.57951        3.45824        1        -0.176706        -0.691868        -0.565114
Mo        4.83252        5.17900        3.54875        1        -1.436188        -1.506144        1.632262
Mo        2.18740        6.85445        3.46197        1        0.231408        0.461748        0.449889
Mo        4.60244        8.50491        3.42554        1        2.154248        1.191466        0.123898
Mo        9.18640        0.09605        3.73686        1        -0.990583        -0.326474        0.334838
Mo        11.69079        1.66062        4.27775        1        -0.494747        0.720677        -2.275519
Mo        9.22795        3.48638        3.61558        1        -0.032996        0.198268        0.653064
Mo        11.51122        5.29712        4.03173        1        -0.078104        -0.677006        -1.275130
Mo        9.11553        6.63705        3.79151        1        -2.268049        0.861608        -1.781982
Mo        11.32806        8.69298        4.11653        1        0.732211        0.064939        -0.397427
Mo        15.72867        10.25111        4.37714        1        1.418139        -0.239650        1.167684
Mo        18.33956        1.63680        4.21381        1        -0.516942        -0.108355        0.960859
Mo        15.68721        3.49014        4.40860        1        0.581220        -0.363812        -0.201816
Mo        18.19309        4.98547        4.45847        1        -0.622536        1.475108        -0.619226
Mo        15.74482        6.92932        4.14559        1        0.649163        0.745917        1.763297
Mo        18.32709        8.52077        4.39146        1        0.845253        1.097319        -0.035431
Te        0.40438        1.84396        5.20899        2        2.405682        -0.216642        0.351471
Te        4.00903        3.22850        5.32474        2        -0.209834        1.370827        0.504752
Te        6.46551        10.27574        2.27610        2        0.614445        -0.686250        -0.747250
Te        2.57400        1.51042        1.50066        2        0.316049        1.917312        -0.015927
Te        0.57059        4.98507        5.31126        2        0.869693        0.386195        -0.056272
Te        4.09639        7.00762        5.39570        2        -0.695792        -1.514298        1.451911
Te        6.45736        3.36776        2.05457        2        0.757969        0.712583        -0.765192
Te        3.05066        5.25311        1.51595        2        -0.347398        -0.857505        -0.396323
Te        0.78860        8.59404        5.24863        2        0.193734        0.048631        0.295416
Te        4.42369        0.10295        5.40129        2        -1.033614        -0.535441        -0.558001
Te        6.61536        6.49669        2.28524        2        0.835694        1.850479        -1.219070
Te        3.06556        8.58226        1.28040        2        -1.164928        -0.356086        1.116021
Te        7.33213        1.88846        4.86941        2        0.117597        -0.421551        0.349407
Te        11.27023        3.59629        6.08305        2        -1.364066        -0.399610        -0.218960
Te        13.49318        10.23150        2.82739        2        -1.224511        0.042828        0.357040
Te        10.07765        1.69776        1.84883        2        0.612384        0.107697        0.054440
Te        7.39668        4.98879        5.23185        2        -0.216669        0.183113        -0.052522
Te        10.46636        6.93794        5.87715        2        1.169299        0.110648        2.324927
Te        13.14469        3.46655        2.59457        2        0.888369        -0.323684        0.588284
Te        9.85442        5.35857        1.63896        2        0.793898        -1.615905        0.596427
Te        7.18404        8.53345        4.98881        2        0.461425        -0.017412        -0.357910
Te        10.58963        0.12982        6.06795        2        -0.280864        -0.676003        0.290083
Te        13.23828        6.93448        2.63139        2        0.199777        0.560554        0.172316
Te        9.68761        8.49765        1.83220        2        0.615217        0.625361        0.941446
Te        14.10941        1.62019        5.93336        2        -0.155590        0.241247        -0.434331
Te        17.57312        3.47467        6.53085        2        -0.199501        -0.559373        -1.139498
Te        20.19959        10.30355        2.38995        2        -2.066395        -0.226160        0.410417
Te        16.42482        1.77352        2.54196        2        -1.165214        -0.293077        -1.974509
Te        13.96667        5.17931        5.41663        2        -0.658293        0.920103        1.299040
Te        17.66746        7.01762        6.37194        2        -0.753373        -1.051595        -0.165928
Te        19.34921        3.43360        2.55269        2        1.489824        0.700697        -0.937665
Te        16.39983        5.13669        2.36996        2        0.165155        -0.278499        -0.353703
Te        14.19050        8.48851        6.26231        2        0.423907        0.046201        -1.823970
Te        17.85056        0.14988        6.31742        2        -0.572006        -1.028117        0.227995
Te        19.75515        6.89895        2.74657        2        -0.024875        -0.473652        -0.616875
Te        16.71689        8.71162        2.40661        2        -1.013640        -0.297050        -1.203787
