54
Lattice="19.174335959 0.000456436 -0.025753600 -0.000245188 11.952133320 0.000007040 0.013560858 0.000001769 30.000000000" Properties=species:S:1:pos:R:3:tags:I:1:forces:R:3 energy=-311.54684275 stress= -8.82657 -17.47342 -2.85579 -0.32354 -0.39570 0.14233 pbc="T T T"
Mo        2.30835        11.72209        3.64584        1        -1.491696        1.729765        0.648345
Mo        4.54201        1.79495        3.77805        1        -1.075586        -0.184793        -0.387967
Mo        1.96511        3.16973        3.82952        1        -0.994166        0.447330        -0.345085
Mo        4.92188        6.74494        3.94446        1        0.324366        0.670897        0.067322
Mo        2.24918        8.40075        3.68150        1        -0.700402        -0.714231        0.494469
Mo        4.55032        10.33956        3.69168        1        -0.229299        -0.591715        1.112149
Mo        8.61395        0.15980        3.50623        1        -0.154970        -0.720885        1.669703
Mo        10.98654        1.65574        3.78657        1        -0.690751        0.411438        1.181506
Mo        8.58395        3.69013        3.76488        1        -0.227245        0.321984        0.863430
Mo        10.57119        6.14993        4.33632        1        0.379619        0.039611        0.606439
Mo        8.28077        8.38348        3.93145        1        1.432966        -0.142748        0.041500
Mo        10.77858        10.04672        4.41139        1        -0.381594        -0.607707        -2.106394
Mo        15.01855        11.62874        3.84841        1        -0.418012        0.367911        0.552910
Mo        17.32895        1.66067        4.07013        1        -0.707689        -0.132834        -1.713487
Mo        15.01828        4.02503        4.02148        1        -0.223339        0.083430        -0.768719
Mo        17.35189        6.17845        4.15166        1        0.331554        -0.183054        -1.418092
Mo        14.83156        8.06493        4.13449        1        0.752913        0.050993        -0.064890
Mo        17.22865        9.86337        3.98686        1        0.377313        -0.089245        0.757332
Te        0.65299        1.58266        5.51092        2        0.298767        -0.256211        -0.814381
Te        3.81334        3.76419        5.48497        2        0.181649        0.471412        0.169412
Te        5.95655        0.14390        2.04662        2        0.806425        0.135703        0.129728
Te        2.55159        1.78612        1.58899        2        0.462551        -0.550716        1.652690
Te        1.05210        5.96804        4.70974        2        -1.104946        -0.459213        0.443727
Te        3.75577        8.45945        5.78496        2        1.314936        0.064610        0.002985
Te        5.79420        4.20642        2.77473        2        0.456663        -0.359068        0.009174
Te        2.91543        6.10562        2.40354        2        0.019678        -0.492389        -0.652465
Te        0.51415        9.84920        5.38723        2        0.928301        0.422206        -0.707173
Te        4.13525        0.09913        5.75191        2        -0.920794        -0.130269        -0.147875
Te        6.11697        8.34105        2.27458        2        -0.471314        0.398000        -0.511573
Te        2.59074        10.03280        1.72544        2        0.682327        -0.194131        -1.450278
Te        6.95885        2.10480        5.32594        2        0.554289        -0.563730        -1.015908
Te        10.38874        3.61709        5.82641        2        -0.374396        0.499614        -0.888014
Te        12.48021        11.79523        2.42733        2        0.013273        -0.405067        0.376821
Te        9.22913        2.05607        1.75214        2        0.142564        0.098031        -0.630459
Te        7.22381        5.89559        5.15964        2        0.111237        0.270840        0.417603
Te        9.82556        8.23905        6.21485        2        0.082211        -0.493003        -0.518291
Te        12.27529        4.07531        3.07951        2        -0.056469        0.013073        0.091415
Te        8.86255        5.95971        2.27134        2        0.722158        0.648926        -0.249203
Te        6.94382        10.50021        5.25010        2        0.368137        -0.731856        -0.543888
Te        10.14578        0.12564        5.92088        2        -0.353723        0.388414        -0.430803
Te        12.27565        7.79892        2.94008        2        -0.417517        0.723990        -0.189343
Te        9.53506        9.95900        1.97270        2        -0.624335        0.143899        0.864507
Te        13.44709        1.70919        5.08620        2        0.735315        0.359053        0.194669
Te        17.07787        3.95477        5.70352        2        -0.240300        -0.311874        0.411126
Te        18.61439        11.66983        2.18774        2        0.284421        0.474568        1.224825
Te        15.30232        1.86247        2.07728        2        0.797424        0.254118        1.104192
Te        13.40371        6.06877        5.49575        2        -0.097631        -0.574577        -0.040373
Te        16.86164        7.93179        6.01724        2        -0.342923        0.667029        0.372481
Te        18.53421        3.80414        2.48005        2        0.412519        -0.010106        0.543100
Te        15.41867        6.12808        2.27590        2        0.191872        -0.529389        -0.110061
Te        13.27354        9.82648        5.61883        2        0.657139        0.537149        -0.312433
Te        16.76048        11.91149        5.93080        2        -0.464839        -1.137011        0.457142
Te        18.85280        7.93397        2.45329        2        -0.673164        0.399161        0.278357
Te        15.44768        9.78351        2.04036        2        -0.360853        -0.538046        -0.716046
