54
Lattice="19.173937585 0.000456147 -0.025753600 -0.000245476 10.515591813 0.000007040 0.013560576 0.000001770 30.000000000" Properties=species:S:1:pos:R:3:tags:I:1:forces:R:3 energy=-317.88846830 stress= -1.71959 -3.17991 -3.11075 -2.27973 0.19506 0.19950 pbc="T T T"
Mo        2.16694        0.05850        4.10682        1        0.446762        -0.735533        -1.229948
Mo        4.60981        1.58390        4.00857        1        -0.597355        0.611953        1.567716
Mo        2.35089        3.67681        3.93963        1        -2.237882        -1.829249        1.261719
Mo        4.41007        5.06940        4.14060        1        1.316139        1.838597        -1.278483
Mo        2.02736        6.97994        3.79621        1        1.575469        0.430268        -0.601908
Mo        4.51758        8.64374        4.01302        1        -0.044226        1.591578        -0.258492
Mo        8.49715        0.25770        3.78252        1        0.734123        -1.541642        -0.799861
Mo        10.85896        1.92059        3.96632        1        -0.180081        -1.083451        0.742409
Mo        8.57283        3.47919        3.71753        1        -0.337671        0.791673        0.240210
Mo        10.81658        5.30582        4.01622        1        -0.051918        -0.192147        0.817636
Mo        8.62128        6.94948        3.64457        1        -0.489572        -0.052758        1.228308
Mo        10.80804        8.65786        3.92312        1        0.124748        0.921055        -0.783730
Mo        15.01515        10.47619        3.71947        1        -0.477559        0.351223        0.442281
Mo        17.38252        1.75684        4.04665        1        -2.074836        0.401885        -0.346769
Mo        14.82461        3.72770        3.89126        1        1.080206        -2.100473        -0.181946
Mo        17.17763        5.28757        4.10537        1        1.484233        -0.243832        -0.882028
Mo        14.98137        6.98686        3.74295        1        -1.195510        -0.144014        -0.243446
Mo        17.11841        8.63946        3.97903        1        1.809155        0.305104        1.153217
Te        0.50226        1.76942        5.41821        2        0.695258        0.284632        0.764356
Te        3.91881        3.49406        6.20584        2        -0.161851        -0.564841        -0.676964
Te        6.20934        10.46428        2.23228        2        -1.086867        0.325154        0.991065
Te        2.81210        1.72464        2.10591        2        -0.337194        0.042605        -0.806937
Te        0.63118        5.36447        5.52013        2        -0.332803        -0.602884        -0.296565
Te        3.77956        7.12104        5.94174        2        -0.377732        -1.160430        0.434490
Te        6.00933        3.31283        2.41838        2        0.178440        1.085752        -0.043961
Te        2.75585        5.14547        1.83562        2        0.483184        1.207114        0.065509
Te        0.52324        8.68867        5.39971        2        -0.417535        0.115832        0.085724
Te        4.09887        0.05685        6.19844        2        -0.345047        -0.669910        -1.305585
Te        5.95194        7.02026        2.44707        2        0.478098        -0.845048        -0.232953
Te        2.82408        8.93330        1.84900        2        -0.209238        -0.570417        1.423972
Te        6.99760        1.88451        5.36826        2        0.250514        -0.726956        0.331180
Te        10.07070        3.54150        5.98375        2        0.387415        0.089230        -0.224962
Te        12.46451        0.09314        2.51206        2        -0.365303        -0.535528        -0.472009
Te        9.25162        1.83924        1.72044        2        0.135954        -0.376876        0.287607
Te        6.98371        5.16806        5.37019        2        0.186447        0.399022        -0.400747
Te        10.25652        7.13198        5.99141        2        -0.442178        -0.764868        -0.521152
Te        12.39662        3.58592        2.51311        2        0.524605        0.079929        -0.851466
Te        9.34307        5.20189        1.78900        2        -0.399431        0.091330        -0.730411
Te        7.11159        8.60335        5.31870        2        -0.509838        0.751545        -0.313917
Te        10.10699        0.00766        5.88889        2        0.498933        0.265729        -0.423072
Te        12.43609        6.84228        2.35521        2        0.119650        0.978958        0.224105
Te        9.03696        8.82742        1.69266        2        0.724074        -0.002641        1.253137
Te        13.47975        1.68377        5.31813        2        -0.869727        0.444122        0.244298
Te        16.46019        3.66930        6.07408        2        0.373120        -1.267159        -0.407755
Te        18.91852        0.02327        2.53809        2        -0.157013        -0.194082        0.291512
Te        15.29749        1.75705        1.80413        2        1.027456        0.752693        0.730001
Te        13.25467        5.15638        5.43111        2        -0.094466        1.188483        0.281351
Te        16.43259        6.92381        6.01531        2        0.151826        0.886351        0.126691
Te        19.03345        3.51426        2.50609        2        -0.866650        0.295205        0.388239
Te        15.72842        5.09339        1.88498        2        -0.163508        1.071775        -0.672015
Te        13.35776        8.84228        5.22103        2        -0.415073        -0.842000        0.166930
Te        16.37796        10.40620        5.99957        2        0.978731        0.436283        -0.508365
Te        18.77038        7.02916        2.25589        2        -0.054522        -0.220471        0.924262
Te        15.66639        8.79902        1.79826        2        -0.482742        -0.750414        -0.946820
