54
Lattice="18.798270284 0.000008540 -0.000615361 -0.000005198 10.639921383 0.000045896 0.042448411 0.000094922 30.000000000" Properties=species:S:1:pos:R:3:tags:I:1:forces:R:3 energy=-320.88852383 stress= -2.85251 0.29696 2.05138 2.03991 -0.89676 -0.20611 pbc="T T T"
Mo        2.52000        10.60934        4.06134        1        -0.659408        0.061659        0.348880
Mo        5.69716        1.87839        3.81050        1        -0.286281        0.241962        0.323373
Mo        2.50345        3.54789        4.13722        1        -0.867899        -0.995291        -1.230285
Mo        5.58901        5.52663        3.91036        1        0.355381        -0.859192        -1.199237
Mo        2.39336        6.99413        3.94527        1        -0.763154        1.118837        0.219840
Mo        5.55546        8.82309        3.86737        1        0.287334        0.431430        -0.282886
Mo        8.42792        0.05114        3.79164        1        1.107862        -1.085423        -0.391113
Mo        11.62938        1.92253        3.97565        1        0.921229        -0.397184        -1.281460
Mo        8.80085        3.53999        3.80784        1        -0.147514        0.689636        -0.117363
Mo        11.81279        5.44641        3.88136        1        0.042552        -0.018989        -0.508664
Mo        8.73151        7.24741        3.79758        1        -0.730602        -1.018177        -1.433526
Mo        11.76302        8.89803        3.75198        1        -0.868271        -0.359437        -0.118336
Mo        14.78065        10.58768        4.02897        1        0.341116        1.290404        -0.043593
Mo        18.04179        1.74817        4.04733        1        0.351879        -1.731632        0.308080
Mo        14.83504        3.43843        4.00584        1        -0.148800        -0.032015        0.458957
Mo        18.09375        5.17289        4.13836        1        0.101425        0.474782        -0.363641
Mo        14.84139        7.11816        3.95598        1        0.659640        -0.719894        0.350128
Mo        18.04250        8.66768        3.99372        1        -1.094014        0.665328        -0.619176
Te        1.39165        1.70078        5.90412        2        0.137593        0.030705        -0.471234
Te        4.71615        3.60301        5.58851        2        0.086427        0.260088        1.429472
Te        1.33946        1.63874        2.29432        2        0.382766        0.957194        0.267588
Te        4.52808        0.04790        2.21427        2        -0.225392        0.094281        -0.651903
Te        1.47052        5.25990        5.91631        2        -0.376222        0.163696        -0.101672
Te        4.41104        7.11056        5.63617        2        0.540609        0.491572        1.409181
Te        1.38295        5.18699        2.32018        2        -0.609982        -0.240855        -0.626907
Te        4.47283        3.76557        2.19191        2        0.044372        -0.721780        -0.207984
Te        1.23335        8.74917        5.70492        2        1.175834        0.200255        0.676925
Te        4.77672        0.06601        5.66879        2        -0.687240        -0.027288        0.158349
Te        1.32688        8.97133        2.21934        2        0.060600        -0.973402        0.100854
Te        4.36441        7.21653        2.11817        2        0.251183        -0.610265        -0.683133
Te        7.78300        1.85016        5.58491        2        -0.791020        0.163484        1.041014
Te        10.80983        3.78997        5.74746        2        -0.573744        -0.585924        -0.087925
Te        7.62340        1.86217        1.97335        2        0.106709        0.174951        -0.495016
Te        10.55429        0.05539        2.03400        2        0.513367        0.432697        0.530388
Te        7.77044        5.38499        5.55888        2        -0.309774        0.028580        0.112587
Te        10.65168        7.20416        5.57747        2        0.842328        0.205610        0.638748
Te        7.68517        5.33438        2.00909        2        -0.216784        0.384698        0.660442
Te        10.84341        3.72908        2.05211        2        -0.116240        -0.628739        -0.112713
Te        7.55227        8.77365        5.62272        2        0.339424        0.885020        0.478940
Te        10.59277        10.63758        5.52009        2        -0.341902        -0.063864        0.335549
Te        7.58603        8.87795        1.88307        2        -0.470381        0.081279        0.743016
Te        10.68006        7.11393        1.88167        2        0.755177        0.363456        0.761375
Te        13.61448        1.65326        5.87843        2        0.573824        0.524662        -0.731086
Te        16.99093        3.40218        5.80935        2        -0.634616        0.159729        0.857846
Te        13.71418        1.77097        2.14361        2        0.220806        -0.189808        0.771055
Te        16.85453        10.59338        2.24435        2        0.861983        -0.195372        0.430968
Te        13.87586        5.25983        5.77142        2        -0.302181        0.481661        -0.336580
Te        16.92404        6.93802        5.88337        2        0.014892        0.339694        -0.607950
Te        13.95462        5.29433        2.11170        2        -0.233436        0.052400        0.569549
Te        16.95541        3.44625        2.36468        2        0.232565        0.301768        -1.088379
Te        13.63995        8.86477        5.66105        2        0.359328        -0.442516        1.000771
Te        16.97609        10.45285        5.76393        2        -0.241309        0.425903        -0.153063
Te        13.91427        8.96273        2.16997        2        -0.219811        -0.806492        -1.093791
Te        16.98998        6.84678        2.25157        2        0.274800        0.505980        0.068365
