54
Lattice="20.707852593 0.000456147 -0.025753600 -0.000245476 10.309403738 0.000007040 0.013560576 0.000001770 30.000000000" Properties=species:S:1:pos:R:3:tags:I:1:forces:R:3 energy=-316.12964184 stress= -16.35630 -3.84819 1.05482 0.78492 -0.05978 -0.53487 pbc="T T T"
Mo        2.34085        10.15708        3.66191        1        -0.552177        0.326617        1.582432
Mo        4.70191        1.58508        4.09805        1        0.709005        -0.365103        -0.389956
Mo        2.14207        3.27023        3.74658        1        1.380701        0.770080        1.034590
Mo        4.89180        4.99411        4.08257        1        -0.100294        0.495857        -1.895111
Mo        2.23768        6.81919        3.97954        1        0.219885        -0.306178        -0.339029
Mo        4.75303        8.56138        3.96255        1        1.115450        -0.584567        1.147499
Mo        9.22046        10.30882        3.89765        1        -0.396649        0.057700        0.002635
Mo        11.94704        1.80915        4.09656        1        -0.373530        -0.134601        -0.595663
Mo        9.16414        3.17706        3.98021        1        0.355247        0.770691        0.356694
Mo        11.85986        4.88945        4.00103        1        -0.461647        0.161155        -0.745989
Mo        9.30899        7.06607        3.97261        1        -1.703277        -1.077789        0.833544
Mo        11.87767        9.02834        3.82406        1        -0.433339        -0.593353        0.603421
Mo        16.04512        0.25319        3.72464        1        1.566927        -0.622096        -0.366612
Mo        18.59478        1.75736        3.86496        1        0.516391        0.155909        0.029287
Mo        16.17990        3.55791        3.76928        1        -0.464834        -0.187863        -0.123794
Mo        18.55385        5.02407        4.03837        1        0.973564        0.204670        0.166114
Mo        16.00292        7.05800        3.82785        1        0.722831        0.019313        0.798301
Mo        18.64017        8.67788        3.90271        1        -0.230391        -0.458588        -1.064052
Te        0.57156        1.75820        5.25791        2        -0.581037        -0.713575        0.165046
Te        4.06436        3.35321        5.96367        2        -0.739032        -0.736895        0.054164
Te        6.64789        10.12857        2.43182        2        -0.603929        0.349610        0.413542
Te        3.11720        1.63872        1.90629        2        0.254002        0.094054        -0.989992
Te        0.55597        5.02382        5.33919        2        -0.070317        0.140886        0.273425
Te        4.06310        6.60601        5.99576        2        0.052904        1.307827        -0.448475
Te        6.62741        3.13119        2.58807        2        -0.338517        0.283517        0.275088
Te        3.04009        5.11902        1.96338        2        0.268046        -0.050182        0.549444
Te        0.54750        8.79180        5.41035        2        0.059977        -0.367095        -0.466125
Te        3.84683        10.07015        5.98689        2        0.123223        0.596936        -0.740313
Te        6.63677        6.70976        2.42330        2        -0.376151        0.316797        0.972651
Te        3.17195        8.39813        1.87269        2        -0.562705        -0.025218        -0.298591
Te        7.44072        1.62814        5.48201        2        -0.042566        -0.083552        -0.016004
Te        11.01006        3.39515        6.04523        2        -0.555318        0.035486        -0.005132
Te        13.67086        0.24778        2.42880        2        -1.190670        0.169545        -0.477668
Te        10.21444        1.73418        2.04275        2        -0.186231        -0.289257        -0.542840
Te        7.50573        5.17112        5.38790        2        0.266950        -0.289526        -0.330373
Te        11.09342        6.77034        5.82769        2        0.794447        1.045761        0.065987
Te        13.60255        3.56828        2.36581        2        -0.292293        -0.422908        0.307501
Te        9.90669        5.21350        2.05287        2        0.238518        -0.873166        0.844537
Te        7.46515        8.70609        5.53759        2        0.181227        -0.483434        -0.664338
Te        10.91593        0.03260        5.93134        2        0.376972        0.004981        0.402730
Te        13.38662        7.01200        2.53151        2        -0.212519        -0.194739        0.315377
Te        9.85246        8.51309        1.99473        2        0.962715        1.324957        -1.464768
Te        14.51602        1.86948        5.41013        2        0.021388        -0.049787        -0.200605
Te        17.77399        3.25372        5.93137        2        0.342081        0.840217        0.105596
Te        20.23500        0.11275        2.37253        2        0.422911        -0.564826        -0.326010
Te        16.88436        1.89791        1.80133        2        0.045960        -0.054545        -0.603823
Te        14.47488        5.16129        5.22626        2        -0.450737        0.435504        0.250064
Te        17.92499        6.89937        5.80874        2        -0.341870        0.222041        0.688168
Te        20.23304        3.54073        2.29168        2        0.100741        -0.303116        0.317357
Te        16.97595        5.44222        1.99204        2        -0.339715        -1.167859        -1.348648
Te        14.44009        8.88715        5.14610        2        -0.711285        -0.625050        0.561378
Te        17.82479        0.03178        5.71409        2        -0.059459        -0.060126        1.397295
Te        20.39195        6.83208        2.77822        2        -0.004451        0.325926        -0.767003
Te        16.75951        8.58062        1.76447        2        0.289913        1.241461        0.687884
