54
Lattice="18.429676749 0.000008540 -0.000615361 -0.000005198 13.193502514 0.000045896 0.042448411 0.000094922 30.000000000" Properties=species:S:1:pos:R:3:tags:I:1:forces:R:3 energy=-305.42737207 stress= -17.75887 -30.04975 0.25032 -0.41843 -0.65802 -0.00597 pbc="T T T"
Mo        2.34166        0.15312        3.98103        1        -0.557528        -0.474326        0.169048
Mo        5.32508        2.19106        4.07032        1        -0.216997        0.058148        -0.244945
Mo        2.13599        4.53676        3.99950        1        0.327403        -0.285112        -0.607419
Mo        5.40885        6.42651        4.10813        1        -0.330706        0.987579        -0.584717
Mo        2.30424        8.78145        4.00168        1        0.286311        0.258138        0.140619
Mo        5.29173        10.91238        3.84637        1        -0.023869        0.160457        0.232404
Mo        8.40481        13.01562        3.88761        1        0.278017        0.713554        -0.046139
Mo        11.40733        2.12861        3.65641        1        0.138347        0.263919        1.279242
Mo        8.39790        4.34209        4.02022        1        -0.273638        -0.136790        -0.554837
Mo        11.43996        6.69367        3.91019        1        0.416693        -0.898449        -0.419163
Mo        8.40958        8.73030        4.01824        1        0.130506        -0.175006        -0.889612
Mo        11.46109        10.99133        3.93245        1        0.749304        -0.682224        -0.198542
Mo        14.42200        0.00170        3.69837        1        0.741481        -0.320855        0.838717
Mo        17.57326        2.28681        3.82672        1        -0.041903        -0.266670        0.322193
Mo        14.45319        4.39717        3.83882        1        0.348136        0.482217        0.021918
Mo        17.63014        6.71703        4.07696        1        -0.017807        0.098183        -0.666793
Mo        14.59648        8.93465        4.07732        1        -0.064343        -0.897098        -0.395015
Mo        17.72999        11.01707        3.87129        1        0.085312        0.013481        0.307822
Te        1.23103        2.31428        5.59350        2        -0.055200        -0.162164        0.070065
Te        4.21223        4.48381        5.62848        2        0.840669        -0.654595        0.930606
Te        1.37013        2.34064        2.26163        2        -0.125540        -0.091084        -0.004621
Te        4.40386        0.12273        2.32550        2        0.427621        -0.124144        -0.184376
Te        1.32663        6.66028        5.75620        2        -0.155387        0.161165        -0.059612
Te        4.53546        8.72094        5.58520        2        -0.140660        0.107369        0.421686
Te        1.46622        6.73510        2.38530        2        -1.040134        -0.310602        -0.330310
Te        4.41159        4.40674        2.33566        2        -0.165340        -0.149577        0.292898
Te        1.53818        11.02201        5.57901        2        -0.509802        0.297494        -0.071167
Te        4.44799        0.01860        5.72347        2        -0.062713        0.020199        -0.341631
Te        1.50931        11.06917        2.22451        2        -0.169948        -0.098884        0.441636
Te        4.43925        8.59129        2.34164        2        0.227123        0.229702        -0.163697
Te        7.49982        2.06197        5.68050        2        0.229308        0.106283        -0.154803
Te        10.59424        4.31482        5.49565        2        0.291376        0.026588        0.205990
Te        7.44361        2.14520        2.33024        2        0.047792        0.003815        0.208969
Te        10.56514        13.07100        2.22212        2        -0.337075        -0.186853        -0.467547
Te        7.59279        6.60024        5.73435        2        -0.043526        -0.375937        -0.121184
Te        10.65613        8.71928        5.60609        2        -0.406929        0.508322        0.127453
Te        7.42601        6.44867        2.31853        2        0.411707        0.171773        0.221620
Te        10.42923        4.35712        2.14224        2        0.019574        0.152343        0.303384
Te        7.51449        10.93454        5.47879        2        -0.229326        -0.055913        0.558879
Te        10.73224        13.13120        5.51309        2        -0.755527        0.281522        0.003158
Te        7.36139        10.88145        2.14010        2        0.401115        -0.011761        0.292849
Te        10.54287        8.76503        2.23784        2        -0.280189        0.159097        0.164076
Te        13.64263        2.25705        5.39687        2        -0.611854        -0.454264        0.244021
Te        16.59065        4.49849        5.55251        2        0.152259        -0.238492        0.077786
Te        13.56935        2.13930        2.15028        2        0.338970        0.381099        -0.932912
Te        16.70468        13.07478        2.23133        2        0.152403        0.540435        -0.471003
Te        13.57651        6.55589        5.58749        2        0.120215        0.240232        -0.097921
Te        16.79619        8.99873        5.69876        2        -0.029571        -0.261080        -0.219375
Te        13.70423        6.65409        2.24287        2        -0.489545        0.189328        0.254986
Te        16.67684        4.47808        2.27546        2        0.221650        0.214507        -0.244075
Te        13.71597        11.03240        5.58081        2        -0.587746        0.408040        0.093050
Te        16.60648        0.02265        5.46607        2        0.095353        0.064637        -0.077307
Te        13.67117        10.88998        2.23303        2        -0.492419        0.143573        0.055918
Te        16.63146        8.88193        2.28515        2        0.627606        -0.134383        0.264518
