54
Lattice="19.174335959 0.000456436 -0.025753600 -0.000245188 12.055168952 0.000007040 0.013560858 0.000001769 30.000000000" Properties=species:S:1:pos:R:3:tags:I:1:forces:R:3 energy=-313.80094569 stress= -6.99134 -15.30953 -0.24162 -0.42013 1.30980 0.25400 pbc="T T T"
Mo        2.12115        0.36768        3.75577        1        0.067551        -0.596945        0.517253
Mo        4.45582        2.29443        3.83698        1        0.179476        -0.817643        0.115584
Mo        2.15279        3.78254        3.77542        1        -0.175125        0.015498        0.573915
Mo        4.49523        5.78871        4.00187        1        -0.068452        -0.555953        0.127005
Mo        2.44046        7.94209        3.60296        1        -0.080474        0.772445        0.369045
Mo        4.12210        10.19648        4.30597        1        -0.007627        0.195234        -0.351969
Mo        8.46136        11.65212        3.82293        1        -0.024279        -1.045950        -1.109755
Mo        10.45889        1.51381        3.81207        1        0.379537        -0.024472        0.476013
Mo        8.76962        3.91742        3.22059        1        -0.768435        0.204630        0.116729
Mo        10.75774        6.23146        3.88323        1        0.084675        0.437278        0.556058
Mo        8.47237        8.24520        3.90014        1        -0.646611        -0.151479        -0.315516
Mo        10.82322        9.82688        4.14821        1        -0.075620        0.347315        -0.378272
Mo        15.05466        11.89460        4.03411        1        0.892408        -0.604011        0.526464
Mo        17.05851        2.06065        4.32800        1        -0.453238        0.026077        -0.787274
Mo        15.20758        4.46006        3.84914        1        0.602839        -0.153593        -0.094087
Mo        17.42132        6.40299        4.05811        1        -0.803462        0.179244        -0.730022
Mo        15.00889        8.08837        3.89420        1        0.689013        0.319648        0.312345
Mo        17.45408        9.98015        4.16127        1        -0.577436        -0.573275        0.351077
Te        0.49988        2.02344        5.30401        2        0.562068        0.148871        0.150434
Te        3.88962        3.93259        5.86155        2        0.026146        0.203117        0.318645
Te        5.86196        11.87554        2.74826        2        -0.610905        0.394536        -0.024144
Te        2.62708        2.07431        1.78379        2        0.322717        -0.063578        -0.390769
Te        0.88293        6.01395        4.95041        2        -0.038305        0.309971        0.395764
Te        3.81455        7.89027        5.86681        2        0.286747        -0.313792        0.003848
Te        5.98259        4.05633        2.26132        2        0.023959        -0.185873        0.073214
Te        2.76179        5.78347        2.02085        2        -0.085600        -0.072059        -1.146791
Te        0.95993        10.13634        5.21066        2        0.474598        -0.239369        -0.333559
Te        3.70271        0.35700        5.90736        2        0.511498        0.239872        -0.289218
Te        5.59118        8.12105        2.86688        2        -0.125505        0.196821        -0.050560
Te        2.74801        10.24458        2.02992        2        -0.170654        0.095225        -0.047798
Te        7.40655        1.98561        4.72047        2        -0.711084        0.548387        0.308788
Te        10.26875        3.70448        5.43109        2        0.106459        0.543809        0.603961
Te        12.51396        11.95038        3.37039        2        -0.710047        0.414848        -0.605045
Te        8.96120        1.49248        1.66310        2        -0.388844        -0.052169        0.170692
Te        7.17220        5.78816        4.72958        2        0.535566        0.383452        0.240888
Te        10.14736        8.05642        5.97051        2        0.175576        -0.931281        0.159928
Te        11.28919        3.93188        2.31322        2        0.534473        -0.315116        -0.289257
Te        9.00928        6.41122        1.91178        2        -0.108975        0.004141        -0.230081
Te        6.71466        10.05247        5.33164        2        0.755160        -0.125233        0.227716
Te        10.11058        11.81392        5.93520        2        0.206846        0.065453        0.015647
Te        12.46607        8.21662        2.43596        2        -0.203867        -0.527904        0.611630
Te        9.25979        9.85891        1.89123        2        -0.172292        0.404072        0.479480
Te        14.46082        2.23261        5.33754        2        -0.358624        0.176409        0.390867
Te        16.93719        4.37946        5.86730        2        0.072433        0.138188        0.150172
Te        18.64592        0.05605        2.80954        2        -0.349942        0.499258        0.166213
Te        15.31172        2.00472        2.20831        2        0.471955        0.452518        0.219593
Te        13.42829        5.97643        5.09045        2        -0.497802        0.290617        -0.060025
Te        16.74298        8.08041        6.12388        2        0.008292        0.203085        -0.932701
Te        18.56278        4.01031        2.74621        2        -0.265689        -0.046217        0.214870
Te        15.59437        6.24594        1.87743        2        0.403740        0.335370        0.529955
Te        13.54241        9.91183        5.58566        2        -0.158438        -0.124132        -0.330782
Te        16.74640        12.02981        6.13073        2        0.372810        -0.714823        -0.453339
Te        18.97407        8.15295        2.60757        2        -0.121831        0.033701        0.004709
Te        15.69491        10.11678        2.14868        2        0.021768        -0.376532        -0.550154
