54
Lattice="18.429676749 0.000008540 -0.000615361 -0.000005198 10.852719811 0.000045896 0.042448411 0.000094922 30.000000000" Properties=species:S:1:pos:R:3:tags:I:1:forces:R:3 energy=-319.05745865 stress= -0.90078 -5.07599 -4.30823 0.98450 0.04880 0.55899 pbc="T T T"
Mo        2.37074        0.05839        3.85282        1        -0.636065        -0.564778        -1.671308
Mo        5.46958        1.81320        3.71677        1        -0.120743        0.498887        1.842543
Mo        2.49458        3.77825        3.77651        1        -0.398838        0.451934        1.484834
Mo        5.57849        5.47967        3.90393        1        -1.069888        -0.461422        -0.196010
Mo        2.07404        7.20894        3.76161        1        0.682156        1.623612        0.449489
Mo        5.57073        9.01122        3.96642        1        -1.180132        0.499216        -2.769078
Mo        8.40352        0.11895        3.97159        1        0.469675        -1.261119        -0.678064
Mo        11.41798        1.69389        3.90185        1        0.064022        0.140617        -0.779983
Mo        8.54682        3.65734        4.15138        1        -0.854562        0.360340        -1.622455
Mo        11.47513        5.22858        3.89376        1        -0.331902        0.767279        1.046635
Mo        8.46030        7.35493        4.03546        1        0.912988        -0.243958        -1.158263
Mo        11.55491        9.03992        4.00945        1        0.873207        0.418141        -0.528340
Mo        14.69192        10.81595        3.96032        1        1.086815        -1.131215        0.172856
Mo        17.66419        1.75144        4.08209        1        -0.421248        1.166828        -0.128901
Mo        14.58479        3.49070        3.98941        1        -0.383969        0.689570        -0.866443
Mo        17.74432        5.30518        3.97164        1        -0.116965        0.131781        0.753488
Mo        14.39403        7.02255        3.94791        1        1.097010        0.523644        0.273843
Mo        17.66807        9.26019        4.10963        1        -0.020454        -0.402068        -1.501124
Te        1.44967        1.95343        5.59135        2        0.198233        -0.202956        0.358203
Te        4.50749        3.65733        5.64785        2        0.073130        0.008900        -0.455532
Te        1.29854        2.02801        2.14789        2        0.013910        -1.020858        0.134464
Te        4.47567        10.82555        1.95434        2        -0.326764        -0.321427        0.853035
Te        1.39849        5.48690        5.79091        2        -0.345169        -0.392820        -0.807183
Te        4.14601        7.35466        5.38539        2        1.228684        -1.172894        1.717914
Te        1.26612        5.47664        2.08429        2        -0.580914        -1.065165        -1.396461
Te        4.58027        3.67522        2.03268        2        -0.321360        0.424122        -0.227408
Te        1.37483        9.12750        5.71585        2        -0.140681        0.051096        -0.182715
Te        4.43664        0.00938        5.44914        2        0.306039        0.370585        1.745143
Te        1.13244        9.08175        1.96554        2        0.417022        0.447853        1.155451
Te        4.39939        7.11903        1.98062        2        -0.154320        0.762205        1.105796
Te        7.35567        1.85430        5.87466        2        0.145052        -0.049514        -1.045967
Te        10.64029        3.42910        5.81736        2        -0.632979        0.543425        -0.003893
Te        7.53521        1.97881        2.12375        2        0.517922        -0.419958        0.181523
Te        10.57880        10.69158        1.98574        2        -0.670187        0.442015        1.304319
Te        7.51444        5.61835        5.83661        2        -0.161554        -0.775055        0.022401
Te        10.71276        7.30715        5.85303        2        -1.008690        -0.934988        -0.836732
Te        7.55305        5.56875        2.08988        2        0.302947        -0.359853        0.987383
Te        10.33780        3.59128        2.04312        2        0.721781        -0.370092        0.916116
Te        7.48748        9.02770        5.82850        2        -0.184774        1.000291        0.226877
Te        10.46735        10.84303        5.77610        2        -0.135907        -0.197900        -0.256152
Te        7.38981        9.08195        2.03474        2        1.134941        0.175806        0.774987
Te        10.47113        7.23520        2.19082        2        0.365726        -0.040452        0.592941
Te        13.51111        1.61419        5.61207        2        -0.200870        0.555736        1.080875
Te        16.51397        3.59304        5.83351        2        1.048277        -0.089437        -0.096550
Te        13.56769        1.67383        2.21900        2        -0.078822        0.316752        -0.575061
Te        16.82333        0.18845        2.14028        2        -0.933725        -1.149150        0.391265
Te        13.44530        5.17206        5.78259        2        0.343802        0.499093        -0.130596
Te        16.56616        7.24112        5.64272        2        0.482730        -0.525077        0.230127
Te        13.44194        5.27426        2.13418        2        0.692844        -0.346111        -0.335896
Te        16.67731        3.56374        2.19260        2        -0.186054        -0.151039        0.318549
Te        13.78319        8.89676        5.81672        2        -1.246864        0.524967        -0.488810
Te        16.54388        10.85153        6.06698        2        0.657189        0.222251        -1.201549
Te        13.69415        9.00299        2.22668        2        -0.621790        -0.183934        -0.283519
Te        16.68067        7.22755        2.33690        2        -0.384293        0.208795        0.107175
