54
Lattice="20.324373841 0.000456147 -0.025753600 -0.000245476 10.309403738 0.000007040 0.013560576 0.000001770 30.000000000" Properties=species:S:1:pos:R:3:tags:I:1:forces:R:3 energy=-314.20770206 stress= -11.08395 -4.48136 -3.89320 -0.70127 1.01799 0.27424 pbc="T T T"
Mo        2.22614        9.89628        3.96206        1        1.257412        1.464603        -0.687776
Mo        4.82106        1.64096        3.83679        1        0.748741        0.902690        2.082542
Mo        2.31007        3.67643        3.79555        1        -0.503253        0.139583        0.112673
Mo        4.76856        5.23307        4.06290        1        0.555844        -1.972826        -1.972495
Mo        2.33255        6.63363        3.85266        1        -0.314247        0.758580        -1.090026
Mo        4.93254        8.69825        3.93574        1        -0.330669        -0.062337        1.660213
Mo        9.14859        0.07659        3.88610        1        -1.681367        -0.027226        -1.706083
Mo        11.46338        1.71563        3.99104        1        -0.251515        -0.320876        0.403388
Mo        8.98805        3.44210        4.25106        1        0.292959        0.498162        -2.043452
Mo        11.39713        5.34579        4.04461        1        0.294622        -0.550040        1.390942
Mo        8.92332        6.97128        3.87024        1        -0.239718        -1.197752        1.799310
Mo        11.25385        8.43996        4.13503        1        0.816832        0.605202        -0.506387
Mo        15.69013        0.36025        3.69534        1        -0.210369        -0.308521        0.320226
Mo        18.37021        1.56029        3.72552        1        -0.024440        0.414141        -0.103977
Mo        15.51701        3.34163        3.83789        1        1.915876        0.415688        -0.405286
Mo        18.28655        5.23542        3.86903        1        0.094451        -1.227134        -1.187728
Mo        15.82417        6.66939        3.84442        1        -0.078402        -1.201088        -0.678845
Mo        18.40138        8.69282        3.74765        1        -1.268850        -0.684304        0.721813
Te        0.65394        1.82626        5.41065        2        0.041639        -0.445749        -1.062858
Te        3.99815        3.38662        6.01345        2        0.027452        0.129414        -1.481540
Te        6.62251        10.24939        2.41256        2        -0.176606        0.627865        0.082430
Te        3.11685        1.67172        1.94481        2        -1.040846        -0.059996        -0.063341
Te        0.33394        5.28507        5.37674        2        1.288270        -0.663738        -0.355594
Te        4.12781        6.82659        5.83467        2        -0.725559        2.023196        2.187297
Te        6.65744        3.44904        2.68469        2        -0.356643        0.100902        -0.044381
Te        3.41313        5.12316        1.69053        2        -0.819143        0.070399        1.265107
Te        0.68930        8.58187        5.46545        2        -0.837409        -0.795836        0.410126
Te        4.06144        0.15496        5.91948        2        -0.293287        -1.022660        -0.366436
Te        6.28747        6.91385        2.35559        2        1.152043        -0.489190        0.317488
Te        3.28075        8.52948        1.97333        2        -1.057803        -0.298403        -0.973589
Te        7.27315        1.65030        5.49462        2        0.381344        0.032268        -0.177000
Te        11.28496        3.36671        5.99264        2        -1.295897        1.228509        0.530263
Te        12.85555        10.18303        2.58864        2        0.969291        0.183624        -0.222922
Te        9.76989        1.96263        1.84899        2        -0.448698        -0.805055        1.555215
Te        7.16709        5.31794        5.64364        2        0.774633        -0.319115        -0.661945
Te        10.49324        6.84026        6.16245        2        0.363460        -0.166338        -0.817487
Te        13.10978        3.53293        2.73859        2        -0.452869        0.114049        -1.151095
Te        9.62876        5.15511        2.00621        2        -0.101228        -0.195561        0.768721
Te        7.40913        8.72847        5.51584        2        -0.246906        -0.159300        -0.390002
Te        10.67354        0.04142        5.97443        2        0.798809        -0.338519        0.854658
Te        13.11910        6.88018        2.44151        2        -0.326430        -0.215009        0.740164
Te        9.56851        8.49303        1.93838        2        0.777815        1.382216        -0.667199
Te        14.01292        1.69245        5.49849        2        0.307250        -0.417271        -0.704188
Te        17.43219        3.23966        5.69757        2        0.584524        0.811878        -0.003365
Te        20.13248        10.20112        2.32864        2        0.098705        0.550809        0.017740
Te        16.57641        1.68527        1.66553        2        0.235725        0.729529        -0.007474
Te        14.24996        5.22403        5.63883        2        -0.154807        0.023149        -0.770618
Te        17.66989        6.77366        5.81835        2        -0.332036        1.333687        0.291090
Te        20.07939        3.45320        2.18749        2        -0.027155        0.158274        0.959979
Te        16.55157        4.99378        1.80233        2        -0.193284        0.341241        0.268454
Te        14.57611        8.66918        5.15644        2        -1.169738        -0.277756        0.374963
Te        17.35031        0.06039        5.75078        2        0.732045        -0.823631        -0.321204
Te        20.13466        6.97330        2.27914        2        -0.442619        -0.787366        0.417161
Te        16.27953        8.46482        1.81849        2        0.907269        0.768134        1.059196
