54
Lattice="19.940895089 0.000456147 -0.025753600 -0.000245476 10.721779888 0.000007040 0.013560576 0.000001770 30.000000000" Properties=species:S:1:pos:R:3:tags:I:1:forces:R:3 energy=-314.15724355 stress= -8.02236 -5.87163 -2.17189 -0.31033 1.31010 0.66594 pbc="T T T"
Mo        2.28038        10.56558        3.82141        1        -0.057109        0.736452        -0.687872
Mo        4.84172        1.72616        3.98393        1        -0.755679        -0.187132        -0.197719
Mo        2.23221        3.36765        3.87299        1        -0.621084        0.207883        0.618474
Mo        4.56730        4.68025        3.65830        1        0.330196        0.089606        0.506315
Mo        2.19703        7.14100        3.60935        1        -0.019890        1.223559        0.934581
Mo        4.88566        9.04630        3.78724        1        -1.611371        0.688965        0.153420
Mo        8.99973        0.45707        3.69962        1        0.683145        0.119741        0.231845
Mo        11.34951        1.97733        3.94748        1        -0.111852        -0.363176        2.106760
Mo        8.85673        3.72420        3.54100        1        0.420700        -1.340877        0.331804
Mo        11.07753        5.08442        3.82524        1        1.612166        1.661630        0.724916
Mo        8.88420        6.88231        3.68958        1        0.092841        -0.184520        -1.082179
Mo        11.22346        9.33744        4.28335        1        0.090358        -0.400891        -0.779977
Mo        15.63707        0.09790        4.18723        1        -2.508139        -0.265931        -2.848435
Mo        17.91104        1.82651        4.17589        1        0.358829        0.144279        2.068230
Mo        15.48077        3.42042        3.93055        1        0.115476        0.270920        -0.697924
Mo        17.68210        5.18146        4.08743        1        0.738663        -0.189113        -0.536137
Mo        15.34466        7.40867        3.87327        1        1.607934        -0.451719        1.533082
Mo        17.92356        9.16861        4.05069        1        0.474538        -0.567875        0.911930
Te        0.69750        1.63586        5.75229        2        0.007912        0.455612        -1.069128
Te        3.90025        3.32313        6.05937        2        0.364226        0.217401        -1.523504
Te        6.56837        10.60715        2.40791        2        -0.514659        1.163817        -0.598778
Te        2.91913        1.70437        1.98271        2        0.647263        -0.362983        -0.707012
Te        0.58040        5.41475        4.97266        2        -0.438020        -0.762779        0.580060
Te        4.13935        6.83491        5.36033        2        -0.143265        0.402712        0.764759
Te        6.40558        3.34238        1.86429        2        -0.720424        0.065873        1.570908
Te        2.50877        5.25012        1.84843        2        0.858507        -0.896447        -0.621261
Te        0.84228        8.99686        5.49051        2        -1.008137        -0.636172        -0.670515
Te        3.89974        10.57688        5.81379        2        1.290886        -0.197327        0.631359
Te        6.13818        6.94694        2.87620        2        0.715763        -1.079081        -1.180291
Te        3.02168        8.82756        1.65376        2        0.120197        0.658424        1.107021
Te        7.34188        1.81240        5.41502        2        -0.389389        0.410220        -1.075080
Te        10.39954        3.74671        5.99129        2        0.103658        -0.830707        -1.022627
Te        13.09906        0.17370        2.71316        2        -0.509804        -0.175170        0.191991
Te        10.11436        1.99251        1.62543        2        -1.249084        -0.644792        0.580004
Te        7.38101        5.23559        5.19954        2        -1.050887        -0.186961        0.198040
Te        10.52686        7.02835        5.76791        2        0.341435        0.528250        0.079392
Te        12.92032        3.73899        2.45913        2        0.786077        -0.649470        -0.500520
Te        9.74899        5.27119        1.47152        2        -0.440587        0.844140        0.977267
Te        7.57637        9.02651        4.89611        2        -0.369470        0.015088        0.728437
Te        10.23751        0.36896        6.15472        2        1.078462        -0.352103        -1.142382
Te        12.95787        7.48448        2.74059        2        -1.557441        -0.334533        -0.423598
Te        9.62336        9.00694        2.12331        2        0.488825        0.228489        -0.412178
Te        14.01220        1.92685        5.60889        2        -1.026283        -0.271855        0.252071
Te        17.04450        3.54030        6.11009        2        0.409587        -0.051532        0.048015
Te        19.65634        0.39879        2.71750        2        -0.055076        -2.082131        -0.915899
Te        16.32473        1.54016        2.07881        2        -0.515834        1.527148        -0.539793
Te        13.75900        5.42925        5.33917        2        -0.021041        -0.321012        -0.463122
Te        17.25697        7.08182        5.95055        2        -0.448701        0.781137        -0.830239
Te        19.46913        3.42411        2.45742        2        0.061159        0.375841        0.550535
Te        15.94702        5.33112        2.03556        2        0.303062        0.317477        0.325607
Te        13.83873        9.07930        5.49427        2        -0.050661        0.011742        0.655220
Te        17.21039        10.66077        6.12249        2        1.671106        0.392359        1.678564
Te        19.29964        7.13228        2.69682        2        0.114210        0.483943        -0.152517
Te        16.12904        9.14299        2.05893        2        0.305038        -0.239922        -0.361589
