54
Lattice="18.798270284 0.000008540 -0.000615361 -0.000005198 10.639921383 0.000045896 0.042448411 0.000094922 30.000000000" Properties=species:S:1:pos:R:3:tags:I:1:forces:R:3 energy=-322.09403201 stress= -5.17768 -1.14390 -1.93750 1.62870 0.08927 -0.29358 pbc="T T T"
Mo        2.26763        0.03321        3.96156        1        0.872938        -0.277723        1.152174
Mo        5.56133        1.72210        3.90065        1        0.361057        -0.287515        0.564036
Mo        2.38501        3.56648        3.91479        1        -0.328218        0.272123        -0.398671
Mo        5.56269        5.37958        3.89057        1        0.668759        -0.906070        -0.293410
Mo        2.42337        7.08256        3.95180        1        0.322662        0.725139        -0.271459
Mo        5.49081        8.91155        3.93182        1        0.078298        0.045205        -0.881083
Mo        8.67024        0.02305        3.82876        1        -0.171900        -0.812177        0.337707
Mo        11.83189        1.73725        3.92468        1        0.014571        0.527419        -0.857637
Mo        8.69288        3.58474        3.80769        1        -0.573745        -0.564150        0.209863
Mo        11.81947        5.36698        3.90177        1        0.245535        0.101867        -0.448654
Mo        8.69646        6.98088        3.90236        1        0.056223        0.489139        -0.781582
Mo        11.80033        8.87351        3.84815        1        -0.579360        -0.785131        -0.380083
Mo        14.87207        0.02386        4.04463        1        -0.488716        -0.252180        -0.652597
Mo        17.94967        1.72245        4.01961        1        0.006113        0.384806        -0.560635
Mo        14.83838        3.61472        3.91359        1        0.869663        -0.143541        0.097994
Mo        18.15048        5.33207        4.14838        1        0.163235        0.139395        -1.241399
Mo        14.95424        7.14787        3.95892        1        -0.967147        -0.949669        -0.603496
Mo        17.93918        8.86115        4.03495        1        0.459217        -0.310682        0.490913
Te        1.27072        1.86756        5.71425        2        0.032962        -0.400116        0.350040
Te        4.49801        3.47099        5.64709        2        0.182662        0.587618        0.157095
Te        1.24113        1.73149        2.17676        2        -0.275646        0.583066        -0.061680
Te        4.32349        0.08418        2.13789        2        0.327039        -0.647665        0.175904
Te        1.50735        5.36058        5.79295        2        -0.181225        -0.422462        0.228001
Te        4.57846        7.12436        5.67439        2        -0.407279        -0.211686        0.529993
Te        1.37708        5.47153        2.09211        2        -0.223447        -0.942475        0.683762
Te        4.51823        3.47741        2.17265        2        -0.256564        0.635808        -0.310937
Te        1.31989        8.75523        5.83611        2        -0.177102        0.752380        -0.692337
Te        4.42736        10.61987        5.78541        2        -0.013209        0.271212        -0.605758
Te        1.21926        8.94433        2.23474        2        0.016230        -0.629175        -0.035795
Te        4.50347        7.11892        2.07495        2        -0.249218        0.219909        0.410251
Te        7.73942        1.76676        5.67758        2        -0.559412        0.070152        -0.311291
Te        10.73456        3.55376        5.63313        2        0.220080        -0.028622        0.223871
Te        7.64644        1.74794        2.06714        2        -0.404987        0.328410        -0.200774
Te        10.69683        0.01908        2.05541        2        0.583399        -0.008559        -0.057955
Te        7.69400        5.17837        5.69652        2        -0.585199        0.779948        -0.079701
Te        10.74628        7.07975        5.70266        2        -0.067071        0.204336        -0.189304
Te        7.63353        5.33772        1.95438        2        -0.183680        -0.114592        0.802033
Te        10.79850        3.60380        2.15737        2        0.210526        -0.585544        -0.592638
Te        7.63372        8.81420        5.66982        2        0.074471        0.231435        -0.387138
Te        10.72368        10.60534        5.56189        2        -0.060527        0.052075        1.134766
Te        7.59790        8.81519        2.08425        2        -0.035979        0.049534        0.563983
Te        10.80655        7.03492        2.00302        2        -0.336670        0.475739        0.683320
Te        13.85263        1.81378        5.77408        2        -0.226492        0.228062        0.007795
Te        16.91139        3.58188        5.83509        2        0.022942        -0.411085        -0.479650
Te        13.91985        1.77857        2.12703        2        -0.151637        -0.022235        0.294006
Te        16.81874        10.53111        2.18728        2        0.889595        0.674223        0.237013
Te        13.82601        5.39162        5.70164        2        0.121953        -0.237415        0.169674
Te        16.92377        6.99358        5.84763        2        0.220590        0.861835        0.177545
Te        13.86434        5.29479        1.97688        2        0.289240        0.603840        1.137006
Te        17.14407        3.68419        2.25275        2        -0.796608        -0.785895        0.266200
Te        13.72963        8.78871        5.75228        2        0.570736        0.663756        0.014771
Te        16.88125        10.62264        5.80840        2        0.381823        -0.011980        0.510723
Te        13.90155        8.94436        2.13782        2        0.031557        -0.340961        0.131749
Te        17.05659        7.02727        2.28968        2        0.033572        0.152466        -0.383859
