54
Lattice="19.174335959 0.000456436 -0.025753600 -0.000245188 11.746062056 0.000007040 0.013560858 0.000001769 30.000000000" Properties=species:S:1:pos:R:3:tags:I:1:forces:R:3 energy=-307.05054152 stress= -4.30403 -5.86188 0.39976 -2.13209 -1.55783 -0.19995 pbc="T T T"
Mo        2.11698        11.48408        3.54232        1        1.346544        -1.051402        2.809640
Mo        4.72996        1.48598        3.46872        1        -0.669285        0.635817        -0.285729
Mo        2.04463        4.19854        3.27578        1        -0.434094        0.129944        -0.032419
Mo        4.31302        6.23562        3.36114        1        0.651805        -0.651178        2.097435
Mo        2.12228        7.43030        3.64950        1        -1.133312        1.339005        1.162180
Mo        4.43001        9.85187        3.57226        1        -0.312083        -0.562201        0.000798
Mo        8.28691        0.27705        3.96335        1        -0.213549        1.110840        -1.219824
Mo        10.38390        1.97657        4.03266        1        0.740678        1.742535        0.964654
Mo        8.57349        4.14283        3.44255        1        -0.345016        -0.647266        0.652975
Mo        11.00512        5.93401        4.00510        1        -0.230501        -2.503386        -0.562861
Mo        8.72965        7.46121        3.40025        1        0.430041        2.116999        0.862916
Mo        10.28386        10.54368        4.03592        1        -0.425035        -0.920245        1.746755
Mo        14.88138        0.38516        4.36385        1        1.550326        -0.546651        0.030518
Mo        17.54563        2.21061        4.04948        1        -2.483673        0.028033        -0.255926
Mo        14.88229        3.47737        4.01747        1        0.646255        -0.014354        0.776025
Mo        16.92252        5.34130        4.22884        1        1.269507        0.606400        -0.288880
Mo        15.23806        7.79071        4.15434        1        -0.327738        -0.933178        1.227409
Mo        17.20281        9.78763        4.90579        1        -0.874317        -0.596142        -1.036874
Te        0.86672        2.30091        5.06452        2        0.341837        -0.704199        -0.092284
Te        3.76043        3.85428        5.08282        2        1.340196        0.631119        0.794512
Te        6.14407        11.52778        2.09267        2        0.193907        -0.150430        -0.205088
Te        2.31210        1.67729        1.95541        2        1.031366        1.881738        -0.985490
Te        0.48057        5.37318        5.26426        2        0.609812        0.968723        -0.505456
Te        4.00670        8.07308        5.61467        2        -0.143629        -0.615079        -1.024184
Te        6.01296        3.78450        2.27312        2        -0.323255        0.501595        -0.203289
Te        2.50821        6.03716        1.47536        2        -0.353914        -0.231500        -1.836905
Te        0.96212        9.98287        5.53916        2        -0.862454        -0.861165        -0.207784
Te        4.14510        11.69027        5.49833        2        -0.680438        0.183756        0.248398
Te        5.64949        8.08214        1.95544        2        0.979925        -0.503016        -0.925197
Te        2.29316        9.51628        1.77594        2        0.479332        -0.321021        0.175562
Te        6.98335        2.22036        5.14016        2        -0.558972        0.525154        0.294187
Te        9.98769        4.16562        5.87131        2        -0.062360        -0.224693        -1.203132
Te        12.31712        0.22978        3.68799        2        1.456032        -0.235585        -0.895256
Te        8.99019        1.68374        1.73795        2        0.305031        1.281201        0.455181
Te        6.85474        6.21926        4.58354        2        -0.348063        -1.410823        0.738728
Te        10.46400        8.04394        5.36797        2        -0.491333        1.036778        1.236939
Te        12.50300        3.71659        2.67620        2        -0.787120        -0.060805        0.128312
Te        9.58486        5.79912        1.64647        2        0.578233        -0.661968        -1.068162
Te        7.25373        9.78465        4.96172        2        -0.347931        -0.959626        0.074780
Te        10.19122        0.49356        6.25879        2        -0.851306        -0.413744        -0.075433
Te        12.75701        7.51520        2.81074        2        0.109476        0.985668        -0.514402
Te        9.47335        9.63224        1.85945        2        -0.595408        -0.776452        -1.688056
Te        13.54724        2.20313        5.96220        2        0.115050        -0.068496        -0.208845
Te        16.84624        3.77885        6.31206        2        -0.753610        -1.072412        -1.078592
Te        18.64071        11.55136        3.18876        2        -0.678703        0.029398        -0.506665
Te        15.62048        1.41303        1.94714        2        0.277795        1.721879        1.872755
Te        13.38259        6.01181        5.74711        2        0.293380        -0.441888        -0.768572
Te        16.75947        7.33908        6.22306        2        0.632750        0.007105        0.311239
Te        18.63227        4.13758        2.18138        2        -1.080327        -0.413035        0.729194
Te        15.06282        5.91905        2.32323        2        0.502618        -1.575444        -1.612777
Te        14.33515        9.72022        5.95131        2        0.752220        0.609908        -0.484716
Te        17.01891        0.37688        6.13133        2        -0.474666        0.628961        0.153138
Te        18.08801        7.52865        2.85766        2        0.339253        0.691720        0.512181
Te        15.62406        9.92712        2.70858        2        -0.096247        0.762465        -0.278535
