54
Lattice="18.429676749 0.000008540 -0.000615361 -0.000005198 10.639921383 0.000045896 0.042448411 0.000094922 30.000000000" Properties=species:S:1:pos:R:3:tags:I:1:forces:R:3 energy=-320.68679590 stress= 1.34558 2.22268 1.94091 3.16432 0.72293 0.69866 pbc="T T T"
Mo        2.22650        0.03830        4.05510        1        0.484076        -0.027865        -0.696196
Mo        5.33048        1.83685        4.06915        1        0.254379        0.390489        -0.137960
Mo        2.32184        3.52831        4.03600        1        -0.228146        0.753173        0.481956
Mo        5.47253        5.37134        3.97010        1        -0.257454        -0.235352        -1.404465
Mo        2.37284        7.22519        4.08904        1        0.403181        -0.691949        -1.198076
Mo        5.44762        8.95563        3.89722        1        -0.263775        -0.422799        -0.022866
Mo        8.30032        10.46271        3.89646        1        2.279854        1.035385        0.064248
Mo        11.63571        1.73939        3.79381        1        -0.526629        -0.342605        0.514993
Mo        8.44027        3.59538        3.83371        1        1.575392        -0.497956        0.808524
Mo        11.51771        5.36996        3.88857        1        -0.349483        0.449393        -0.218474
Mo        8.58920        6.93889        3.83210        1        -1.329483        1.735190        -1.198177
Mo        11.45351        8.82157        3.78629        1        1.535572        -0.235668        1.130087
Mo        14.66462        10.55692        3.82510        1        0.110968        0.606706        1.162501
Mo        17.61800        1.81284        3.97306        1        0.595631        -0.072524        -0.308760
Mo        14.53266        3.45035        3.90532        1        -0.116014        1.196657        -0.337063
Mo        17.71245        5.38510        4.04354        1        0.296863        -0.289084        0.343010
Mo        14.68570        7.01240        3.85760        1        -0.805699        0.451582        1.155087
Mo        17.78266        8.70016        3.96256        1        -0.635586        0.967147        0.405711
Te        1.26640        1.72955        5.82044        2        -0.701711        0.805363        0.305587
Te        4.32854        3.68893        5.78339        2        0.688845        -0.450297        0.722435
Te        1.27114        1.95081        2.14644        2        -0.438855        -0.966710        0.454946
Te        4.20664        0.21257        2.29225        2        0.762423        -0.839232        -0.749074
Te        1.44334        5.42787        5.86400        2        -0.922172        -0.573117        -0.069126
Te        4.46116        7.14668        5.65869        2        0.510111        0.449913        1.354631
Te        1.50938        5.41623        2.29960        2        -1.339835        -0.239925        -0.206893
Te        4.31139        3.59608        2.24640        2        0.519757        -0.099723        -0.342619
Te        1.33350        8.90665        5.83063        2        -0.456083        -0.026080        0.892384
Te        4.43064        10.63434        5.86334        2        -0.361725        0.121779        -0.465998
Te        1.38907        8.82451        2.20654        2        -0.266821        0.645232        -0.419288
Te        4.34357        7.14742        2.13784        2        0.446121        0.200643        0.418141
Te        7.52460        1.73208        5.65270        2        -0.217589        0.146538        0.627587
Te        10.59308        3.48665        5.63298        2        -0.396133        -0.014584        -0.261974
Te        7.39213        1.85111        2.25746        2        -0.807171        -1.407458        -1.244229
Te        10.47086        10.54755        2.06322        2        -0.642189        1.085867        -0.095159
Te        7.56385        5.29499        5.61611        2        -0.418004        -0.065107        1.465046
Te        10.45620        7.09402        5.68304        2        0.721197        -0.003700        0.277753
Te        7.44705        5.23516        1.98029        2        -0.292906        0.665297        0.169926
Te        10.51590        3.63009        2.02334        2        0.179637        -0.609007        0.357681
Te        7.46922        8.70254        5.76141        2        -0.006688        0.084102        -0.646211
Te        10.57402        10.53769        5.68312        2        -0.671796        0.680417        -0.750922
Te        7.42254        8.84738        1.96090        2        -0.223745        -0.583264        0.552229
Te        10.62156        7.20872        1.95620        2        -0.666144        -1.487916        -0.347177
Te        13.62528        1.77252        5.73584        2        -0.352481        -1.068676        -0.404606
Te        16.48032        3.55320        5.77879        2        0.846921        -0.044718        -0.236394
Te        13.66358        1.59810        2.00088        2        0.005519        1.002786        -0.013507
Te        16.82626        10.55966        2.05914        2        -0.177945        0.184347        0.919836
Te        13.49118        5.38554        5.74333        2        0.443500        -0.786758        -0.459397
Te        16.58799        7.00972        5.85289        2        0.340096        0.406252        -0.237079
Te        13.52554        5.35231        2.15556        2        0.460163        -0.842857        -0.860591
Te        16.65803        3.75669        2.21027        2        0.000986        -1.226165        -0.176873
Te        13.52461        8.70886        5.56628        2        0.153014        0.994659        0.231369
Te        16.65485        10.49924        5.67897        2        0.000397        0.388837        -0.010741
Te        13.72467        8.90207        2.02322        2        -0.787635        -1.027663        -0.032577
Te        16.66441        7.06092        2.19522        2        1.051285        -0.236068        -1.290137
