54
Lattice="19.173937585 0.000456147 -0.025753600 -0.000245476 11.340344112 0.000007040 0.013560576 0.000001770 30.000000000" Properties=species:S:1:pos:R:3:tags:I:1:forces:R:3 energy=-315.08700182 stress= -5.68472 -12.26674 0.24611 -1.17018 -0.30463 -0.04217 pbc="T T T"
Mo        2.10932        0.19945        3.66403        1        0.153304        -0.930188        -0.737874
Mo        4.41327        1.62815        3.72095        1        1.184489        -0.047659        -0.076250
Mo        2.42515        3.88106        3.78753        1        -0.887396        0.439019        -1.490322
Mo        4.37495        5.90374        4.00647        1        1.043451        0.134680        -0.488713
Mo        2.15541        7.74148        3.78789        1        0.241301        -0.135929        0.413228
Mo        4.36250        9.47997        3.94273        1        -0.047700        1.318275        0.025506
Mo        8.57553        11.07504        3.79290        1        0.345581        -0.687687        -0.662744
Mo        10.84447        1.41766        4.10196        1        0.636244        1.483422        -0.878971
Mo        8.62476        3.51241        3.81613        1        0.511337        -0.116286        -1.170773
Mo        10.70564        5.80954        4.20078        1        1.093937        -0.811349        -0.341507
Mo        8.45072        7.75995        3.87315        1        0.515838        -0.472542        -0.308354
Mo        10.85402        9.18318        4.08091        1        -0.069207        1.122978        0.141530
Mo        14.93421        0.12007        3.88602        1        0.038987        0.622458        0.409028
Mo        17.43954        2.08613        3.99277        1        -1.607377        -0.284830        0.307943
Mo        14.89886        3.89312        3.86570        1        -0.635195        -1.035622        1.292261
Mo        17.21049        5.71567        4.09130        1        0.706191        -0.461614        0.792327
Mo        15.05357        7.41101        4.03587        1        -0.419288        -0.471579        0.554185
Mo        17.10315        9.58515        4.19104        1        0.198366        0.553441        0.117861
Te        0.80674        1.85374        5.25214        2        -1.039171        1.270685        0.481211
Te        4.45375        3.63453        5.52189        2        -1.123633        0.419615        1.012018
Te        5.99442        11.33494        2.17211        2        0.066079        -0.463265        0.620025
Te        2.56631        2.19765        1.75835        2        0.323292        -0.949563        -0.235895
Te        0.83081        5.57187        5.23081        2        -0.556525        0.613062        0.108656
Te        3.90036        7.79876        5.92925        2        -0.589847        -0.891071        0.152623
Te        5.87969        3.81480        2.29642        2        0.092429        -0.217963        0.874399
Te        2.88318        5.95538        1.79380        2        -0.503351        -0.400161        0.705664
Te        0.54490        9.60280        5.18296        2        0.380022        0.237493        0.328428
Te        3.63264        0.15954        5.88215        2        0.711630        -0.570632        -0.645531
Te        6.05472        7.68825        2.51680        2        -0.802604        0.006560        -0.350034
Te        2.74872        9.58950        1.85554        2        -0.313569        -0.130376        -0.617076
Te        7.06116        1.72909        4.94933        2        -0.862746        -0.462496        0.731803
Te        10.43510        3.54772        5.84143        2        -0.574970        0.437059        -0.213317
Te        12.37458        11.12578        2.61427        2        0.368226        0.033200        -0.328422
Te        9.31756        1.53464        1.93885        2        -0.415551        0.754028        -0.387833
Te        7.00542        5.67043        4.93232        2        0.427014        -0.273308        0.329212
Te        10.03190        7.47935        6.04511        2        0.141902        0.668779        0.953098
Te        12.23435        3.65088        2.66962        2        -0.040553        0.225769        0.423809
Te        9.15226        5.62388        2.06848        2        -0.231012        0.038421        0.127018
Te        6.74144        9.43737        5.33785        2        1.303151        0.297603        -0.023835
Te        10.31702        11.22863        6.01543        2        -0.775609        -1.739548        0.791493
Te        12.48844        7.30413        2.65830        2        -0.487366        0.344458        0.160557
Te        9.33412        9.11986        1.76769        2        -0.127518        1.043569        0.870530
Te        13.44697        1.86721        5.44824        2        -0.180663        -0.055091        -0.200216
Te        16.40858        3.80012        6.01719        2        1.201686        0.332309        -0.433157
Te        18.61320        0.04673        2.35964        2        0.210020        0.189468        0.588186
Te        15.45844        1.91872        2.04101        2        0.477088        0.534134        -0.610701
Te        13.38053        5.82006        5.65447        2        0.044387        -0.416812        -0.783649
Te        16.94928        7.75133        6.15211        2        -0.802689        -0.965490        -0.665773
Te        18.87341        3.84545        2.34694        2        -0.269525        0.283194        0.971443
Te        15.36658        5.63870        2.05322        2        0.715793        0.585415        -1.178048
Te        13.52891        9.45697        5.30482        2        -0.387949        -0.336722        0.389536
Te        16.50406        0.18461        6.03260        2        0.663855        0.236780        -0.391554
Te        18.71834        7.73786        2.87821        2        -0.288264        -0.644937        -0.818124
Te        15.37790        9.40898        2.18000        2        0.229969        -0.231897        -0.637258
