54
Lattice="18.429676749 0.000008540 -0.000615361 -0.000005198 11.703913521 0.000045896 0.042448411 0.000094922 30.000000000" Properties=species:S:1:pos:R:3:tags:I:1:forces:R:3 energy=-315.22791290 stress= -6.49757 -17.10016 -1.93409 1.85202 1.73355 -0.66783 pbc="T T T"
Mo        2.18051        0.07509        4.02043        1        -0.021661        0.483323        -0.094496
Mo        5.47796        2.16204        4.01482        1        -0.248065        -0.117466        -0.127420
Mo        2.32650        3.90194        3.86116        1        0.569528        -0.723605        0.636166
Mo        5.18054        5.91814        3.91597        1        1.070640        -0.473598        -1.193192
Mo        2.33116        8.04127        3.71326        1        0.367825        -2.475817        1.365748
Mo        5.27387        9.79071        3.73920        1        0.285428        0.592569        -1.317801
Mo        8.45291        0.15514        3.82464        1        -0.374992        -0.492694        1.327840
Mo        11.48767        1.98472        3.90443        1        0.393198        -0.353331        -0.520513
Mo        8.38730        3.94137        3.75825        1        1.292024        -0.179508        1.545021
Mo        11.64595        5.87649        3.91677        1        -1.084018        -0.948726        -0.737962
Mo        8.29423        7.79086        3.98602        1        0.177180        -0.753813        -0.020896
Mo        11.52210        9.62312        3.95460        1        -0.202107        0.683590        1.762091
Mo        14.59865        11.54845        4.08242        1        -0.083969        0.488044        0.025457
Mo        17.82024        2.00095        4.06190        1        -0.210713        -0.739365        0.229601
Mo        14.49791        3.89608        3.79736        1        1.040183        -0.006486        0.706668
Mo        17.76093        5.75578        3.86873        1        -1.252342        -0.342013        1.252248
Mo        14.50510        7.56030        4.10118        1        0.560158        1.476521        -0.295011
Mo        17.85517        9.62938        4.02340        1        -1.977426        0.497393        -1.557044
Te        1.43790        2.06412        5.96610        2        -0.306030        -0.191594        -1.552022
Te        4.37009        4.12446        5.73661        2        -0.344442        -0.943265        -0.062524
Te        1.42564        2.00207        2.04720        2        -0.957880        -0.252651        1.263522
Te        4.23156        0.39114        2.28749        2        0.770980        -1.059737        -0.355371
Te        1.40698        5.87488        5.44659        2        0.280938        0.660252        1.003932
Te        4.40497        7.85672        5.48780        2        -0.720222        0.935603        0.952162
Te        1.36310        5.84504        2.12721        2        0.314199        0.151194        -0.479305
Te        4.45449        3.85456        2.19158        2        -0.502735        0.642333        -0.479093
Te        1.32628        9.62367        5.64686        2        1.603462        0.645126        1.627997
Te        4.50569        0.02470        5.50809        2        -0.705665        0.305389        0.843926
Te        1.45721        9.82002        2.07068        2        -1.213112        1.207636        -0.165384
Te        4.37543        7.89272        2.02961        2        0.319923        -0.349850        -0.642120
Te        7.54703        2.11185        5.71549        2        0.237066        -0.310519        -0.257726
Te        10.57653        3.88759        5.63961        2        -0.536820        0.351998        -0.820635
Te        7.45951        2.05012        2.11168        2        -0.130543        -0.357504        -0.220721
Te        10.55906        11.64217        2.22114        2        0.519314        0.097722        -0.231485
Te        7.31969        5.76541        5.65604        2        0.311590        0.280399        -0.373193
Te        10.54811        7.51887        5.76582        2        -0.683472        1.192639        -0.535912
Te        7.30814        5.77645        2.18082        2        -0.007538        1.065862        -0.322455
Te        10.56215        4.02714        1.96730        2        0.042491        -0.186474        1.294528
Te        7.23269        9.76280        5.41025        2        1.427037        0.815685        1.652054
Te        10.60255        0.00264        5.71176        2        -0.524725        0.029924        -0.886723
Te        7.58100        9.89170        2.07596        2        -0.934914        -0.380290        0.272785
Te        10.31899        7.85557        2.32686        2        1.221041        -0.625665        -1.045231
Te        13.66763        1.99955        5.58004        2        -0.530133        -0.469349        0.194261
Te        16.51201        3.90009        5.83447        2        0.747412        -0.087509        -1.496804
Te        13.57182        1.83039        2.09420        2        0.177879        0.028235        0.808968
Te        16.66757        11.60977        2.28956        2        0.609026        0.174824        0.767216
Te        13.52080        5.62225        5.79721        2        0.486989        0.289764        -0.327816
Te        16.59372        7.58239        5.76941        2        0.969031        0.175420        -0.246553
Te        13.72078        5.94168        2.12286        2        -0.462900        -0.423006        -0.203118
Te        16.83051        3.75255        2.26212        2        -0.714756        0.281816        -0.377433
Te        13.47200        9.64460        6.03137        2        0.370631        -0.135848        -1.667399
Te        16.82778        11.58681        5.76334        2        -0.205644        0.244692        -0.449233
Te        13.66237        9.68250        2.33721        2        -0.021670        -0.674780        0.019405
Te        16.87744        7.72573        2.33828        2        -1.253273        0.257411        -0.469849
