54
Lattice="19.173937585 0.000456147 -0.025753600 -0.000245476 11.134156037 0.000007040 0.013560576 0.000001770 30.000000000" Properties=species:S:1:pos:R:3:tags:I:1:forces:R:3 energy=-315.02082173 stress= -5.20431 -9.26070 -2.51015 2.05440 -1.47063 -1.34607 pbc="T T T"
Mo        2.22194        0.03783        3.54752        1        0.174099        0.384304        0.761468
Mo        4.31915        2.17816        3.95635        1        0.475258        0.635026        -0.073115
Mo        1.87012        4.11820        3.60151        1        1.070937        -0.528084        0.996064
Mo        4.55069        5.59760        3.96064        1        -0.375987        0.492610        0.123889
Mo        2.27803        7.32418        3.82006        1        -0.519197        0.743086        1.084772
Mo        4.51168        8.88272        4.14202        1        0.124222        0.930111        -0.887555
Mo        8.61159        10.86382        4.17618        1        -0.515863        0.377433        -0.776407
Mo        10.91933        1.37232        4.33508        1        0.387404        1.279891        -0.784604
Mo        8.77299        4.05284        3.66181        1        0.202969        -0.443934        0.982506
Mo        10.81468        5.83052        4.25074        1        -0.248900        -0.278321        -0.210118
Mo        8.46987        7.44657        4.15731        1        0.813569        0.329555        -0.769552
Mo        10.85144        9.33691        4.28948        1        0.389800        -0.759642        0.371445
Mo        15.21227        10.83843        3.68178        1        -1.618795        0.334548        0.339114
Mo        17.18131        1.98788        3.85925        1        0.360130        -0.255000        1.196512
Mo        14.89232        3.67779        3.84427        1        -0.963115        0.626626        0.822479
Mo        17.14305        5.63021        3.82515        1        0.163230        -0.724606        -0.635099
Mo        15.06845        7.31162        3.57690        1        -0.647603        0.388509        0.816403
Mo        17.29022        9.26408        3.79647        1        0.692125        -0.550587        -0.727435
Te        0.48977        1.87161        4.97871        2        0.817876        0.724287        0.337884
Te        3.58268        3.94368        5.78911        2        -0.667468        -0.610686        0.266357
Te        5.99210        10.98532        2.91696        2        0.202527        0.488995        -0.086235
Te        2.73360        2.28172        1.84083        2        -0.330459        -1.090248        -0.420318
Te        0.36242        5.55251        5.36785        2        0.661638        0.312370        -0.292747
Te        3.85656        7.29085        6.14359        2        -0.266571        -0.198723        -0.723596
Te        5.71284        3.74033        2.29821        2        1.418171        0.284946        -0.445712
Te        2.99826        5.79944        1.83590        2        -0.451256        -0.495282        -1.119018
Te        0.61992        9.32926        5.12783        2        0.509427        0.050049        0.082481
Te        4.04056        0.11656        5.58372        2        -0.875894        -0.735297        0.554435
Te        6.06782        7.56208        2.19518        2        -0.283416        -0.269967        1.515792
Te        2.90150        9.24851        1.89341        2        0.103680        -0.351596        -0.189512
Te        7.04955        2.15398        5.01756        2        0.188893        -0.531690        -0.226712
Te        10.36484        3.48311        6.02464        2        -0.326709        0.835256        -0.995718
Te        12.37656        10.95919        2.57511        2        0.197692        0.237584        0.097898
Te        9.35544        1.76890        2.14480        2        -0.472521        -0.376822        0.591109
Te        6.99469        5.43016        5.34906        2        0.118630        0.303574        -0.060897
Te        10.25227        7.58363        6.32810        2        -0.146576        -0.690127        -0.892098
Te        12.22647        3.48917        2.84240        2        -0.235839        0.511768        0.146621
Te        9.12172        6.07035        1.87270        2        0.462450        -1.390053        0.899383
Te        6.99246        9.20248        5.72547        2        -0.081719        -0.142309        -0.093388
Te        10.30796        11.03587        6.37999        2        -0.385665        -0.547337        -0.012704
Te        12.40218        7.51353        2.81667        2        -0.582493        -0.829302        -0.786013
Te        9.19458        9.20658        2.13545        2        -0.074087        0.728721        0.743078
Te        13.69436        1.36431        5.45381        2        -0.364304        0.964561        -0.394139
Te        16.72135        3.79904        5.79868        2        -0.147224        -0.008392        0.261886
Te        18.75734        0.26065        2.43913        2        0.369387        -1.217443        -0.509336
Te        15.43923        1.81760        1.99178        2        -0.809074        -0.428207        -1.537598
Te        13.44094        5.47889        5.47816        2        0.034864        0.213753        -0.487942
Te        16.66134        7.50782        5.75382        2        0.047497        -0.302161        0.013456
Te        18.38107        3.82585        1.93688        2        0.773364        0.203016        1.152353
Te        15.14191        5.27401        1.71495        2        0.625964        0.591785        0.463796
Te        13.65455        9.14236        5.18349        2        -0.242488        0.054003        0.593351
Te        16.77552        10.91829        5.89281        2        0.046040        1.009036        -0.583945
Te        18.97622        7.38352        2.55010        2        -0.558405        0.182396        -0.753343
Te        15.44146        9.18642        1.58968        2        0.737938        -0.464534        0.237902
