54
Lattice="19.940895089 0.000456147 -0.025753600 -0.000245476 10.309403738 0.000007040 0.013560576 0.000001770 30.000000000" Properties=species:S:1:pos:R:3:tags:I:1:forces:R:3 energy=-319.03460570 stress= -9.92340 -3.06155 -0.94806 -2.01819 -0.76835 0.53151 pbc="T T T"
Mo        2.07029        10.17884        3.82563        1        1.300823        0.195863        0.501398
Mo        4.69651        1.77431        4.01413        1        -0.192500        -1.646721        -0.852059
Mo        2.27383        3.24246        3.94125        1        -0.392804        -0.112225        -0.448955
Mo        4.68244        5.03186        3.97468        1        0.677224        1.222041        -0.367944
Mo        2.23296        6.61026        3.82009        1        -0.197013        0.268249        0.230349
Mo        4.64973        8.67011        3.93654        1        -0.455626        -0.765848        0.393844
Mo        8.88997        0.02914        3.75493        1        0.634516        0.875750        -0.194941
Mo        11.34262        1.92031        4.07710        1        -0.230945        0.309105        0.434880
Mo        8.99923        3.49691        3.81764        1        -0.214381        -0.966474        -0.580297
Mo        11.22654        5.27030        4.02235        1        0.782275        -0.249867        0.346194
Mo        8.83284        6.88324        3.87249        1        0.756077        -0.304750        -0.176541
Mo        11.25140        8.80491        3.95881        1        0.824205        -0.820402        0.939956
Mo        15.39419        0.14401        3.96474        1        1.540919        0.821125        -0.565749
Mo        17.91984        1.71784        4.04160        1        0.440826        0.693483        0.169564
Mo        15.60529        3.64281        3.86288        1        -1.282013        -1.167356        1.349483
Mo        17.94108        5.21069        4.00559        1        0.023345        -0.938554        1.004458
Mo        15.43755        6.99453        3.77293        1        0.266600        -0.258299        0.750777
Mo        17.94457        8.52530        3.80115        1        -0.116855        0.593763        0.257500
Te        0.58021        1.51947        5.45691        2        -0.295512        0.458335        -0.008752
Te        4.19525        3.45810        5.92149        2        -0.898786        -0.422750        1.725190
Te        6.07554        10.23032        2.26229        2        0.864728        0.436237        0.224211
Te        2.91837        1.56512        1.90029        2        0.046317        0.008491        0.217723
Te        0.52778        4.81018        5.51312        2        0.382233        1.123381        -0.508027
Te        3.92015        6.84697        5.91897        2        0.358506        -0.061655        -0.448846
Te        6.35798        3.29648        2.51056        2        0.430326        0.500795        -0.617016
Te        3.01060        4.81760        1.88511        2        -0.251284        0.908291        0.118672
Te        0.47363        8.50237        5.36251        2        0.045983        -0.684780        -0.465966
Te        3.87613        0.01285        5.91102        2        0.074247        -0.173519        -0.012179
Te        6.39596        6.80971        2.50221        2        -0.458165        -0.061367        -0.037608
Te        2.81140        8.45699        1.92981        2        0.265517        -0.494802        -0.360664
Te        7.32920        1.63903        5.29254        2        -0.491605        0.423201        0.257595
Te        10.48919        3.61332        6.12080        2        0.408461        -0.147318        -1.056551
Te        13.02584        0.28560        2.59783        2        -0.445660        -0.677305        -0.534811
Te        9.85246        1.79427        1.80084        2        -0.615078        -0.209833        0.723865
Te        7.35024        4.96705        5.33916        2        -0.860888        1.132868        0.420445
Te        10.61232        7.00549        6.04976        2        -0.078011        0.336795        -1.213914
Te        13.02214        3.46514        2.41866        2        -0.218577        0.672926        0.479593
Te        9.61574        5.17524        1.82700        2        -0.126028        0.372124        0.344682
Te        7.28770        8.67116        5.22987        2        -0.916930        -0.306533        0.634244
Te        10.58837        0.17270        5.98404        2        -0.159472        -0.303235        -0.401849
Te        12.95016        6.89520        2.37595        2        -0.476640        0.319047        0.423095
Te        9.59304        8.60928        1.91724        2        -0.187713        -0.334346        -1.036075
Te        13.87704        1.99072        5.53743        2        0.052174        -0.363019        -0.378607
Te        17.15293        3.48608        6.07093        2        0.495121        -0.008038        -0.841018
Te        19.62476        10.18047        2.32463        2        -0.465339        0.088799        0.148769
Te        16.23991        1.91140        1.98423        2        -0.123109        -0.974890        -0.353041
Te        13.82023        5.22942        5.38216        2        0.009159        0.458981        -0.107773
Te        17.20243        7.06223        5.88585        2        -0.085588        -1.062546        -0.174339
Te        19.67245        3.17713        2.40094        2        -0.117415        0.432771        0.481255
Te        16.20400        5.19001        1.94094        2        0.409440        1.290027        -1.505938
Te        13.84091        8.76524        5.27284        2        -0.730069        -0.838925        0.807289
Te        17.39199        10.28722        5.92417        2        -0.459281        -0.448949        -0.213298
Te        19.68486        6.52089        2.36526        2        -0.197362        0.785990        0.136869
Te        15.91355        8.77089        1.86195        2        0.687827        0.064715        -0.036432
