54
Lattice="19.173937585 0.000456147 -0.025753600 -0.000245476 10.515591813 0.000007040 0.013560576 0.000001770 30.000000000" Properties=species:S:1:pos:R:3:tags:I:1:forces:R:3 energy=-317.97535771 stress= -2.34804 -2.76097 -3.35944 -0.87338 -1.05222 0.34941 pbc="T T T"
Mo        2.22292        0.01717        3.89953        1        -0.622373        -0.113942        -0.342352
Mo        4.47061        1.75417        4.12329        1        -0.079570        -1.007694        0.610249
Mo        2.14709        3.45177        3.92823        1        0.213062        -0.222144        0.325351
Mo        4.45531        5.26402        4.04969        1        0.238602        -1.007146        -0.260514
Mo        2.25290        6.98055        3.66642        1        -0.852570        -0.042508        0.913646
Mo        4.38840        8.74009        4.17606        1        0.089586        0.536883        0.635828
Mo        8.50260        10.44971        3.67722        1        1.140417        0.585922        0.935659
Mo        10.99695        1.76393        3.82137        1        -1.052784        0.190286        -0.558949
Mo        8.50882        3.25860        3.77987        1        0.358862        0.149189        0.834224
Mo        10.85623        5.45357        3.97074        1        -0.400619        -0.759222        0.247420
Mo        8.71220        7.30315        3.75389        1        -1.660699        -0.925452        -0.525793
Mo        10.87637        8.88052        3.80223        1        -0.227717        -0.810756        0.068210
Mo        14.98917        10.48994        3.88816        1        0.210040        -0.525324        0.927848
Mo        17.25766        1.85929        4.17333        1        0.104791        -0.931589        -0.670893
Mo        14.90298        3.74379        3.92530        1        -0.125163        -1.483193        0.348365
Mo        17.15801        5.15803        3.81208        1        0.877440        0.185212        1.117065
Mo        15.05508        7.01395        3.74774        1        -1.282489        0.079145        -0.972287
Mo        17.34093        8.82805        4.02925        1        -0.414770        -0.234080        0.215389
Te        0.56688        1.71783        5.58194        2        0.273953        -0.034278        -0.666376
Te        3.82588        3.35619        6.12244        2        -0.071298        1.004944        -0.582298
Te        6.08340        10.28834        2.62429        2        -0.979220        1.431571        -0.492478
Te        2.84178        1.73212        1.93564        2        0.027045        -0.088756        0.190115
Te        0.50837        5.21525        5.37307        2        -0.014540        0.267335        -0.639892
Te        3.81004        6.83803        5.99388        2        -0.623444        0.764863        0.550110
Te        5.94347        3.38068        2.55931        2        0.633385        0.338376        -0.417553
Te        2.82326        5.06629        1.89445        2        0.132283        0.504986        -0.415754
Te        0.76597        8.65384        5.39160        2        -0.939966        0.091383        -0.383388
Te        3.70170        10.50695        6.20276        2        0.412361        -0.239795        -0.940460
Te        5.94030        7.19151        2.61293        2        1.002548        -1.441265        -0.897650
Te        3.09791        8.78939        1.80645        2        -0.940965        -0.024325        0.539400
Te        6.97448        1.79732        5.68418        2        0.439861        -0.325122        -1.342104
Te        10.31279        3.38840        5.85632        2        -0.290218        0.989007        -0.623664
Te        12.70921        10.47811        2.35575        2        -0.862058        0.395439        -0.184006
Te        8.99052        1.67661        1.66500        2        0.788576        0.345886        0.643183
Te        6.95808        5.35420        5.29132        2        0.775284        -0.451441        -0.010146
Te        10.22814        7.14180        5.99433        2        -0.122501        0.104998        -0.757106
Te        12.51464        3.56399        2.33096        2        -0.745441        -0.105269        0.602013
Te        9.05149        5.26030        1.97634        2        0.075321        0.010842        -0.229337
Te        7.02289        8.69647        5.35566        2        -0.055981        0.552586        0.902364
Te        10.35676        0.05846        5.71657        2        -0.651933        0.144966        0.928676
Te        12.44873        7.14657        2.31480        2        0.205489        -0.399515        -0.015583
Te        9.13077        8.79954        1.56109        2        0.496782        0.056815        0.780341
Te        13.41435        2.02254        5.47573        2        -0.461714        -0.963383        -0.442408
Te        16.60613        3.46951        6.10950        2        -0.043521        1.065664        -0.346526
Te        18.77286        0.06790        2.44365        2        0.718506        -0.042046        0.391803
Te        15.58649        1.77203        2.08614        2        0.207146        0.482385        -0.533541
Te        13.25621        5.62801        5.32096        2        0.355588        -0.907962        0.443458
Te        16.65712        6.85617        5.84086        2        0.259416        0.738862        0.335536
Te        18.94362        3.46436        2.43663        2        -0.599798        -0.327104        0.091245
Te        15.08719        5.07549        1.76568        2        1.683921        1.890061        -0.527268
Te        13.11348        8.78552        5.39530        2        1.619512        0.355850        -0.354878
Te        16.59753        0.06542        6.09889        2        0.089624        -0.830596        -0.597124
Te        18.65122        6.86247        2.14498        2        0.581699        0.504467        0.835293
Te        15.70258        8.73939        1.84047        2        0.081815        0.469961        0.335046
