54
Lattice="19.174335959 0.000456436 -0.025753600 -0.000245188 11.746062056 0.000007040 0.013560858 0.000001769 30.000000000" Properties=species:S:1:pos:R:3:tags:I:1:forces:R:3 energy=-312.66498466 stress= -7.45362 -9.67527 2.57255 -0.15558 -2.39624 0.16672 pbc="T T T"
Mo        1.96656        0.24355        3.94710        1        0.752327        -1.425388        -0.992437
Mo        4.50509        2.05000        4.23645        1        -1.061917        -0.881506        -0.991466
Mo        2.13847        3.81033        3.83863        1        0.372753        -0.565545        1.060642
Mo        4.87224        5.64390        4.12357        1        -0.911212        -0.001270        -1.052757
Mo        2.39237        8.16818        3.54714        1        -0.112703        0.447123        1.410151
Mo        4.47389        10.32997        3.90915        1        -0.182795        0.171746        1.128199
Mo        8.68020        0.11003        3.73923        1        -1.322103        0.127975        -1.084261
Mo        10.87049        1.62894        3.84965        1        0.876019        -0.440797        -1.223038
Mo        8.61718        3.55414        3.58164        1        0.090740        -0.086003        1.213258
Mo        10.48065        5.78796        4.12024        1        0.412521        -0.050795        0.099281
Mo        8.85329        8.07246        3.70946        1        -1.455512        -0.257845        -0.351665
Mo        10.81267        10.14936        3.82317        1        1.692145        -1.235515        0.118204
Mo        15.24577        11.57258        3.63847        1        -0.395828        0.302025        0.009231
Mo        17.07212        2.11529        4.38557        1        0.422595        0.172033        -0.876927
Mo        14.90190        4.30916        4.05972        1        0.145012        -1.743889        -1.417775
Mo        17.11324        5.79480        4.10976        1        0.268974        0.110226        0.674635
Mo        14.79538        7.71441        3.76648        1        -0.381841        -0.451339        1.747642
Mo        17.22109        9.41674        4.03884        1        -1.008679        -0.389036        0.636178
Te        0.62997        1.96407        5.33593        2        -1.337084        1.177883        1.193372
Te        3.88071        4.00503        5.96414        2        -0.263354        0.132648        0.687819
Te        5.82390        0.18422        2.35224        2        1.045703        0.541874        0.048552
Te        2.73919        1.97301        2.09849        2        0.321791        -0.081051        -1.032061
Te        0.78097        6.02743        4.86703        2        -0.271643        -0.136190        0.645279
Te        4.11474        8.40687        5.69016        2        -0.516712        -1.418659        -0.619486
Te        5.92407        3.68923        2.53060        2        0.541327        0.658021        -0.201802
Te        2.74764        5.83777        2.25699        2        1.258977        0.260444        -0.720293
Te        0.64645        9.68470        5.04497        2        0.325161        0.079960        0.368001
Te        3.61059        0.16061        6.08565        2        0.630646        -0.109338        -0.849830
Te        6.25445        7.88972        3.03161        2        -1.098361        0.154086        0.307282
Te        2.78553        10.15311        1.81161        2        -0.181474        0.053827        0.289108
Te        7.09380        1.92900        5.26214        2        0.231306        0.095912        0.480631
Te        10.35575        3.48291        5.68487        2        -0.334010        0.467047        0.485644
Te        12.61296        0.04193        2.22714        2        -0.361569        -0.564069        0.255772
Te        9.24639        1.95509        1.66203        2        0.156048        -0.981822        -0.509186
Te        7.88588        5.56667        5.37899        2        -0.740192        0.959448        -0.119571
Te        10.28974        8.01438        5.80585        2        1.063673        0.451372        0.701977
Te        12.22866        3.82458        2.97777        2        0.247264        0.823098        -0.367577
Te        8.75641        5.83803        1.98417        2        0.865022        -0.076009        -0.136813
Te        7.26033        10.03297        5.26262        2        -0.406280        -0.157134        -0.267281
Te        10.42094        0.02114        5.84164        2        -0.459451        -0.373593        0.967816
Te        12.07427        7.61620        2.55375        2        -0.157431        0.513923        0.276152
Te        9.09567        9.89406        1.80191        2        0.037602        0.674137        -0.750612
Te        13.46186        1.53511        5.00684        2        0.865168        1.055254        0.423071
Te        16.53606        4.09542        6.22835        2        0.164813        -0.371072        -0.266103
Te        18.34749        11.59015        2.73934        2        0.284800        0.904191        -0.186101
Te        15.60208        2.16877        2.15161        2        -0.248893        0.085995        0.510898
Te        13.30128        5.85971        5.34474        2        -1.277598        0.755972        0.447090
Te        16.31623        7.75573        5.98487        2        0.363062        -0.246567        -0.089106
Te        18.55329        3.71501        2.49975        2        0.028572        0.096548        1.126527
Te        15.50658        5.94689        1.97323        2        -0.293002        -0.904316        -0.713966
Te        13.44127        9.81800        5.08485        2        -0.193140        0.205521        -0.101131
Te        16.76806        11.49644        5.88105        2        -0.316872        0.307398        0.066360
Te        18.48254        7.57663        2.65748        2        1.571060        0.462185        -1.440393
Te        15.49180        9.47008        1.94533        2        0.266788        0.659784        -1.033210
