54
Lattice="19.173937585 0.000456147 -0.025753600 -0.000245476 10.515591813 0.000007040 0.013560576 0.000001770 30.000000000" Properties=species:S:1:pos:R:3:tags:I:1:forces:R:3 energy=-319.01165987 stress= -1.46523 -2.24444 -1.43668 -0.26103 -1.49737 -0.18693 pbc="T T T"
Mo        2.11273        0.00795        3.96004        1        0.157016        -0.393013        -1.519785
Mo        4.34227        1.83423        4.05911        1        0.368102        -0.471867        0.327243
Mo        2.10791        3.50980        3.66612        1        0.589141        0.270103        0.491646
Mo        4.36345        5.22363        3.89038        1        0.464864        -0.333257        0.420071
Mo        2.21635        6.88981        3.63125        1        -0.393602        0.557663        2.458127
Mo        4.49439        8.96291        3.90834        1        -0.100188        -1.246435        2.192028
Mo        8.52292        10.46194        3.96529        1        0.479653        0.126464        0.014643
Mo        11.00718        1.51521        4.14140        1        -1.175575        0.874070        -1.024430
Mo        8.71483        3.61597        3.95834        1        -1.244743        -0.159203        -0.705700
Mo        10.94722        5.27807        3.91670        1        -0.352206        0.065662        0.054265
Mo        8.50614        7.04318        3.81373        1        -0.102620        -1.377780        0.093374
Mo        10.74711        8.70435        4.06130        1        1.073481        0.372408        -0.245492
Mo        14.98587        0.12579        3.88029        1        0.307501        -1.473671        0.514638
Mo        17.24599        1.83350        4.10106        1        0.138725        -0.630270        -0.781171
Mo        14.96297        3.69619        3.82750        1        -0.454880        -1.128867        -0.802161
Mo        17.23194        5.17131        3.97013        1        -0.029676        1.144614        0.289879
Mo        14.77175        7.09940        3.83767        1        1.461135        0.323890        0.251209
Mo        17.32744        8.60713        3.95454        1        0.523745        0.554670        0.484994
Te        0.61732        1.79415        5.35473        2        -0.473858        0.065773        0.205932
Te        3.57988        3.53297        6.04293        2        0.403082        0.236735        -1.163107
Te        6.02003        0.03716        2.51111        2        0.686470        0.601752        -0.474994
Te        2.76602        1.66520        1.75911        2        0.049206        0.023272        1.011365
Te        0.61639        5.24975        5.27025        2        -0.338415        -0.171393        0.144524
Te        3.83777        7.00436        5.83210        2        -0.129609        0.486731        -0.346394
Te        6.00312        3.45147        2.61728        2        0.850396        0.314053        -0.629302
Te        2.62994        5.31397        1.64274        2        0.869178        -1.250018        -0.295033
Te        0.67214        8.58490        5.47086        2        -0.134618        0.493224        -0.713298
Te        3.97629        0.06402        6.10513        2        -0.530011        -0.302287        -1.030106
Te        5.95677        6.96986        2.25318        2        0.182888        0.125999        0.925814
Te        2.86967        8.71992        1.89183        2        -0.618749        1.157715        -1.065895
Te        6.94237        1.81581        5.38370        2        0.022590        0.018791        0.390481
Te        10.47386        3.45147        5.96251        2        -0.229311        0.258297        0.130721
Te        12.55805        0.04088        2.41651        2        -0.474390        -0.211926        0.367366
Te        9.15507        1.71446        2.11774        2        0.541434        0.261967        -0.608214
Te        6.81246        5.34654        5.52739        2        0.492756        -0.335831        -0.975772
Te        10.28589        6.84189        5.91838        2        -0.562367        0.678443        0.533194
Te        12.47988        3.49397        2.52198        2        0.169241        -0.165974        -0.276427
Te        9.30830        5.21218        1.81843        2        -0.711646        0.186215        0.490650
Te        6.95970        8.74085        5.35499        2        -0.665720        -0.171274        0.431819
Te        10.32540        10.45481        6.13624        2        -0.656625        -0.504649        -0.237103
Te        12.39212        7.26580        2.19131        2        -0.169346        -0.500793        0.952520
Te        9.08828        8.71246        1.92282        2        0.116909        0.869683        -0.493870
Te        13.42145        1.60825        5.44316        2        0.186350        0.770151        0.400887
Te        16.48062        3.55821        6.00213        2        0.538794        -0.075900        0.478877
Te        18.76358        10.50337        2.26042        2        0.431905        0.111577        1.273337
Te        15.57436        1.74474        1.94068        2        0.409681        1.062561        -0.327852
Te        13.32414        5.30026        5.29273        2        -0.006005        -0.243765        0.741421
Te        16.57201        7.11494        5.96268        2        -0.298378        -1.303627        -0.266861
Te        18.83869        3.59441        2.32116        2        -0.749664        -0.705453        0.184483
Te        15.49836        5.48417        1.82859        2        0.190173        -0.992222        0.087613
Te        13.25434        8.71738        5.43284        2        0.181503        0.224687        -0.202875
Te        16.77464        10.35588        5.97025        2        -0.180176        0.938129        -0.358101
Te        18.89243        6.89943        2.44108        2        -0.686133        0.531987        -0.553136
Te        15.64029        8.78347        2.00122        2        -0.411329        0.435194        -1.279614
