54
Lattice="21.194128261 0.000008540 -0.000615361 -0.000005198 10.639921383 0.000045896 0.042448411 0.000094922 30.000000000" Properties=species:S:1:pos:R:3:tags:I:1:forces:R:3 energy=-313.94822116 stress= -26.07794 -7.76498 -1.41377 -0.43562 0.48006 0.32376 pbc="T T T"
Mo        2.67850        10.59411        3.99336        1        -0.858658        0.110103        -0.879070
Mo        6.28241        1.89660        3.90880        1        -0.703740        -0.218927        0.421621
Mo        2.71534        3.48018        3.89435        1        -0.255295        0.252586        0.176527
Mo        6.18022        5.35728        3.93559        1        0.821726        0.251012        -0.556080
Mo        2.72251        6.99434        3.97465        1        -0.350066        0.983003        -0.070066
Mo        6.09334        8.99826        4.00911        1        0.926183        -1.065527        -0.126824
Mo        9.87006        0.01625        3.80930        1        -0.266798        0.215031        0.330905
Mo        13.23082        1.79062        3.88661        1        0.336875        0.049218        -0.118979
Mo        9.90747        3.60856        3.89972        1        -0.353476        0.271916        -0.279235
Mo        13.48168        5.31688        3.99734        1        -0.718421        -0.159662        -0.317628
Mo        9.85877        7.04748        3.83165        1        0.383325        0.411280        0.273629
Mo        13.37114        8.86474        3.93729        1        -1.331125        0.203924        -0.149765
Mo        16.81369        10.61592        4.06174        1        0.181195        -0.083363        -0.054490
Mo        20.36486        1.77898        3.92406        1        0.549759        -0.297493        -0.188712
Mo        16.95281        3.62216        4.01693        1        -0.389158        -0.326404        0.056044
Mo        20.36823        5.20805        3.87011        1        -0.228124        0.610443        0.927213
Mo        16.74715        7.02305        3.88988        1        0.299130        0.199088        0.852708
Mo        20.31401        8.73385        3.84243        1        0.338696        0.664882        0.444061
Te        1.50095        1.74469        5.63633        2        -0.230671        0.124807        0.193809
Te        4.95664        3.64326        5.62892        2        0.208837        -0.398232        0.009190
Te        1.45066        1.72609        2.13177        2        0.200465        -0.168740        0.694599
Te        4.87430        0.03525        2.33270        2        0.455780        0.575349        -0.733019
Te        1.41083        5.29571        5.64821        2        0.273234        -0.450765        -0.062776
Te        5.10622        7.09268        5.70040        2        -0.576737        0.276912        0.132905
Te        1.47425        5.27063        2.25746        2        0.059172        -0.024358        -0.426588
Te        4.97095        3.64953        2.14265        2        0.280588        -0.396867        0.352900
Te        1.40881        8.83643        5.65950        2        0.066678        -0.484729        -0.318253
Te        4.87905        0.11871        5.68171        2        0.556543        0.195782        0.167024
Te        1.48084        8.79494        2.11854        2        0.107423        -0.131141        0.998800
Te        4.95084        7.14782        2.26373        2        0.171822        0.160469        -0.014098
Te        8.79444        1.86806        5.63715        2        -0.586575        -0.498619        -0.100529
Te        12.11077        3.57811        5.62231        2        0.199792        -0.084422        0.177421
Te        8.56256        1.86181        2.26103        2        0.081176        -0.246238        -0.524011
Te        12.14469        10.60103        2.09545        2        0.039916        0.151263        0.409869
Te        8.61837        5.39229        5.53279        2        -0.330202        -0.325278        0.514519
Te        12.13675        7.10212        5.74332        2        0.119996        -0.014846        -0.836821
Te        8.68121        5.31458        2.10609        2        -0.414085        0.038267        0.166028
Te        12.07199        3.68452        2.13180        2        0.703711        -0.630420        0.505853
Te        8.58483        8.91734        5.51215        2        -0.047545        -0.067462        0.286314
Te        11.99649        0.02409        5.62078        2        0.528722        -0.159548        -0.270849
Te        8.56858        8.80887        2.24577        2        -0.446546        0.461011        -0.541560
Te        12.22199        7.00293        2.21623        2        0.076166        0.511981        0.256517
Te        15.58187        1.85027        5.71134        2        -0.027776        -0.265291        -0.343812
Te        19.25119        3.46550        5.72303        2        -0.174702        0.384282        -0.223309
Te        15.67272        1.73634        2.35090        2        -0.138446        0.506513        -0.141099
Te        19.11697        0.03935        2.24430        2        -0.216713        -0.534949        -0.020840
Te        15.57442        5.33335        5.83671        2        0.720087        -0.066168        -0.898695
Te        19.05953        6.99128        5.65819        2        0.179956        0.019843        -0.778769
Te        15.70156        5.24939        2.18180        2        -0.199998        -0.065891        0.116240
Te        19.23797        3.51511        2.14710        2        -0.532755        -0.191114        0.042501
Te        15.48318        8.76914        5.61822        2        0.723502        0.343432        0.618186
Te        19.21418        10.56500        5.60604        2        -0.208442        -0.119747        0.187298
Te        15.59582        8.93255        2.25935        2        0.204880        -0.288014        -0.295661
Te        19.07494        7.02013        2.18125        2        -0.145775        -0.216624        -0.038241
