54
Lattice="19.174335959 0.000456436 -0.025753600 -0.000245188 11.849097688 0.000007040 0.013560858 0.000001769 30.000000000" Properties=species:S:1:pos:R:3:tags:I:1:forces:R:3 energy=-315.30751846 stress= -7.19225 -18.28266 -0.35358 0.77817 0.37162 0.21573 pbc="T T T"
Mo        2.22022        0.38854        3.84168        1        0.078475        -0.261420        -0.387454
Mo        4.51137        2.13920        3.99669        1        0.287042        -0.081082        -0.580112
Mo        2.19691        3.99205        3.79623        1        -0.476007        -0.113592        0.405279
Mo        4.38231        5.69553        4.09328        1        0.610172        -0.244809        -1.206998
Mo        2.12452        7.63507        3.87629        1        -0.127914        -0.030778        0.051529
Mo        4.34984        9.58750        4.20442        1        -0.262823        -0.736830        -0.312823
Mo        8.54855        11.60977        3.92574        1        -0.315021        0.423170        -1.018937
Mo        10.70410        1.80465        4.16039        1        0.401543        -0.796660        1.443811
Mo        8.63675        4.33378        3.65298        1        0.336521        -0.239222        0.731677
Mo        10.88847        6.15307        3.95745        1        0.216619        -0.096854        -0.682241
Mo        8.61193        8.05718        3.75086        1        -0.301036        -0.687954        0.026988
Mo        10.87565        9.87266        4.00175        1        -0.191470        -0.632367        0.675090
Mo        14.93468        0.11674        3.69433        1        0.020390        -0.149141        0.823616
Mo        17.19118        2.00331        4.05263        1        0.420187        0.034156        0.559432
Mo        14.89159        3.62749        3.71559        1        0.430827        0.094575        0.351730
Mo        17.14741        5.68724        4.12568        1        0.203172        -0.151752        -0.147453
Mo        15.07636        8.12749        3.73729        1        -0.376914        0.195887        -0.643417
Mo        17.26186        10.16999        4.04738        1        -0.106742        0.065098        -0.082938
Te        0.69685        1.98804        5.37235        2        -0.495435        0.577842        0.331816
Te        3.90294        3.77438        5.96863        2        -0.245377        0.362964        0.129376
Te        5.80637        11.65779        2.85696        2        0.310209        0.322420        0.131482
Te        2.77170        2.10919        1.85208        2        0.314296        0.190181        0.234022
Te        0.54126        5.69127        5.44763        2        0.432757        0.331237        -0.389928
Te        3.77766        7.46498        5.96107        2        -0.141632        1.115260        0.605634
Te        5.93090        3.94702        2.37064        2        0.460118        0.305872        0.317811
Te        2.81495        5.91931        1.85877        2        -0.170616        -0.055769        0.695186
Te        0.68448        10.10744        5.02423        2        0.549118        -0.439438        0.070888
Te        3.98836        11.80597        5.75838        2        0.281227        0.403577        0.555180
Te        5.90414        7.76745        2.65854        2        -0.115335        0.342797        -0.112299
Te        2.57844        9.95452        2.22292        2        0.177135        -0.495970        0.154933
Te        7.24203        2.11379        4.97261        2        -0.147293        0.029655        -0.001549
Te        10.48952        4.03856        5.75446        2        -0.700108        0.351486        -0.373514
Te        12.28625        11.77873        2.71169        2        0.419609        0.688141        -0.627302
Te        9.15821        1.96893        2.14753        2        -1.006944        -0.124981        -0.954366
Te        7.03075        6.04195        5.22023        2        0.383120        -0.732299        -0.154715
Te        10.28645        7.92082        5.86601        2        0.132457        0.072707        0.289056
Te        12.17393        3.67787        2.70124        2        0.174222        0.868458        -0.200183
Te        9.25971        6.24839        1.79252        2        -0.109920        -0.446764        0.136690
Te        7.05530        9.72066        5.18321        2        -0.855457        0.226824        0.776970
Te        10.12240        11.66096        6.06560        2        0.605731        0.235302        -0.264826
Te        12.36663        8.05456        2.37445        2        0.369262        -0.045419        0.590500
Te        9.11788        9.93259        1.90991        2        0.130789        0.167136        -0.420627
Te        13.32010        1.98383        5.25854        2        0.303127        -0.481589        0.015423
Te        16.55725        3.88035        6.00195        2        -0.428910        -0.284691        -0.418751
Te        18.87165        0.37014        2.62319        2        -0.473756        -0.803050        -0.411189
Te        15.75359        1.89256        1.77310        2        -0.579395        0.138891        0.198620
Te        13.62201        5.96112        4.68281        2        -0.391514        -0.204847        0.106690
Te        16.76187        7.91152        5.76443        2        0.195327        0.388876        0.033722
Te        18.73479        4.03263        2.57076        2        0.125668        -0.231481        -0.063039
Te        15.55074        5.80569        1.99504        2        -0.239755        0.197769        0.289949
Te        13.49457        9.80730        5.34660        2        -0.115104        0.201626        -0.531916
Te        16.41917        0.08992        5.96171        2        0.396758        0.058560        -0.568444
Te        18.70498        7.86083        2.93704        2        -0.571823        -0.007602        -0.049269
Te        15.63408        9.98983        1.88803        2        0.184363        0.177248        -0.121284
