54
Lattice="20.707852593 0.000456147 -0.025753600 -0.000245476 10.309403738 0.000007040 0.013560576 0.000001770 30.000000000" Properties=species:S:1:pos:R:3:tags:I:1:forces:R:3 energy=-316.76207209 stress= -19.21961 -6.20219 -2.97063 0.26952 -1.61938 -0.16660 pbc="T T T"
Mo        2.42012        10.23883        3.77882        1        0.051889        0.794873        0.520710
Mo        4.91874        1.69969        3.85940        1        -0.364709        -1.213704        0.663803
Mo        2.32690        3.49659        3.75424        1        0.456863        -0.562495        0.262262
Mo        4.90709        5.11943        3.87658        1        0.137334        -0.386625        0.229596
Mo        2.42387        6.88821        3.86013        1        -0.417032        -0.369359        -0.648180
Mo        4.91870        8.46485        3.78489        1        -0.014048        -0.509600        0.384813
Mo        9.19031        10.20114        3.88552        1        0.214067        0.765090        -0.072387
Mo        11.63781        1.78570        3.98035        1        0.147389        0.608517        -0.506167
Mo        9.17869        3.49272        3.58385        1        -0.573271        -0.153286        0.884185
Mo        11.59141        5.27272        3.94570        1        0.876266        0.250154        -0.445861
Mo        9.25950        6.87959        3.73340        1        -0.173484        -0.090470        0.052552
Mo        11.62208        8.70869        4.04701        1        1.171250        -0.615308        0.559392
Mo        16.09195        0.07411        4.07602        1        0.052837        0.086946        -0.122091
Mo        18.63452        1.62870        4.18257        1        -0.231865        0.951305        -0.519317
Mo        15.99030        3.60924        3.99128        1        0.056281        -0.436252        -0.569445
Mo        18.60307        5.15201        4.15232        1        -0.132320        0.180003        -0.893793
Mo        16.12719        6.83503        3.99330        1        -0.566533        0.649722        -0.056196
Mo        18.56327        8.59661        3.97028        1        1.325075        0.156817        1.655285
Te        0.87912        1.78191        5.34316        2        -0.671178        -0.364488        0.305939
Te        4.14739        3.28452        5.80493        2        -0.106516        0.468942        0.063599
Te        6.60667        10.18007        2.43869        2        0.227197        -0.210942        -0.128106
Te        3.10263        1.72378        1.79317        2        -0.103399        0.015057        0.450702
Te        0.89178        5.18792        5.56415        2        -0.346755        -0.031645        -0.718516
Te        4.24880        6.73426        5.89722        2        -0.041822        0.136867        -0.643658
Te        6.49481        3.21890        2.33643        2        0.357653        0.888452        -0.521797
Te        3.12148        5.20638        1.83969        2        -0.174501        0.151377        -0.032262
Te        0.69991        8.64575        5.18054        2        -0.243688        -0.396781        0.529472
Te        4.27202        9.91256        5.88716        2        -0.190787        1.678120        -0.805785
Te        6.64662        6.58370        2.23097        2        -0.319366        0.893764        0.451983
Te        2.95926        8.63418        1.77478        2        0.423920        -0.715766        0.174569
Te        7.52179        1.69492        5.23436        2        -0.196514        0.065787        -0.017449
Te        10.62815        3.64472        5.76822        2        0.731286        -0.985391        0.653792
Te        13.33244        10.30296        2.56050        2        0.578369        0.297896        0.128860
Te        9.86575        1.70697        1.78536        2        0.473246        -0.547006        0.473630
Te        7.55304        5.12822        5.22101        2        -0.349062        -0.190785        -0.174845
Te        10.85644        6.95962        5.97094        2        0.182295        0.080300        -0.505168
Te        13.41990        3.49725        2.36352        2        -0.244192        -0.028044        0.820593
Te        9.95879        5.26326        1.76713        2        0.413061        -0.311078        -0.701300
Te        7.67094        8.39063        5.36877        2        -0.817139        0.643448        -0.179934
Te        11.13158        0.16655        6.03303        2        -0.692389        -0.341311        -0.513840
Te        13.48536        6.85113        2.47146        2        -0.234857        0.300147        0.361444
Te        10.11592        8.70811        1.88182        2        -0.572120        -0.511246        -0.360938
Te        14.27516        1.86488        5.53122        2        0.124560        -0.217271        -0.563788
Te        17.69606        3.53579        6.06022        2        0.466640        -0.661340        0.121853
Te        20.33516        0.03152        2.61038        2        -0.062908        0.054798        -0.291186
Te        16.76549        1.84054        2.06808        2        0.236247        -0.419602        0.809046
Te        14.20622        5.24119        5.42709        2        0.124904        -0.265231        0.017708
Te        17.96437        6.98418        6.04819        2        -0.095390        -0.362828        -0.223150
Te        20.26909        3.30189        2.50271        2        0.016777        0.771596        0.447819
Te        16.80582        5.27713        1.99374        2        0.473949        -0.692587        0.294844
Te        14.44531        8.51581        5.44267        2        -0.453967        0.603294        0.211673
Te        18.08001        10.28501        6.17843        2        -0.548076        -0.152411        -0.887583
Te        20.21141        6.80687        2.51426        2        0.239635        -0.056980        0.169883
Te        16.76732        8.64325        2.09210        2        -0.634097        0.304576        -0.562061
