54
Lattice="18.429676749 0.000008540 -0.000615361 -0.000005198 12.767905659 0.000045896 0.042448411 0.000094922 30.000000000" Properties=species:S:1:pos:R:3:tags:I:1:forces:R:3 energy=-307.73748773 stress= -14.24001 -25.50792 0.64111 0.57334 -0.18754 0.78365 pbc="T T T"
Mo        2.27111        12.69888        4.06159        1        -0.379199        1.067400        -0.794913
Mo        5.19194        1.95678        3.98261        1        0.827648        0.785392        -0.635275
Mo        2.22838        4.40153        4.04031        1        0.206616        0.114329        -0.152066
Mo        5.21951        6.34650        3.93532        1        1.092476        0.362239        -0.482641
Mo        2.46709        8.76031        3.65544        1        -0.572986        -0.400930        0.238032
Mo        5.52599        10.66066        3.79918        1        0.410725        0.463784        0.068304
Mo        8.32973        12.61043        3.63827        1        0.611960        0.053384        0.884012
Mo        11.58336        2.12952        3.85044        1        -0.872500        -0.442206        -0.821548
Mo        8.30272        3.80311        3.84348        1        -0.222837        1.426184        0.917767
Mo        11.39288        6.13797        4.04316        1        -0.005885        -0.093631        -0.267710
Mo        8.35208        8.30170        3.84949        1        0.743836        0.215157        0.162935
Mo        11.44312        10.38755        4.00947        1        -0.340549        1.392201        0.144544
Mo        14.60078        0.09532        3.91983        1        0.494138        -0.464265        0.792174
Mo        17.68186        2.22813        4.24755        1        -0.030190        1.168506        -0.792018
Mo        14.55119        4.21370        4.02809        1        -0.275036        1.352142        -0.903737
Mo        17.69720        6.65553        4.02724        1        -0.050870        0.382533        -0.768517
Mo        14.42933        8.53044        3.83726        1        0.315084        -0.040729        0.906873
Mo        17.74410        10.82802        3.98902        1        -0.709953        -0.558741        0.326184
Te        1.34982        2.26716        5.85381        2        0.590446        -0.073680        -0.284567
Te        4.42319        4.36325        5.69442        2        -0.400380        -0.560496        -0.029549
Te        1.26761        2.35470        2.36476        2        0.037877        -0.383554        0.554271
Te        4.21804        0.04703        2.20641        2        0.491102        -0.296690        0.233779
Te        1.41645        6.71387        5.55318        2        0.673570        0.041483        0.199576
Te        4.60591        8.65735        5.37069        2        -0.478501        -0.122195        0.709026
Te        1.36098        6.63322        2.14541        2        0.028918        -0.308871        0.521271
Te        4.39106        4.27550        2.33668        2        -0.687269        -0.516443        -0.218252
Te        1.49855        10.58198        5.52696        2        -0.089925        -0.196969        0.817445
Te        4.46458        12.64886        5.65259        2        -0.066006        -0.191828        0.009102
Te        1.23323        10.86383        2.11554        2        0.637462        -0.186176        0.229256
Te        4.70073        8.73308        2.05232        2        -0.771614        -0.558259        -0.064352
Te        7.45277        1.74419        5.51113        2        -0.338019        0.182468        0.119505
Te        10.44025        3.87888        5.66052        2        -0.186906        0.409290        -0.352935
Te        7.33281        1.96860        2.06192        2        -0.575882        -0.448228        0.385518
Te        10.59374        12.68227        2.18522        2        0.235018        0.015177        -0.329601
Te        7.41825        6.16638        5.51059        2        0.120586        -0.131583        -0.026117
Te        10.43741        8.23548        5.63630        2        0.108273        0.087120        0.080973
Te        7.36093        6.17294        2.16770        2        -0.064176        -0.011633        0.334437
Te        10.28102        4.18256        2.17424        2        1.411846        -0.304302        -0.110947
Te        7.72066        10.49493        5.60558        2        -0.732401        0.251723        -1.004040
Te        10.54176        12.73540        5.35445        2        -0.249578        0.051303        0.721765
Te        7.65282        10.45331        2.07787        2        -0.288844        0.007223        -0.029149
Te        10.76245        8.36277        2.34479        2        -0.871727        -0.809589        -0.398448
Te        13.72042        2.21120        5.45441        2        -0.356671        -1.084555        1.843848
Te        16.60641        4.64660        5.63900        2        0.789801        -0.623539        1.309159
Te        13.71359        2.02538        2.19032        2        0.163475        0.609047        -0.573868
Te        16.92222        0.22228        2.48067        2        -0.512543        -0.075000        -0.510961
Te        13.46924        6.20065        5.83199        2        0.095828        0.144798        -0.925972
Te        16.59476        8.65636        5.66103        2        -0.168739        0.212796        -0.295926
Te        13.55969        6.16353        2.30081        2        -0.157264        0.431616        0.250881
Te        16.79356        4.53009        2.52187        2        0.150711        -0.770434        -0.977373
Te        13.51155        10.77353        5.66993        2        0.495228        -0.560426        -0.006160
Te        16.84241        0.14834        5.83106        2        -0.693575        -0.644701        -0.443564
Te        13.51328        10.72589        2.34810        2        0.636563        -0.294569        -0.694418
Te        16.71037        8.71477        2.29455        2        -0.299782        -0.071994        0.118590
