54
Lattice="18.429676749 0.000008540 -0.000615361 -0.000005198 12.767905659 0.000045896 0.042448411 0.000094922 30.000000000" Properties=species:S:1:pos:R:3:tags:I:1:forces:R:3 energy=-309.87381766 stress= -15.76400 -27.68787 -0.81595 0.25614 0.05756 -0.13082 pbc="T T T"
Mo        2.20646        12.68140        3.91107        1        0.105214        -0.092689        -0.464686
Mo        5.24968        2.05493        3.83466        1        0.491836        0.427149        -0.102234
Mo        2.29833        4.29618        3.92175        1        -0.172542        -0.126518        -0.040306
Mo        5.32789        6.53753        3.86533        1        0.290156        -0.479235        -0.037593
Mo        2.26238        8.53122        3.82026        1        0.539771        -0.564126        -0.497995
Mo        5.39595        10.69617        3.81701        1        0.334826        -0.647889        0.158230
Mo        8.39714        12.70268        4.05579        1        -0.258582        0.099957        -0.363347
Mo        11.44180        2.23743        4.11739        1        0.023645        -0.563381        -0.018762
Mo        8.37486        4.29123        3.81804        1        0.063761        0.140203        0.439356
Mo        11.50485        6.54989        4.04499        1        0.295845        -0.151033        -0.386168
Mo        8.43690        8.40351        3.97704        1        0.329456        1.019241        -0.619739
Mo        11.49008        10.65798        3.93900        1        -0.054000        -0.184003        0.746981
Mo        14.51410        12.68673        4.09096        1        0.604865        0.012865        0.275095
Mo        17.54273        2.07131        3.83405        1        0.318959        -0.241378        0.224215
Mo        14.48660        4.35864        4.01769        1        0.162660        -0.368837        -0.336982
Mo        17.62647        6.40433        3.83989        1        0.370087        -0.565336        0.151222
Mo        14.63489        8.64891        4.05255        1        -0.153740        -0.585265        -0.253813
Mo        17.73826        10.49655        3.77791        1        -0.551574        -0.133817        0.244022
Te        1.23940        2.16285        5.61478        2        0.245579        -0.253613        -0.416751
Te        4.53039        4.28863        5.50959        2        -0.415355        -0.058389        0.201363
Te        1.31513        2.12895        2.27086        2        0.119554        -0.090160        -0.207968
Te        4.31018        12.62678        2.14063        2        0.107878        0.568688        0.019063
Te        1.38522        6.36459        5.59187        2        -0.201251        0.242801        -0.364174
Te        4.44329        8.64096        5.52755        2        -0.302550        -0.125333        0.033521
Te        1.36479        6.32937        2.16124        2        -0.117473        0.150718        0.173844
Te        4.41945        4.39787        2.21402        2        -0.053771        -0.406298        -0.254309
Te        1.36563        10.44506        5.47246        2        0.054802        0.808339        0.743839
Te        4.42953        12.70588        5.51067        2        -0.322106        0.172155        0.250359
Te        1.36125        10.54787        1.96770        2        -0.123071        0.131747        0.846585
Te        4.46667        8.62614        2.17778        2        -0.187676        -0.132919        -0.320065
Te        7.43260        2.14412        5.53393        2        -0.187809        0.038623        0.092509
Te        10.49680        4.36909        5.67547        2        -0.230127        0.165148        -0.192313
Te        7.44965        2.02623        2.20496        2        0.056493        0.115561        0.155839
Te        10.50679        0.05480        2.41741        2        0.436377        0.149273        -0.492351
Te        7.43567        6.41050        5.56035        2        -0.024369        -0.414876        0.403504
Te        10.47027        8.55276        5.72298        2        0.420087        0.086630        -0.066499
Te        7.48516        6.47045        2.18672        2        -0.008994        -0.277034        -0.139276
Te        10.64424        4.44902        2.33818        2        0.024507        -0.406790        -0.091949
Te        7.45130        10.52408        5.64129        2        0.018141        0.220821        -0.052432
Te        10.49473        0.00993        5.72351        2        0.263852        -0.057834        0.188076
Te        7.72391        10.55673        2.26552        2        -0.736604        0.286583        0.095749
Te        10.62535        8.56435        2.21675        2        -0.165492        -0.188196        0.586620
Te        13.59968        2.06377        5.83406        2        -0.043705        0.374191        -0.434510
Te        16.74222        4.17746        5.46052        2        -0.106972        0.499996        0.656971
Te        13.56848        2.05750        2.47828        2        0.177251        0.343783        -0.359602
Te        16.60156        12.48266        2.26525        2        -0.010647        0.964313        -0.017799
Te        13.63095        6.51984        5.75077        2        0.164439        -0.014664        -0.220711
Te        16.86132        8.47268        5.55691        2        -0.072686        0.165916        0.267256
Te        13.76583        6.60563        2.33830        2        -0.831556        -0.503615        0.400342
Te        16.58697        4.26294        2.16266        2        -0.218698        -0.071133        0.255012
Te        13.61688        10.61160        5.78150        2        -0.246458        0.178814        -0.310941
Te        16.84655        12.68265        5.67478        2        -0.374805        -0.162940        -0.852953
Te        13.67452        10.68975        2.31977        2        -0.335876        -0.086715        0.002423
Te        16.60258        8.38460        2.13472        2        0.427247        0.587520        0.279017
