54
Lattice="18.429676749 0.000008540 -0.000615361 -0.000005198 11.278316666 0.000045896 0.042448411 0.000094922 30.000000000" Properties=species:S:1:pos:R:3:tags:I:1:forces:R:3 energy=-316.37261074 stress= -2.95150 -10.19585 -0.65201 0.90486 0.10619 -0.13168 pbc="T T T"
Mo        2.38366        11.23074        4.40018        1        -0.830742        -0.807310        0.299941
Mo        5.40616        2.02388        4.24888        1        1.443585        -1.321536        -1.882021
Mo        2.46843        3.76222        4.32110        1        -0.634214        0.223068        0.406902
Mo        5.66790        5.59885        4.19699        1        -0.659547        -0.808983        0.244255
Mo        2.24808        7.30152        4.34601        1        0.727229        0.311702        -1.378463
Mo        5.43378        9.32226        4.13469        1        -0.425075        -0.743492        2.108374
Mo        8.22423        0.20498        3.98308        1        -0.102553        -0.035653        -1.251825
Mo        11.58977        1.80416        3.45877        1        0.523890        0.180156        -0.470094
Mo        8.70629        3.70261        3.86234        1        0.623578        0.519096        0.064748
Mo        11.36529        5.85765        3.54184        1        0.328232        -0.493282        1.144902
Mo        8.54912        7.55989        3.84671        1        -0.694387        0.125626        0.247444
Mo        11.31164        9.46615        3.50860        1        1.021958        0.191120        -0.142545
Mo        14.50779        11.21904        3.65204        1        0.332586        -0.079667        -0.123543
Mo        17.60017        1.93627        3.97180        1        -0.627831        -0.651826        0.145321
Mo        14.49120        3.91246        3.61109        1        -0.136601        -0.745796        0.582631
Mo        17.64457        5.36843        3.99621        1        0.322204        1.692662        0.269624
Mo        14.47738        7.61317        3.68726        1        0.984692        0.283547        -0.600558
Mo        17.63504        9.25632        3.88130        1        0.269856        1.309436        0.431321
Te        1.03932        1.80641        5.93274        2        0.962497        0.534750        0.391577
Te        4.72665        3.66747        6.05501        2        -1.498265        1.526850        0.627067
Te        1.51264        1.83897        2.58432        2        -0.008933        0.130636        -0.258015
Te        4.24586        11.18397        2.57688        2        1.326979        0.757708        -0.578683
Te        1.16989        5.59329        6.05788        2        -0.170584        -1.040082        -0.165976
Te        4.48827        7.27927        6.03333        2        0.011962        0.763205        -0.599813
Te        1.43083        5.43045        2.39805        2        -0.202492        0.369002        0.589564
Te        4.39833        4.02058        2.41176        2        0.466290        -1.561757        0.418777
Te        1.02927        9.23144        5.87364        2        0.856162        0.469879        0.637223
Te        4.72398        11.14781        6.10927        2        -1.037111        0.585452        -0.968667
Te        1.47470        9.28604        2.48760        2        0.389267        0.026337        0.075734
Te        4.37748        7.24006        2.49184        2        -0.079518        1.332200        0.287059
Te        7.68074        2.19638        5.92269        2        -0.275837        -1.183303        -1.024405
Te        11.02748        3.58983        5.29845        2        -1.543772        1.418130        0.452297
Te        7.44201        2.24093        2.09268        2        -1.264881        -1.639681        0.717254
Te        10.17359        0.10104        1.90642        2        -0.326504        -0.155736        -0.095050
Te        7.87008        5.46665        5.75644        2        0.178793        1.159285        -0.134873
Te        10.56754        7.72195        5.43820        2        0.003617        -0.270882        0.580577
Te        7.63205        5.59351        2.22382        2        -0.640934        0.209724        0.010023
Te        10.67371        3.84100        1.77417        2        -0.750180        -0.503551        0.489644
Te        7.76068        9.47340        5.91672        2        -1.169520        -0.332513        -1.285144
Te        10.44154        0.09610        5.30154        2        1.087730        0.028355        0.783333
Te        7.26186        9.39907        2.32899        2        0.564705        0.499682        -0.962615
Te        10.35619        7.67652        1.74491        2        -0.396356        -0.194378        0.163154
Te        13.54242        1.84065        5.30071        2        0.483866        -0.031097        0.199414
Te        16.31015        3.74024        5.66455        2        0.248973        -0.016561        0.034953
Te        13.75173        1.76859        1.75793        2        -0.314477        0.674443        0.332792
Te        16.81179        11.18929        2.20141        2        0.031352        0.455540        -0.778040
Te        13.28272        6.04877        5.45594        2        0.892517        -1.527486        -0.186074
Te        16.58318        7.57028        5.57664        2        -1.053325        -1.404060        0.332569
Te        13.43644        5.81535        1.92585        2        0.986359        -0.016822        -0.850076
Te        16.75620        3.69627        2.06844        2        -0.268349        0.097583        -0.209804
Te        13.29931        9.37637        5.33558        2        0.774456        1.004523        0.314561
Te        16.41982        11.26159        5.55713        2        0.426613        -0.416336        0.261139
Te        13.61765        9.47674        1.75669        2        -0.613917        -0.379030        0.484536
Te        16.83943        7.38536        2.15180        2        -0.542137        -0.526275        -0.179040
