54
Lattice="19.173937585 0.000456147 -0.025753600 -0.000245476 10.927967962 0.000007040 0.013560576 0.000001770 30.000000000" Properties=species:S:1:pos:R:3:tags:I:1:forces:R:3 energy=-317.29438532 stress= -3.84054 -7.98363 0.81851 -1.73069 -0.32153 0.63510 pbc="T T T"
Mo        2.18245        0.15445        3.78473        1        0.615320        -0.281696        -0.188052
Mo        4.30955        2.06119        3.94486        1        0.966216        0.072157        -0.268705
Mo        1.98859        3.53579        3.81984        1        1.294645        0.471574        -0.445698
Mo        4.42719        5.38386        4.03979        1        0.022655        0.304087        0.350302
Mo        2.37479        7.17437        3.78044        1        -1.407157        0.117825        0.126112
Mo        4.52240        9.07885        3.95439        1        -1.527123        0.408009        0.322582
Mo        8.64553        10.78565        3.79780        1        -1.602445        -0.117856        -0.954771
Mo        10.72690        1.99600        4.20059        1        0.553251        -0.675019        -0.470112
Mo        8.62430        3.80485        3.84058        1        -1.301191        0.263447        -0.196334
Mo        10.91158        5.51539        4.09839        1        0.189367        0.255770        0.276323
Mo        8.50446        7.31568        3.84109        1        0.557129        0.186394        0.342545
Mo        10.79706        9.19757        4.09143        1        0.686787        -0.678786        -0.814217
Mo        14.88479        10.81906        3.76019        1        0.633291        0.519157        -0.686188
Mo        17.24615        1.64164        3.90175        1        0.642631        0.321838        0.284381
Mo        15.07717        3.46530        3.88444        1        -0.696803        -1.117954        -0.968374
Mo        17.09596        5.36868        4.05246        1        1.489685        0.993010        -0.034671
Mo        14.98434        7.37970        3.83320        1        -0.791462        0.477347        -0.645403
Mo        17.17437        8.96407        4.13144        1        1.568624        0.403457        -0.790800
Te        0.56252        1.76892        5.24581        2        -0.635103        -0.464323        0.939951
Te        3.55078        3.82225        6.06450        2        0.579189        -0.580368        -0.835154
Te        5.93979        10.68727        2.38983        2        1.002853        1.326184        -0.174348
Te        2.61123        1.85623        1.80678        2        0.348118        -0.068983        -0.383423
Te        0.49653        5.28938        5.20484        2        0.030071        1.318364        0.573255
Te        4.02461        7.51979        6.02543        2        -0.563999        -1.191443        -0.363245
Te        5.94216        3.66162        2.31731        2        0.088850        0.236854        0.529515
Te        2.74806        5.21509        1.85301        2        0.197650        1.134778        0.164660
Te        0.84233        9.23168        5.26902        2        -0.741680        -1.153184        0.520925
Te        4.05402        0.29803        5.84150        2        -0.713619        -1.095989        0.161601
Te        6.04970        7.21502        2.59769        2        -0.035751        -0.138556        -0.412977
Te        2.61137        9.16278        1.92571        2        0.761677        -0.527640        -0.185341
Te        6.97586        1.87378        5.08857        2        -0.223370        -0.072712        0.431182
Te        10.02323        3.78704        6.05968        2        0.943038        0.160984        0.647431
Te        12.39328        0.22292        2.42845        2        -0.227350        -0.767242        0.583039
Te        9.08610        1.92636        2.03331        2        0.459946        -0.767218        -0.483874
Te        7.00613        5.36753        5.44897        2        -0.417553        0.608546        -0.271125
Te        10.16514        7.37434        6.00186        2        0.115194        -0.162591        -0.329352
Te        12.48267        3.56184        2.80998        2        0.262771        0.545977        -0.573351
Te        9.24638        5.50311        1.97200        2        0.216197        0.388951        -0.693323
Te        6.80677        9.20389        5.42359        2        1.567222        -0.197707        -0.307322
Te        10.12758        0.10472        5.97840        2        0.164030        -0.281780        0.728197
Te        12.37597        7.49563        2.34521        2        0.248654        -0.490580        1.065349
Te        9.29670        9.00583        1.75091        2        -0.397974        0.293267        1.277403
Te        13.45623        1.68947        5.39835        2        -0.210669        0.310246        0.067776
Te        16.89200        3.50664        5.87686        2        -0.548224        -0.491726        0.931927
Te        18.87807        10.88188        2.36885        2        -0.366879        -0.161519        0.318731
Te        15.72471        1.79506        1.77806        2        -0.933700        -0.283242        0.134069
Te        13.70032        5.29404        5.34166        2        -1.339735        0.996427        0.147488
Te        16.46190        7.20184        6.06453        2        0.632742        -0.077184        -0.135507
Te        18.72971        3.56588        2.40757        2        -0.304621        0.237823        -0.118464
Te        15.45591        5.43135        2.00483        2        -0.154914        -0.019814        -0.734909
Te        13.45425        9.06080        5.41886        2        -0.688318        0.173262        -0.174541
Te        16.60441        10.90422        5.84689        2        -0.157826        -0.252377        1.062515
Te        18.83718        7.26693        2.54675        2        0.054505        -0.262112        0.342792
Te        15.84574        9.09228        1.82400        2        -0.885862        -0.142237        0.293949
