54
Lattice="18.429676749 0.000008540 -0.000615361 -0.000005198 11.703913521 0.000045896 0.042448411 0.000094922 30.000000000" Properties=species:S:1:pos:R:3:tags:I:1:forces:R:3 energy=-312.01018132 stress= -2.84587 -15.14774 0.37871 0.99179 -1.15822 -0.80224 pbc="T T T"
Mo        2.40779        0.13987        3.92271        1        0.081330        0.000325        -2.104921
Mo        5.20304        2.26531        3.84317        1        0.557861        -0.319175        0.744894
Mo        2.57265        4.22148        3.92685        1        -0.877409        -1.095616        0.038899
Mo        5.38832        6.14201        3.89996        1        0.572030        1.130272        2.237631
Mo        2.27666        8.02619        4.01244        1        0.131138        -1.537604        0.363347
Mo        5.41726        9.97137        3.87240        1        -0.465881        1.330065        -0.081707
Mo        8.36758        0.34967        3.51920        1        -0.103403        -1.316660        1.443320
Mo        11.55592        1.60764        3.91563        1        0.001086        -0.001676        0.288325
Mo        8.18037        3.95389        4.07729        1        0.761173        1.190519        0.206641
Mo        11.47689        5.65188        4.12122        1        -0.705455        -0.251916        -0.055946
Mo        8.25907        8.01657        3.97928        1        1.604144        -0.937020        0.072692
Mo        11.55403        9.43536        3.92492        1        -0.536787        0.524343        -0.059381
Mo        14.53824        11.43338        3.63687        1        -0.122750        -0.957230        2.379291
Mo        17.47320        2.05773        3.72124        1        1.264399        -1.415905        0.707974
Mo        14.43833        3.54289        4.03710        1        0.721208        -0.147627        0.818779
Mo        17.96775        5.69766        3.88582        1        -2.359410        0.216654        2.159548
Mo        14.74678        7.71267        4.11568        1        -0.481584        -2.423938        -2.333532
Mo        18.04199        9.66447        4.07417        1        -3.067947        -0.014100        -1.232362
Te        1.17396        2.04903        5.46517        2        0.720791        0.453756        -0.251427
Te        4.57139        4.24897        5.64525        2        -0.138456        -0.402232        0.698026
Te        1.60070        2.28713        2.05477        2        -0.990724        -0.577989        1.020717
Te        4.56645        0.32594        1.96120        2        -1.157981        -0.782785        1.235064
Te        1.57587        5.90004        5.80294        2        -0.682151        0.342311        -0.438586
Te        4.33707        8.24299        5.75139        2        0.899667        -0.839010        -0.443014
Te        1.44105        5.86978        2.21947        2        0.591822        0.970452        -1.158412
Te        4.57948        4.43372        2.11974        2        -1.056374        -1.209839        -0.661189
Te        1.58066        9.97418        5.69180        2        -0.314509        0.348007        1.491780
Te        4.34259        0.34872        5.73734        2        0.425188        -0.371010        -0.859587
Te        1.40051        9.61832        2.08259        2        -0.218639        1.502220        0.065904
Te        4.23321        8.05765        2.27213        2        1.281321        -0.130453        -0.635061
Te        7.36634        1.99058        5.56863        2        -0.667549        -0.454382        0.420305
Te        10.45738        3.42512        5.66786        2        0.016467        1.097137        0.553399
Te        7.18342        2.40583        2.12938        2        0.771970        -0.432180        -1.066885
Te        10.56714        11.57113        2.02504        2        0.313371        -0.373504        -0.060232
Te        7.47399        6.03669        5.98445        2        -0.655951        0.119563        -1.668611
Te        10.30201        7.68009        5.84651        2        0.853002        0.232243        -0.859949
Te        7.39898        6.08603        2.22010        2        0.732004        -0.012172        -0.030089
Te        10.34076        3.53100        2.52874        2        0.543517        1.415306        -1.438988
Te        7.50557        10.12940        5.56432        2        -0.397700        -0.005971        -0.449472
Te        10.39810        11.51843        5.40110        2        -0.108364        -0.670222        0.824504
Te        7.47314        9.90386        2.00498        2        -0.257971        -0.096451        0.401969
Te        10.59797        7.54090        2.27134        2        -0.917621        -0.064978        0.305263
Te        13.52962        1.26980        5.77106        2        0.213231        1.145262        -0.601392
Te        16.77698        3.65345        5.83289        2        -0.737128        0.450412        -1.212881
Te        13.56604        1.69324        2.24282        2        0.099926        0.731646        -1.814983
Te        16.70386        11.41952        2.18593        2        1.243451        0.421954        -0.451796
Te        13.72727        5.52121        5.65769        2        -0.539547        0.885097        1.111710
Te        16.76244        7.64825        5.77398        2        1.445113        0.008492        0.005697
Te        13.54007        5.59145        2.34942        2        -0.070123        0.287562        0.188760
Te        16.36768        3.95573        2.26656        2        1.105812        0.165096        -0.915596
Te        13.73899        9.54569        5.51921        2        -1.071228        1.276753        1.659039
Te        16.56266        11.62169        5.58159        2        0.758362        0.104282        -0.807349
Te        13.58962        9.30052        2.11099        2        0.296739        0.419916        -0.120971
Te        16.76532        7.67347        2.28428        2        0.632276        0.056015        0.348575
