54
Lattice="20.641237959 0.000008540 -0.000615361 -0.000005198 10.639921383 0.000045896 0.042448411 0.000094922 30.000000000" Properties=species:S:1:pos:R:3:tags:I:1:forces:R:3 energy=-312.17281043 stress= -20.18302 -6.04092 -1.40169 0.84117 -1.47297 -0.31734 pbc="T T T"
Mo        2.83370        0.14602        4.13282        1        -1.219682        -1.513952        0.400727
Mo        6.20308        2.03661        4.17587        1        -0.335339        0.071241        0.558604
Mo        2.67153        3.30224        4.11637        1        0.695182        0.546827        -1.073175
Mo        6.01501        5.62617        4.31350        1        0.220952        -0.786470        -1.072077
Mo        2.63539        6.99955        4.14875        1        -0.311570        0.435835        -1.121810
Mo        5.98603        9.03502        4.13404        1        0.096580        -0.686956        1.089720
Mo        9.44643        0.04142        4.17973        1        -0.187521        0.769895        0.253952
Mo        13.04954        1.83322        3.73499        1        -2.006416        -0.455435        0.257593
Mo        9.65418        3.51209        4.00435        1        -0.618116        0.576926        1.385368
Mo        12.75220        5.20044        3.64360        1        -0.035712        0.092899        1.124944
Mo        9.39981        7.33572        3.94851        1        -0.444545        -0.944412        -0.077368
Mo        13.05172        8.64459        3.82901        1        0.164619        1.210024        -0.478898
Mo        16.24025        10.62276        3.76903        1        0.527419        -0.750671        -0.999549
Mo        19.83109        1.57389        3.71768        1        0.669110        0.536905        0.203531
Mo        16.19362        3.47433        3.72535        1        0.886948        -0.381591        0.515557
Mo        19.97350        5.29876        3.72836        1        -0.871490        -0.370717        0.828505
Mo        16.71710        7.06197        3.54124        1        -1.646739        0.199844        -1.360730
Mo        19.85080        8.80470        3.73980        1        0.169035        -0.341687        0.275647
Te        1.51168        1.67049        6.00751        2        -0.235467        -0.149750        -1.219435
Te        4.78180        3.64282        6.00593        2        0.648974        0.380372        -0.853650
Te        1.56558        1.57893        2.19172        2        0.106895        0.543299        0.453783
Te        5.01215        0.19317        2.49878        2        -0.332816        0.968617        -1.161995
Te        1.56808        5.02465        5.73742        2        -1.283868        1.251992        0.200669
Te        4.65448        7.27158        5.92426        2        0.544136        0.308401        0.496475
Te        1.58385        5.10201        2.25218        2        0.723073        0.282126        0.282021
Te        5.20481        3.87436        2.44350        2        -1.012661        -0.553431        0.127192
Te        1.44283        8.86673        5.82370        2        -0.263504        -0.065003        -1.101500
Te        5.07820        0.21932        5.83154        2        -0.701495        0.092191        0.905066
Te        1.62904        8.89102        2.22929        2        0.153681        -0.195718        1.194906
Te        4.79944        7.36431        2.40810        2        0.078662        -1.007508        0.173148
Te        8.36258        2.00233        5.96305        2        0.602946        -0.562092        -0.467718
Te        12.07255        3.36277        5.68498        2        -0.824051        1.459735        -0.564787
Te        8.26799        1.79724        2.46274        2        0.523558        0.122284        -0.698778
Te        11.58053        10.59698        2.33600        2        0.447405        -0.449585        -0.052088
Te        8.36608        5.47521        5.78274        2        0.429501        -0.074053        -0.318067
Te        11.63112        7.06085        5.42466        2        0.726328        -0.613172        1.061236
Te        8.38911        5.35193        2.32710        2        -0.538526        0.440933        0.497603
Te        11.40715        3.38549        1.98058        2        1.247242        0.366728        0.134509
Te        8.21441        8.93294        5.83565        2        0.200315        0.097178        0.349099
Te        12.14264        0.08799        5.65296        2        -0.847016        -1.215285        -0.567954
Te        8.00274        9.15507        2.38661        2        1.228777        -0.660105        -0.563926
Te        11.48721        7.10228        2.09029        2        0.576952        0.072937        -0.237499
Te        15.07663        1.64222        5.47291        2        0.963105        0.889864        0.863429
Te        18.60198        3.34431        5.39646        2        -0.083447        0.769453        -0.059256
Te        14.98258        1.75472        1.98481        2        1.250649        -0.354655        -0.854041
Te        18.61455        10.54136        1.96782        2        -0.156128        0.100348        0.241741
Te        15.39344        5.57675        5.36809        2        -1.102102        -2.052845        -0.275141
Te        18.48768        6.97197        5.41044        2        2.326426        0.121799        0.599518
Te        14.92375        5.04420        1.93706        2        0.599895        1.126477        -0.065298
Te        18.63220        3.47300        2.13922        2        -0.154300        0.107542        -0.435309
Te        15.47960        8.58222        5.55753        2        -0.620690        1.341412        -1.114572
Te        18.53245        10.53263        5.33288        2        -0.073475        -0.121474        1.001855
Te        15.28235        8.83261        1.90478        2        -0.254031        -0.247100        0.586134
Te        19.10385        7.13028        1.76627        2        -0.608222        -0.755304        0.764738
