54
Lattice="19.940895089 0.000456147 -0.025753600 -0.000245476 10.309403738 0.000007040 0.013560576 0.000001770 30.000000000" Properties=species:S:1:pos:R:3:tags:I:1:forces:R:3 energy=-315.38242855 stress= -8.47518 -0.20967 -2.15778 -1.70359 -2.07869 1.02930 pbc="T T T"
Mo        1.97801        10.17913        3.88526        1        1.242819        0.347558        -0.412461
Mo        4.72170        1.88673        3.96460        1        -0.525275        -0.378093        -0.142416
Mo        2.08601        3.44986        4.20899        1        0.460215        0.036581        -2.081730
Mo        4.53234        5.21477        3.95389        1        0.861521        -1.763305        -1.449007
Mo        2.08216        6.97641        3.55908        1        0.866662        -1.188586        1.554487
Mo        4.67429        8.28688        3.70329        1        -0.067540        -0.095320        -0.442089
Mo        9.16182        0.18926        3.90341        1        -1.179024        -0.957541        -1.542047
Mo        11.43861        1.67535        4.11442        1        -1.182803        2.192560        -1.738309
Mo        8.98158        3.39069        3.64909        1        -0.043981        0.241637        -0.958758
Mo        11.28589        5.21807        3.98361        1        0.298186        -1.160756        0.372911
Mo        8.99963        6.64258        3.75724        1        -0.866284        0.651325        -1.195120
Mo        11.53682        8.66345        3.99028        1        -1.811708        -0.005764        -0.009497
Mo        15.50330        0.10331        3.98054        1        0.335859        0.393354        -0.871435
Mo        18.06326        1.69665        3.99974        1        -0.751369        0.065440        -0.128874
Mo        15.51819        3.59851        3.93674        1        0.409258        -0.622985        0.806144
Mo        17.72437        5.41003        4.06166        1        0.960225        -0.811732        0.750617
Mo        15.35998        7.06342        4.05662        1        1.414920        -0.937275        -1.639294
Mo        17.84162        8.72162        4.09762        1        0.409615        -1.723259        -1.736682
Te        0.79173        1.68162        5.89092        2        -0.366458        -0.855317        -1.019057
Te        4.14489        3.49290        6.02414        2        -0.517761        -0.274136        -0.055370
Te        6.15978        10.15133        2.38842        2        0.602180        0.767927        0.267537
Te        2.80096        1.62905        2.06354        2        -0.106897        0.590424        0.079037
Te        0.40308        4.94839        5.74868        2        0.234984        1.222865        -0.728593
Te        3.96543        6.87682        5.80181        2        -1.031511        0.277620        0.479246
Te        6.33091        3.25524        2.30918        2        -0.124386        0.758822        0.051701
Te        2.66409        4.95573        1.84913        2        0.639221        0.087199        1.079826
Te        0.52928        8.34821        5.39938        2        -0.260621        0.384579        -0.150548
Te        4.03215        10.08204        5.61931        2        0.010008        0.818451        0.408456
Te        6.36102        6.58777        2.19214        2        -0.184940        0.172653        0.604259
Te        2.96867        8.48378        1.59599        2        -0.371429        0.694072        0.924402
Te        7.35396        1.90661        5.21190        2        -0.544421        -1.295515        0.387055
Te        10.30928        3.54787        5.94065        2        0.867215        -0.237348        -0.254902
Te        13.01974        0.13744        2.60797        2        1.016176        -0.500171        -0.863326
Te        9.85013        1.59354        1.66614        2        -0.036540        0.636808        1.418928
Te        7.21930        4.97059        5.29523        2        0.295175        1.108561        -0.487677
Te        10.59633        6.95981        5.85582        2        0.102207        0.093832        0.852438
Te        12.98173        3.34513        2.57991        2        0.284525        0.867570        -0.396386
Te        9.80135        5.08209        1.66023        2        -0.145098        0.203868        0.643369
Te        7.38438        8.59857        5.10955        2        -0.204216        -0.314143        -0.208897
Te        10.85321        0.08626        5.95135        2        -0.724599        -1.297106        1.909919
Te        12.96159        6.78614        2.57750        2        0.469742        0.850530        -0.569667
Te        9.84160        8.68648        1.81162        2        -0.455787        -0.513158        1.356573
Te        13.79434        1.99439        5.53727        2        0.847226        -1.057866        0.322936
Te        17.48267        3.44228        5.93759        2        -0.646504        0.314347        0.171024
Te        19.38525        10.29118        2.22886        2        0.334207        -0.196336        0.995154
Te        16.16249        1.88005        2.06993        2        0.344660        -0.602780        -0.734500
Te        13.88624        5.06601        5.47763        2        -0.866725        1.303084        0.504582
Te        17.10228        7.05396        6.16480        2        0.220609        -0.503841        -0.736961
Te        19.56266        3.53304        2.54971        2        0.100680        -0.182304        0.451048
Te        15.89087        5.32568        2.03458        2        0.684951        0.419055        -0.575080
Te        13.87321        8.75163        5.42046        2        -0.342053        0.086048        1.191289
Te        17.29980        0.02428        5.94597        2        -0.123174        1.277126        1.849047
Te        19.43731        6.74177        2.28819        2        -0.278216        0.704149        0.522260
Te        16.20857        8.72909        1.91699        2        -0.533949        -0.084592        1.158794
