54
Lattice="20.641237959 0.000008540 -0.000615361 -0.000005198 10.639921383 0.000045896 0.042448411 0.000094922 30.000000000" Properties=species:S:1:pos:R:3:tags:I:1:forces:R:3 energy=-316.17067732 stress= -21.29848 -5.43481 1.82489 -0.41999 -0.38375 0.33441 pbc="T T T"
Mo        2.57213        10.56187        3.77476        1        0.010935        0.163279        0.381829
Mo        5.90843        1.86906        3.85395        1        1.068813        -0.035056        -1.147058
Mo        2.63732        3.61113        3.88564        1        0.357404        -0.388386        0.350478
Mo        6.02584        5.37739        3.91393        1        0.664232        -0.150727        -1.018130
Mo        2.60708        7.08866        3.94168        1        -0.280963        0.184662        -0.069246
Mo        6.05314        8.85549        3.86197        1        -0.346129        0.234960        0.138652
Mo        9.47653        10.55883        3.92965        1        0.053525        0.888028        -0.184119
Mo        13.06372        1.90434        3.94915        1        -0.654205        0.277198        0.419347
Mo        9.62622        3.52586        3.87176        1        -0.612453        -0.110860        -0.052702
Mo        12.90663        5.41109        3.82647        1        -0.072602        0.434237        1.082982
Mo        9.63540        7.08437        3.87411        1        -0.403897        0.568879        0.180366
Mo        13.12061        8.84368        4.07891        1        -1.174194        0.906198        0.347915
Mo        16.53556        0.11258        4.07552        1        -0.724493        -0.601163        0.196629
Mo        19.92628        1.62640        4.05179        1        -0.324892        0.248036        -1.021720
Mo        16.43514        3.66109        3.94850        1        -0.296554        -0.447587        -0.454381
Mo        19.81409        5.08725        3.99107        1        0.838237        0.057036        0.248472
Mo        16.35083        7.08747        3.93706        1        0.501672        0.758712        0.747591
Mo        19.87698        8.66892        3.87121        1        0.121890        0.062787        0.725568
Te        1.54740        1.75442        5.58914        2        0.242614        -0.055236        0.401302
Te        4.98089        3.65266        5.59164        2        -0.982318        -0.323944        0.838609
Te        1.36378        1.76497        2.19416        2        0.303526        0.145931        -0.245970
Te        4.84417        0.00771        2.10631        2        -0.024498        -0.077025        -0.091077
Te        1.47155        5.41143        5.74217        2        -0.045086        -0.873845        -0.306540
Te        4.78967        7.09891        5.63313        2        0.506415        0.435892        0.150271
Te        1.32426        5.29520        2.29643        2        0.254763        0.040101        -0.803340
Te        4.84550        3.64047        2.03914        2        -0.085431        0.011586        0.571167
Te        1.38033        8.89029        5.63764        2        0.443643        -0.187073        -0.263528
Te        4.78007        0.13063        5.48715        2        -0.084681        -0.988131        0.655636
Te        1.45684        8.66981        2.06658        2        -0.311635        0.651931        0.109385
Te        4.81121        7.05392        2.17935        2        0.077678        0.449114        -0.223570
Te        8.18648        1.74288        5.53734        2        0.385105        0.135279        0.158299
Te        11.78293        3.66203        5.65111        2        0.065419        -0.174553        -0.121979
Te        8.27051        1.78880        2.16713        2        0.221071        -0.255416        0.206099
Te        11.84160        0.12681        2.33630        2        -0.005610        -0.746083        -0.071054
Te        8.34459        5.31132        5.54788        2        0.196887        -0.134069        0.287125
Te        11.69658        7.11645        5.75926        2        0.584958        -0.088401        -0.556651
Te        8.43434        5.36187        2.18794        2        -0.289114        -0.433068        -0.257503
Te        11.86895        3.66027        2.12836        2        -0.267609        -0.639425        -0.198024
Te        8.27892        8.76958        5.57741        2        0.041387        0.132064        0.461719
Te        11.76520        0.06880        5.70930        2        0.247974        -0.039881        -0.377183
Te        8.34355        8.83739        2.17849        2        -0.032037        -0.041798        -0.402937
Te        11.86646        7.31622        2.17680        2        0.006202        -0.366523        -0.016924
Te        15.23156        2.06108        5.70134        2        0.177578        -1.058600        0.348237
Te        18.69537        3.36574        5.65535        2        -0.558847        -0.067516        1.058320
Te        15.24084        1.76454        2.24478        2        0.515177        0.494990        0.163821
Te        18.70253        10.61601        2.28928        2        -0.107662        -0.692506        -0.268306
Te        15.05692        5.43642        5.58107        2        0.205708        -0.300982        0.523514
Te        18.78679        6.79053        5.76694        2        -0.717441        1.070962        -0.392736
Te        15.18443        5.38401        2.18929        2        -0.000064        -0.004539        -0.368114
Te        18.63440        3.33487        2.23716        2        0.243419        0.158257        0.001878
Te        15.35513        8.83683        5.87519        2        0.085201        0.505070        -0.824405
Te        18.86046        10.44054        5.72022        2        -0.521639        -0.073969        0.229660
Te        15.18684        9.01385        2.32455        2        0.846348        -0.237509        -0.013423
Te        18.60577        6.81054        2.37345        2        -0.282099        0.570400        -1.280202
