54
Lattice="19.940895089 0.000456147 -0.025753600 -0.000245476 10.721779888 0.000007040 0.013560576 0.000001770 30.000000000" Properties=species:S:1:pos:R:3:tags:I:1:forces:R:3 energy=-316.04225513 stress= -10.40223 -7.00330 -0.00957 -2.24388 0.36210 1.07717 pbc="T T T"
Mo        2.48629        0.05568        3.95875        1        -2.112461        -0.373719        -0.866206
Mo        4.65497        1.76243        4.18083        1        0.126886        1.329120        -1.068935
Mo        2.19860        3.75989        4.23234        1        -0.357699        -0.583710        -0.721169
Mo        4.47165        5.38338        4.07080        1        0.949106        -0.128157        0.793130
Mo        2.21662        7.20245        3.90601        1        0.396098        0.218768        0.434678
Mo        4.57850        9.00841        4.03657        1        0.682759        -0.474086        0.164229
Mo        8.89339        0.16885        3.75470        1        -0.375926        -0.034676        -0.336248
Mo        11.25834        1.57795        3.73106        1        0.351856        0.884872        -0.553634
Mo        8.92089        3.50923        3.55833        1        0.152194        -0.003685        0.279427
Mo        11.42373        5.49145        3.83548        1        0.016730        -1.012976        -0.856962
Mo        8.86142        6.80733        3.99554        1        0.038329        0.031025        -1.819208
Mo        11.20954        8.94761        4.04867        1        -0.741510        0.082863        -1.621893
Mo        15.58034        10.60908        3.56035        1        -0.775285        -0.416989        0.596476
Mo        17.93948        1.54702        4.03340        1        0.297755        0.980150        0.584072
Mo        15.69940        3.40295        3.73523        1        -0.197019        0.219114        -0.875199
Mo        17.97980        5.61926        4.26305        1        -0.320357        1.051961        -0.528282
Mo        15.40636        7.37482        3.90255        1        0.847542        -1.052418        0.163512
Mo        17.87170        9.12386        4.03887        1        0.859714        -1.020476        1.337491
Te        0.56955        1.71118        5.26171        2        -0.197045        0.323036        0.936753
Te        4.25642        3.59284        6.14173        2        -0.774014        0.282051        -0.448868
Te        6.15472        0.09902        2.60862        2        0.796576        -0.124251        -0.329618
Te        2.73334        1.99852        2.15972        2        0.534452        -0.223410        0.322738
Te        0.49720        5.81305        5.63702        2        0.286073        -0.944697        -0.081678
Te        3.97235        7.26508        6.08054        2        0.024313        -0.359537        -1.097241
Te        6.31309        3.41411        2.25602        2        -0.356247        0.513645        0.926117
Te        2.59234        5.22718        2.05079        2        0.500791        1.017746        0.259528
Te        0.57792        9.13554        5.33706        2        0.049278        -0.271676        0.415140
Te        4.12233        0.05072        6.05300        2        0.030243        -0.679558        0.969684
Te        6.33989        6.90159        2.59381        2        -0.426768        0.310600        0.059167
Te        2.74764        8.98658        1.94380        2        0.566343        0.106750        0.195552
Te        7.49448        1.97868        5.43211        2        -0.497779        -0.493328        -0.328148
Te        10.70432        3.52173        5.62018        2        0.024681        -0.002714        -0.389831
Te        12.90850        10.29099        2.35056        2        -0.078495        0.937062        -0.659921
Te        9.44591        1.68464        1.63763        2        0.505889        0.138763        0.095401
Te        7.20275        5.18991        5.39467        2        0.109794        0.266344        -0.367976
Te        10.82796        7.04704        5.83307        2        -0.340217        0.064266        1.408107
Te        13.19314        3.53222        2.51218        2        -0.672281        -0.294008        -0.053015
Te        9.69556        5.40004        1.68179        2        -0.225955        0.018644        1.235723
Te        7.31228        9.03837        5.08023        2        -0.093343        -0.808771        0.575128
Te        10.64607        0.09779        5.81852        2        -0.197197        -0.349364        0.699521
Te        13.14262        7.18203        2.39956        2        -0.786195        -0.377700        -0.139141
Te        9.21701        8.76579        2.01077        2        0.790254        0.224571        0.741601
Te        13.85346        1.48545        4.92195        2        -0.066740        0.976874        0.492978
Te        17.19644        3.58498        5.89122        2        0.438097        -0.257688        0.212107
Te        19.36227        10.71267        2.38737        2        0.996537        -0.110121        -0.382051
Te        16.58100        1.55724        1.75815        2        -0.702782        0.775640        -0.443507
Te        13.98081        5.23327        5.26493        2        0.153716        0.235416        -0.383728
Te        16.82742        7.36643        6.14208        2        1.037550        -0.075533        -0.575937
Te        19.53010        3.66316        2.77846        2        -0.044543        0.187568        0.511255
Te        16.57370        5.61159        2.01834        2        -0.601965        -1.620929        0.552605
Te        13.73812        8.92925        5.26174        2        0.071318        0.467650        0.868974
Te        16.85347        0.10722        5.92585        2        0.343631        -0.472401        0.326511
Te        19.66383        7.27798        2.53020        2        -0.737361        -0.265221        0.559767
Te        16.46048        8.66508        1.92008        2        -0.306425        1.198085        -1.795612
