54
Lattice="19.557416337 0.000456147 -0.025753600 -0.000245476 10.309403738 0.000007040 0.013560576 0.000001770 30.000000000" Properties=species:S:1:pos:R:3:tags:I:1:forces:R:3 energy=-321.19715487 stress= -4.40574 -1.30109 1.07757 0.22053 0.61215 -0.11040 pbc="T T T"
Mo        2.10506        10.26458        3.74250        1        0.254187        -0.328446        0.136467
Mo        4.53289        1.67392        3.88956        1        0.413131        0.292805        0.483017
Mo        2.21238        3.27419        3.75372        1        -0.232964        0.412935        -0.321458
Mo        4.59886        5.18384        4.09613        1        -0.410357        -0.202516        -0.467714
Mo        2.24417        6.77731        3.81428        1        -0.676164        0.067014        0.431600
Mo        4.54925        8.61860        3.89194        1        0.414150        0.118832        0.848594
Mo        8.76998        0.17623        3.86080        1        -0.236376        -0.724081        0.067784
Mo        11.13782        1.79512        4.18752        1        -0.723904        -0.045907        -0.542355
Mo        8.62392        3.67656        3.88362        1        0.792836        -1.085480        1.240067
Mo        11.08836        5.19436        4.07656        1        -0.318717        -0.035916        -0.095910
Mo        8.71525        6.97272        3.89554        1        -0.253963        0.748127        0.253295
Mo        11.07433        8.69965        4.09310        1        0.303451        -0.510514        0.096895
Mo        15.23057        10.26762        3.81442        1        0.106253        -0.043799        -0.220206
Mo        17.56482        1.68444        3.86949        1        0.997592        -0.030926        0.959396
Mo        15.22101        3.35989        3.87429        1        -0.285858        0.303868        -0.497490
Mo        17.50505        5.13580        3.99885        1        1.002826        -0.387679        -0.901349
Mo        15.11663        6.88022        3.75804        1        1.618539        -0.530302        -0.356841
Mo        17.68726        8.48425        3.86245        1        -0.790438        0.752438        0.187505
Te        0.50954        1.65734        5.33389        2        0.143599        -0.227841        -0.156288
Te        3.77864        3.34516        5.93370        2        0.376539        0.327341        -0.054373
Te        6.17980        0.05736        2.33521        2        0.274418        -0.037290        0.197861
Te        2.91280        1.51255        1.71187        2        -0.248665        0.733044        0.347025
Te        0.58077        4.99541        5.35392        2        0.027415        0.534013        -0.148199
Te        3.91567        6.98211        5.95824        2        -0.171952        -0.180903        0.015226
Te        6.24573        3.57094        2.47217        2        -0.351456        -0.277362        -0.022068
Te        3.04578        5.07149        1.88765        2        -0.306859        -0.213025        -0.089879
Te        0.60944        8.51948        5.44908        2        -0.171251        -0.092345        -0.709484
Te        3.76279        0.04798        5.88650        2        0.288222        -0.385197        -0.381388
Te        6.25783        6.89075        2.50938        2        -0.256599        0.110546        -0.248144
Te        2.82578        8.45183        1.82414        2        -0.096179        0.235282        -0.206706
Te        7.04591        1.69960        5.36503        2        -0.247641        0.443242        -0.037542
Te        10.35483        3.46645        6.09497        2        -0.149706        0.549007        -0.241791
Te        12.73989        0.13245        2.67161        2        -0.276497        -0.533507        -0.738434
Te        9.48402        1.94395        2.00306        2        0.083440        -0.230244        -0.241996
Te        7.02698        5.25314        5.49743        2        0.349868        -0.104754        0.016620
Te        10.35274        6.91364        6.03164        2        0.261134        0.165659        0.002375
Te        12.70229        3.49834        2.52087        2        -0.062336        -0.380686        0.114071
Te        9.34978        5.35232        1.96472        2        0.521686        -0.531355        -0.796311
Te        7.04042        8.63850        5.36041        2        -0.097646        0.368772        -0.060928
Te        10.34766        0.03628        6.13231        2        0.048234        0.001936        -0.594524
Te        12.73947        6.85599        2.48043        2        -1.066310        0.466247        -0.223263
Te        9.44596        8.73053        1.88749        2        -0.039864        0.017136        0.611038
Te        13.63426        1.67477        5.51767        2        0.469332        0.119422        -0.186657
Te        17.06342        3.38094        5.89623        2        -0.548346        -0.188829        0.621298
Te        19.16807        10.24932        2.33067        2        0.377243        -0.004768        -0.133816
Te        15.92581        1.65618        1.83764        2        -0.736036        0.234654        -0.492230
Te        13.58803        5.17917        5.33942        2        0.113538        -0.346228        0.497901
Te        16.85792        6.92578        5.81247        2        0.025659        -0.403368        1.166752
Te        19.24806        3.33424        2.45166        2        -0.131347        0.494535        -0.521010
Te        15.86453        5.05138        1.82634        2        -0.028131        0.178991        0.326791
Te        13.73263        8.49984        5.36729        2        -0.964446        0.783909        0.622593
Te        17.02662        10.26167        5.79641        2        -0.039300        -0.158938        0.724834
Te        19.16186        6.77228        2.43957        2        0.821016        -0.464439        -0.500945
Te        15.91399        8.52685        1.77478        2        -0.150134        0.251479        0.203210
