54
Lattice="19.166863819 0.000008540 -0.000615361 -0.000005198 11.065518238 0.000045896 0.042448411 0.000094922 30.000000000" Properties=species:S:1:pos:R:3:tags:I:1:forces:R:3 energy=-312.30240671 stress= -10.42838 -8.55332 -2.75280 1.41314 -2.05208 -0.54865 pbc="T T T"
Mo        2.25509        11.05409        3.77930        1        1.085731        0.215821        1.140116
Mo        5.48364        1.69333        4.09060        1        0.062115        1.818181        1.578178
Mo        2.72705        3.98230        3.84865        1        -0.701530        -1.569808        -0.143011
Mo        5.76288        5.68151        3.97535        1        0.049131        -0.932197        -1.996073
Mo        2.32792        7.47588        3.71016        1        -0.585227        0.340771        -0.562184
Mo        5.80152        9.49577        3.80864        1        -0.447055        -2.987990        -0.772550
Mo        8.80890        10.98612        4.22596        1        0.549138        -0.401476        0.822740
Mo        11.87372        1.45565        4.09962        1        0.269070        2.042433        -0.797161
Mo        8.64714        3.83928        3.85051        1        0.319079        0.331447        2.513343
Mo        12.12042        5.37169        3.71829        1        -0.057713        0.217707        1.756684
Mo        8.86061        7.19381        3.68915        1        0.435416        2.185665        1.354028
Mo        12.02949        9.39013        4.11025        1        0.814198        -0.461761        -1.459179
Mo        15.39251        11.02584        4.17076        1        -1.748701        1.425309        -1.179269
Mo        18.34398        2.08014        4.01474        1        0.382768        -2.639489        -0.077986
Mo        15.11759        3.72964        4.08692        1        0.053871        -1.582427        -1.492886
Mo        18.33057        5.56375        3.69335        1        0.468697        -1.442038        1.289611
Mo        14.91025        7.00184        3.69332        1        2.482078        1.488326        -0.319024
Mo        18.27857        9.31988        3.98273        1        0.908599        -0.857340        -1.093173
Te        1.61494        1.91149        5.52396        2        -0.533176        1.056769        0.128094
Te        4.82213        3.94202        5.88471        2        -0.923300        -0.686337        -1.038634
Te        1.24097        2.03439        2.10386        2        0.577466        0.329802        0.881731
Te        4.36190        0.21466        2.20208        2        0.916854        -0.797297        -1.108157
Te        1.56752        5.62369        5.57002        2        -1.249976        0.421433        -0.197323
Te        4.42769        7.44950        5.44618        2        0.578537        0.746197        0.050577
Te        1.30309        5.50332        1.97589        2        0.582151        0.585421        0.273310
Te        4.92574        3.66849        2.24204        2        -0.795967        0.349516        0.042936
Te        1.35991        9.23023        5.64966        2        -0.484498        -0.151478        -0.674063
Te        4.60946        10.65262        5.68960        2        -1.296366        2.375927        1.124359
Te        1.09478        9.64918        1.89714        2        -0.050940        -1.839904        0.633956
Te        4.61108        7.43817        2.03627        2        0.115240        0.535003        0.811092
Te        7.69488        2.02924        5.82130        2        0.028418        -0.548829        -0.009079
Te        10.95427        3.54627        5.64818        2        -0.360153        0.769432        -0.616096
Te        7.70507        1.71937        2.63957        2        -0.613590        -0.150748        -2.578798
Te        10.59112        10.94609        2.25562        2        1.868409        0.276332        0.090972
Te        7.71709        5.79428        5.70168        2        0.909924        -1.103530        0.116551
Te        10.90192        7.59257        5.72609        2        0.399697        -1.732260        -0.794472
Te        7.77780        5.56078        1.90576        2        -0.373334        -0.177595        0.280196
Te        10.67719        3.46425        2.22777        2        1.586336        -0.160636        -0.266707
Te        7.99721        8.93925        5.88690        2        -0.979622        0.781002        -1.445230
Te        10.88640        10.94693        5.98486        2        -0.016476        0.140176        0.516029
Te        7.94561        9.41901        2.14105        2        -0.581551        -1.173074        0.113753
Te        11.23630        7.44372        2.16972        2        -0.448430        -0.100371        0.346960
Te        13.97620        1.84683        6.02043        2        0.610790        -0.395138        -1.429678
Te        17.20324        3.68148        5.76771        2        0.879545        1.066789        0.081727
Te        14.12039        1.72577        2.34812        2        -0.418151        -0.305664        0.936449
Te        17.22856        0.05320        2.27021        2        0.695439        0.584918        -0.128782
Te        14.20931        5.53227        5.72407        2        -1.822468        -0.228192        0.662341
Te        17.09791        7.24401        5.47242        2        0.686239        0.143101        -0.293134
Te        14.16246        5.13482        1.92393        2        -0.663113        0.166015        0.068919
Te        17.20396        3.48492        2.12904        2        -0.229434        1.461612        0.160280
Te        14.46186        9.04288        5.58522        2        -1.878789        -0.395145        0.814722
Te        17.37974        11.03554        5.81424        2        1.077922        0.833276        0.985808
Te        14.51768        9.28858        2.21121        2        -1.719194        -0.055609        0.094329
Te        17.30541        7.34121        1.94830        2        -0.440949        0.203041        0.805964
