54
Lattice="18.429676749 0.000008540 -0.000615361 -0.000005198 10.639921383 0.000045896 0.042448411 0.000094922 30.000000000" Properties=species:S:1:pos:R:3:tags:I:1:forces:R:3 energy=-316.34685147 stress= 0.69868 1.70617 -3.76663 1.40732 -1.13677 -1.10872 pbc="T T T"
Mo        2.15602        0.03242        3.99352        1        1.559018        -0.185629        -1.638922
Mo        5.50668        1.93240        3.98977        1        0.291055        -0.503719        -1.188803
Mo        2.42082        3.51855        3.88145        1        1.145216        -0.533933        -1.583097
Mo        5.49061        5.17487        3.67466        1        -1.478176        0.451351        2.645003
Mo        2.32924        7.06679        4.08210        1        0.133951        -0.060161        -1.160673
Mo        5.41042        8.78139        4.01901        1        0.227442        -0.390299        -1.221256
Mo        8.29884        10.45406        3.85497        1        0.408150        1.694990        1.131842
Mo        11.63369        1.84841        4.14234        1        -1.640798        0.236542        -3.244679
Mo        8.57211        3.39757        3.73124        1        -0.959717        -0.522678        -0.649605
Mo        11.44296        5.30465        3.75431        1        0.883861        -0.169056        0.552339
Mo        8.56820        7.07387        4.12391        1        -0.740681        0.609746        -1.080325
Mo        11.53167        8.97429        4.23520        1        2.018741        -3.121331        -4.392000
Mo        14.56951        0.08942        3.90561        1        -0.264919        -0.588686        -0.161960
Mo        17.74146        1.95073        3.93451        1        0.410505        -1.153365        -0.951484
Mo        14.61622        3.45798        4.10379        1        0.170791        0.198578        -1.166157
Mo        17.59464        5.31868        3.99374        1        -0.807635        0.506457        -0.411186
Mo        14.54041        7.29117        3.90355        1        1.211219        0.666249        0.236432
Mo        17.77601        8.66802        3.91498        1        -0.130989        1.509802        0.626126
Te        1.41712        1.87957        5.60075        2        -0.941449        -0.086709        2.232735
Te        4.41760        3.53339        5.76756        2        -0.267921        0.703330        -0.256104
Te        1.33734        1.77994        1.91625        2        -0.320636        0.111190        1.356205
Te        4.35258        0.13173        2.30766        2        -0.138368        -1.026446        0.178631
Te        1.19573        5.14086        5.68016        2        1.022763        1.063868        0.647282
Te        4.47709        6.83587        5.78873        2        -0.134782        0.651139        -0.860767
Te        1.25173        5.24166        2.22084        2        0.175878        0.827932        -0.056109
Te        4.67033        3.44498        1.84428        2        -1.261784        0.203939        0.706007
Te        1.40935        8.91725        5.85694        2        -0.620406        -0.728516        -0.016157
Te        4.47026        0.14054        5.67648        2        -0.787820        -0.885553        0.269784
Te        1.35722        8.88833        2.13259        2        -0.018649        -0.680072        0.210972
Te        4.28823        7.01352        2.09984        2        0.252554        0.588781        0.528048
Te        7.54334        1.80322        5.83084        2        -0.100866        -0.742957        -1.180939
Te        10.27186        3.52510        5.62726        2        2.026717        0.534479        1.154332
Te        7.33720        1.55019        2.01070        2        0.819002        0.653729        0.152412
Te        10.47775        0.11381        2.30668        2        0.255953        -0.191789        0.093980
Te        7.38998        5.03818        5.65310        2        0.611530        0.982286        -0.448399
Te        10.70654        6.84629        5.79899        2        -1.037988        1.197108        0.554479
Te        7.62315        5.41443        2.22860        2        0.368814        -0.249508        -1.263608
Te        10.54088        3.84989        1.60193        2        -0.124375        -1.071051        1.738146
Te        7.43152        8.83797        5.79630        2        -0.232481        -0.431584        0.690058
Te        10.43648        10.55030        5.68395        2        -1.772114        2.564900        2.797313
Te        7.45351        8.76133        1.97689        2        -0.672777        -0.487315        1.230342
Te        10.48003        7.35277        2.22315        2        0.353676        -0.559898        0.271400
Te        13.52629        1.72414        5.80924        2        1.255909        0.320705        1.710355
Te        16.75244        3.57411        5.82803        2        -0.928887        -0.225252        0.542757
Te        13.41609        1.72807        2.07616        2        0.894328        0.778319        0.776750
Te        16.60621        10.63202        2.15777        2        0.738764        -0.039323        0.616596
Te        13.51742        5.47075        5.69555        2        0.174707        -0.714016        -0.508925
Te        16.51180        7.18321        5.84416        2        0.478891        -0.445560        -0.792011
Te        13.82181        5.33592        2.28592        2        -1.581123        -0.293333        -0.599984
Te        16.57100        3.60580        2.19136        2        -0.032839        -0.415561        -0.311572
Te        13.70403        9.16732        5.88801        2        -0.352019        -1.247692        -0.380576
Te        16.89332        0.01867        5.74114        2        -0.864656        -0.013434        -1.108281
Te        13.27117        8.90076        1.87397        2        1.236997        0.205153        2.139793
Te        16.77279        7.02602        2.00487        2        -0.893257        0.494378        0.823358
