54
Lattice="21.378425029 0.000008540 -0.000615361 -0.000005198 12.342308804 0.000045896 0.042448411 0.000094922 30.000000000" Properties=species:S:1:pos:R:3:tags:I:1:forces:R:3 energy=-298.06018726 stress= -27.09935 -26.86441 0.50156 0.97399 -0.39618 0.03947 pbc="T T T"
Mo        2.48754        0.00529        3.96547        1        0.418340        -0.033838        0.134815
Mo        6.27374        2.14859        4.15331        1        -0.448138        -0.272816        -0.169790
Mo        2.67382        4.01642        3.79604        1        0.335436        -0.158697        0.429539
Mo        6.32603        6.26135        4.09190        1        -0.226537        -0.356602        -0.210514
Mo        2.69300        8.13295        3.92491        1        -0.052479        -0.743809        0.013328
Mo        6.13980        10.39492        3.89298        1        -0.204920        -0.579654        0.110190
Mo        9.76218        12.31786        3.90013        1        0.166655        0.570630        -0.129571
Mo        13.34267        2.05385        4.23779        1        0.126537        0.642066        0.157112
Mo        9.65092        4.21640        4.06302        1        0.957298        -0.365548        -0.074634
Mo        13.54120        6.40186        3.71408        1        -0.247801        0.118858        -0.133562
Mo        9.87625        8.21596        4.06852        1        -0.397295        0.156281        -0.044615
Mo        13.45837        10.43001        3.98512        1        0.400407        -0.061035        -0.112040
Mo        17.09515        12.20151        3.81175        1        0.211963        0.635812        -0.171303
Mo        20.35363        1.96695        3.87804        1        0.503693        0.179660        0.539745
Mo        17.03100        4.28590        3.89950        1        0.207826        -0.221011        0.106966
Mo        20.71839        5.93875        3.71905        1        -0.733688        -0.159844        0.423323
Mo        17.03367        8.18288        3.76754        1        0.066930        0.268195        0.061744
Mo        20.58082        10.16483        3.75386        1        -0.430556        -0.383547        0.114341
Te        1.31034        2.00873        5.58190        2        -0.058980        0.018652        -0.294775
Te        4.96700        4.17287        5.63368        2        0.337071        0.013895        -0.191645
Te        1.38018        2.08661        2.29619        2        -0.111312        -0.443567        -0.073541
Te        4.87458        0.10989        2.43085        2        0.397292        0.042706        0.067287
Te        1.54948        5.85685        5.52696        2        -0.101240        0.661145        -0.195669
Te        4.88435        8.16776        5.64036        2        0.477972        0.378617        -0.106098
Te        1.68907        5.96195        2.18522        2        -0.162278        0.473910        -0.229041
Te        5.16676        4.19207        2.39046        2        0.086025        -0.118891        0.186591
Te        1.43703        10.04769        5.43440        2        -0.055381        0.531843        0.935410
Te        4.87543        0.13340        5.66570        2        0.138944        -0.145646        -0.324159
Te        1.56368        10.23100        2.32909        2        0.051611        0.020663        -0.901217
Te        5.05875        8.16102        2.35752        2        0.273220        0.374386        0.059722
Te        8.60089        1.83928        5.71096        2        -0.106947        0.596776        -0.404186
Te        12.37362        4.37753        5.47769        2        -0.397159        -0.224122        0.339392
Te        8.60214        2.19681        2.38043        2        -0.165816        -0.354033        0.356730
Te        12.16009        0.21490        2.49060        2        0.142155        -0.433601        -0.705942
Te        8.71512        6.23720        5.68307        2        -0.374575        0.044554        0.146220
Te        12.27847        8.32159        5.52513        2        0.276788        0.047111        0.430783
Te        8.69508        6.12372        2.33342        2        -0.321527        0.348363        0.348905
Te        12.23738        4.25325        2.48492        2        -0.317367        -0.197977        -0.353907
Te        8.62314        10.33853        5.46178        2        -0.341904        -0.312469        0.801109
Te        12.25075        12.34103        5.62880        2        -0.269277        -0.106893        0.275629
Te        8.57345        10.20379        2.38080        2        -0.138649        0.273130        -0.418908
Te        12.14057        8.52860        2.41345        2        0.383870        -0.384116        -0.735650
Te        15.79078        2.17970        5.50011        2        0.305874        -0.249496        0.394201
Te        19.43404        4.12264        5.56829        2        -0.232870        -0.139175        -0.499296
Te        15.78834        2.17212        2.55106        2        -0.154871        -0.483317        -0.772236
Te        19.41172        12.30929        2.17611        2        -0.217540        -0.411232        0.090645
Te        15.82244        6.21659        5.37194        2        -0.023370        0.654444        0.509297
Te        19.40007        7.93162        5.33095        2        0.121786        0.437577        0.066687
Te        15.84974        6.30002        2.05208        2        -0.147619        -0.177261        0.382304
Te        19.15445        4.04053        2.20474        2        0.776383        -0.074878        -0.132701
Te        16.04593        10.36970        5.52665        2        -0.513338        -0.698932        -0.421266
Te        19.42513        12.04061        5.54058        2        -0.185405        0.455737        -0.540595
Te        15.83736        10.35648        2.07375        2        -0.032752        -0.104912        0.976602
Te        19.47032        7.95383        2.14954        2        0.009878        0.442026        -0.088417
