54
Lattice="18.429676749 0.000008540 -0.000615361 -0.000005198 11.278316666 0.000045896 0.042448411 0.000094922 30.000000000" Properties=species:S:1:pos:R:3:tags:I:1:forces:R:3 energy=-319.76656245 stress= -2.81890 -12.83189 -1.09335 1.66922 0.72559 -0.21153 pbc="T T T"
Mo        2.41402        11.22823        3.81869        1        -1.241849        0.249080        0.395664
Mo        5.40487        2.04693        3.82070        1        -0.037522        -0.941839        -0.421776
Mo        2.35634        3.87646        3.88624        1        -0.605128        -0.772485        -0.263190
Mo        5.47434        5.67997        3.77161        1        -0.335646        0.225464        1.063267
Mo        2.28342        7.53179        3.94708        1        0.401855        -0.601380        -0.731181
Mo        5.41518        9.53888        3.76537        1        -0.830333        0.277008        1.875363
Mo        8.49170        0.11317        3.91773        1        0.247871        -0.505673        -0.532931
Mo        11.57218        1.83612        4.12763        1        -0.072602        0.145798        -1.291841
Mo        8.49751        3.88324        3.95569        1        -0.335116        0.497787        -0.008115
Mo        11.59076        5.69666        4.03933        1        -0.712341        0.229307        0.151878
Mo        8.40202        7.68062        3.91258        1        -0.342454        -0.363797        0.567027
Mo        11.51080        9.38092        4.07872        1        0.175858        0.179795        -0.467287
Mo        14.61266        11.01488        3.95284        1        -0.311539        0.725264        0.496073
Mo        17.56792        1.71690        4.04707        1        0.357483        -0.059234        -0.329434
Mo        14.55871        3.73797        3.90471        1        -0.107916        -1.280275        0.324137
Mo        17.64865        5.62471        3.84901        1        0.459716        -0.617950        0.246052
Mo        14.70091        7.45394        3.93446        1        -1.136101        -0.627814        -0.085108
Mo        17.67433        9.24214        3.95148        1        -0.283491        0.355339        -0.138875
Te        1.36458        1.74093        5.63646        2        -0.010972        0.574918        -0.053170
Te        4.34094        3.90527        5.60279        2        0.879245        -0.201096        0.239616
Te        1.23884        1.90695        2.25567        2        0.014179        -0.043429        -0.206223
Te        4.34497        0.13980        1.99751        2        0.714487        -0.042790        0.011503
Te        1.24511        5.61170        5.71944        2        0.306757        0.199658        -0.408044
Te        4.41623        7.50781        5.62769        2        0.220848        0.472795        -0.584247
Te        1.33073        5.67346        2.13022        2        -0.059330        0.069833        -0.201119
Te        4.47120        3.76794        2.04350        2        -0.566460        0.830804        -0.293195
Te        1.28358        9.34282        5.60672        2        0.737843        0.537579        0.981443
Te        4.39545        0.15697        5.56432        2        0.536533        -0.354486        0.259759
Te        1.33379        9.37909        2.13282        2        -0.212009        -0.309655        -0.119129
Te        4.39497        7.65056        2.11060        2        -0.182722        -0.587466        0.000066
Te        7.43725        1.96153        5.51484        2        -0.046231        0.412847        1.417358
Te        10.50183        3.74744        5.78557        2        0.376412        0.472947        0.056427
Te        7.72166        1.99043        2.07679        2        -1.067015        0.211977        0.342171
Te        10.65342        0.04981        2.22815        2        -0.259554        -0.164913        0.439260
Te        7.38839        5.77777        5.82951        2        0.163521        -0.194409        -1.421775
Te        10.34330        7.53712        5.77840        2        0.813889        -0.046352        -0.059312
Te        7.58034        5.77215        2.09636        2        -0.025291        -0.144743        0.171852
Te        10.56364        3.82216        2.29449        2        0.751991        -0.184685        0.053866
Te        7.41542        9.61954        5.69920        2        -0.377232        -0.527699        -0.357495
Te        10.43049        11.25392        5.77960        2        0.560905        0.184088        0.406179
Te        7.44685        9.57607        2.17076        2        0.764762        -0.109633        -1.069431
Te        10.48185        7.78946        2.17657        2        0.157216        -1.232052        0.389947
Te        13.71756        1.80520        5.77864        2        -0.100045        -0.255166        -0.630302
Te        16.76031        3.70824        5.64236        2        -0.680024        0.167389        0.290399
Te        13.53229        1.64837        2.10843        2        0.390240        0.454668        1.293690
Te        16.75280        11.11576        2.26288        2        -0.732637        0.117884        -0.467128
Te        13.83310        5.51244        5.72547        2        -1.182951        0.769332        0.199421
Te        16.69712        7.36766        5.69576        2        0.296366        0.286351        0.391027
Te        13.50589        5.60732        2.18681        2        0.529618        0.205723        -0.117176
Te        16.53059        3.64793        2.20063        2        0.987191        -0.129704        -0.472837
Te        13.61039        9.16054        5.81891        2        -0.051051        0.421630        -0.477122
Te        16.55109        11.00572        5.91014        2        0.573318        0.325700        -1.149055
Te        13.51896        9.21000        2.15491        2        0.351968        0.424793        0.575927
Te        16.67035        7.43594        2.10296        2        0.104872        0.263255        -0.282516
