54
Lattice="20.641237959 0.000008540 -0.000615361 -0.000005198 10.639921383 0.000045896 0.042448411 0.000094922 30.000000000" Properties=species:S:1:pos:R:3:tags:I:1:forces:R:3 energy=-309.11553273 stress= -18.46373 -3.00606 -0.48536 -2.36290 0.00937 -0.81738 pbc="T T T"
Mo        2.86307        0.04966        3.73577        1        -0.243566        -0.356821        0.832967
Mo        6.17930        1.74927        3.99697        1        -0.736516        1.268423        0.354807
Mo        2.46859        3.69541        3.87380        1        0.118837        0.260553        -0.192811
Mo        5.95134        5.58747        3.89486        1        0.980683        -1.033153        0.380294
Mo        2.50909        6.91711        3.84764        1        1.174116        0.963454        1.770165
Mo        6.19100        9.10330        4.12120        1        -0.759720        -1.252498        -1.900874
Mo        9.58733        10.34686        3.99055        1        1.324142        1.469167        -0.135308
Mo        12.55345        1.80651        3.89584        1        2.666344        -0.573861        1.331819
Mo        9.98088        3.44759        3.81809        1        -0.526801        -0.655521        2.086691
Mo        13.02425        5.00391        3.57363        1        0.155103        0.830546        2.322105
Mo        9.71820        6.97259        3.96684        1        0.212001        1.405580        -2.134835
Mo        12.72188        8.91881        3.71132        1        0.635735        -0.416112        0.198904
Mo        16.09216        10.61083        3.73004        1        1.707013        -0.735113        1.589401
Mo        19.88643        1.82152        4.06149        1        1.576612        -0.127426        0.847749
Mo        16.28846        3.57034        3.88880        1        0.453907        -1.079754        1.008180
Mo        19.95668        5.46007        4.18618        1        -2.164537        0.315776        -1.735480
Mo        16.13739        7.00226        3.81497        1        1.605701        -0.751305        1.685982
Mo        19.71918        8.98326        4.27240        1        0.761877        -0.189495        -1.062193
Te        1.92865        1.82227        5.69726        2        -1.268841        -0.599113        -0.638247
Te        4.74989        3.83807        5.66077        2        0.581604        -0.625913        -1.107193
Te        1.52473        1.78524        2.02916        2        -0.129988        0.007078        1.093494
Te        5.19291        0.16238        1.99741        2        -0.363287        -0.212358        1.345910
Te        1.27972        5.35568        5.82251        2        1.626005        -0.242341        0.351120
Te        4.89310        7.28088        5.75444        2        0.066767        -0.298000        -0.638244
Te        1.19846        5.45625        2.15217        2        -0.204216        -1.040979        -0.509387
Te        4.57914        3.93179        2.02941        2        0.940378        -0.668105        1.360243
Te        1.72427        8.74386        5.74329        2        -0.729966        0.899180        -0.919435
Te        4.89021        0.06804        5.76843        2        0.281770        0.853105        -0.211544
Te        1.17521        8.75787        2.44739        2        0.552144        1.033662        -0.671221
Te        4.79474        7.22474        2.18011        2        0.063617        0.961487        0.338551
Te        8.84073        1.67831        5.80311        2        -1.106476        0.235830        -0.792626
Te        11.79141        3.54881        5.84800        2        0.672305        0.396747        -1.093311
Te        8.51263        1.58717        2.46282        2        -0.748849        0.297652        -1.038866
Te        11.58957        0.11623        2.11827        2        -0.539639        -1.495856        -0.841147
Te        8.67171        5.35980        5.52562        2        -1.516344        -2.065390        1.401149
Te        12.04836        7.01263        5.51746        2        -0.783392        -0.606194        -0.607960
Te        8.82076        5.02410        2.17590        2        -1.513114        1.649129        -0.977474
Te        11.88939        3.23555        1.85496        2        -0.466282        1.727536        -0.794087
Te        8.46941        8.73294        5.64144        2        -0.617702        -0.637294        1.524411
Te        11.78662        0.05136        5.77208        2        -0.453556        -1.181582        -0.522859
Te        8.25261        8.71095        2.26251        2        0.443725        -0.225744        -0.057356
Te        11.67053        6.98126        2.00725        2        0.658049        -0.044100        0.119986
Te        15.04911        1.57408        5.61969        2        -0.398570        1.085985        -0.595842
Te        18.77429        3.55016        5.75000        2        -0.735151        0.323130        0.283352
Te        14.92978        1.59601        2.13606        2        -0.255815        1.460058        -0.080651
Te        18.64091        0.21595        2.43213        2        -0.426535        -1.201772        -1.133973
Te        15.19098        5.30054        5.77556        2        -0.190676        -0.643615        -1.428402
Te        18.39896        7.23962        5.75215        2        -0.140376        -0.787554        0.223020
Te        15.37523        5.16910        2.01227        2        -0.713931        0.037438        -0.528954
Te        18.80248        3.56499        2.41220        2        -0.571090        0.960638        -0.419346
Te        14.79504        8.77009        5.38507        2        0.939598        0.528858        0.953315
Te        18.36321        0.08082        5.60519        2        -0.403129        0.925813        1.312720
Te        15.21988        8.69817        2.15825        2        -1.690163        0.790840        -2.268777
Te        18.56101        7.39856        2.36142        2        0.264897        -0.951014        0.327124
