54
Lattice="19.173937585 0.000456147 -0.025753600 -0.000245476 10.309403738 0.000007040 0.013560576 0.000001770 30.000000000" Properties=species:S:1:pos:R:3:tags:I:1:forces:R:3 energy=-321.21447757 stress= -0.06607 -0.52321 -2.61574 -1.30392 -0.05047 0.25863 pbc="T T T"
Mo        2.13113        0.10331        3.85497        1        0.090327        0.081242        0.355027
Mo        4.43182        1.83658        4.19552        1        -0.107330        -1.119130        -2.062616
Mo        2.14533        3.54283        3.93923        1        -0.072470        -0.396102        -0.988950
Mo        4.53184        5.15166        4.09814        1        -0.574890        0.111403        0.891526
Mo        2.19367        6.94815        3.91242        1        -0.595478        0.355807        0.246518
Mo        4.39175        8.70521        4.22430        1        0.809228        -0.427590        -0.881899
Mo        8.48004        10.21347        3.82048        1        0.260804        0.577861        -0.520362
Mo        10.83630        1.61058        3.85468        1        0.597483        0.682909        1.281211
Mo        8.44376        3.37231        3.94402        1        0.698062        -0.261815        -0.799134
Mo        10.84665        5.01871        4.00691        1        0.526564        0.820058        -0.097829
Mo        8.51289        6.78040        3.95404        1        0.099804        0.549854        -1.104232
Mo        10.90829        8.47390        3.86922        1        -0.664981        0.059998        1.082017
Mo        14.94496        10.26300        3.63567        1        0.217606        0.048053        0.626033
Mo        17.28745        1.71804        3.85498        1        -0.539810        0.049314        -0.035678
Mo        14.97543        3.45411        3.75001        1        -0.069376        -0.350531        -0.347374
Mo        17.34436        5.25330        4.03169        1        -0.933558        -0.488870        -0.704153
Mo        15.07349        6.97250        3.70685        1        -1.597551        -1.306282        -0.067466
Mo        17.27493        8.52810        3.89645        1        0.801776        0.857655        0.453982
Te        0.44901        1.78698        5.33664        2        0.285094        0.043968        0.270988
Te        3.74062        3.41561        6.09359        2        0.088871        1.181790        0.869806
Te        5.90548        0.01312        2.53640        2        0.487615        -0.085114        0.212735
Te        2.80887        1.79330        1.83261        2        0.102425        0.482429        1.255058
Te        0.58407        5.24557        5.50131        2        -0.051719        0.214972        -0.008986
Te        3.76244        6.88104        6.09064        2        0.190710        -0.136136        0.165214
Te        5.97870        3.37805        2.46681        2        0.343641        0.128424        0.432000
Te        2.88556        5.28810        1.97943        2        -0.124158        -0.488887        -0.271712
Te        0.51758        8.83850        5.51601        2        0.064969        -1.020215        -0.621298
Te        3.69637        0.10947        6.11494        2        -0.195420        -0.246015        0.245248
Te        6.08868        6.78360        2.59553        2        -0.134483        0.665232        -0.047325
Te        2.92014        8.71441        1.98454        2        -0.201359        -0.497057        -0.300610
Te        6.96119        1.68298        5.50144        2        -0.165037        -0.011426        0.084023
Te        10.26534        3.39391        6.01017        2        0.028091        -0.675545        -0.529763
Te        12.45140        10.15760        2.38912        2        0.042274        0.540396        -0.680187
Te        9.09147        1.67181        1.83527        2        -0.257134        0.042941        0.216634
Te        7.00632        5.15609        5.54449        2        -0.417508        -0.201700        0.176339
Te        10.28034        6.87005        5.97041        2        0.114205        -0.312320        -0.098609
Te        12.42194        3.33801        2.26770        2        0.054243        0.305865        0.623019
Te        9.10218        5.04001        1.93444        2        0.013585        0.318728        0.081786
Te        6.94844        8.68128        5.45284        2        -0.080061        -0.607896        0.449453
Te        10.26181        10.25549        5.85400        2        0.022747        -0.171739        0.121915
Te        12.45347        6.77707        2.36468        2        0.200852        -0.181526        -0.074537
Te        9.09039        8.50322        1.83759        2        -0.020635        -0.270600        0.240722
Te        13.42059        1.67097        5.30421        2        -0.402013        -0.016687        -0.444315
Te        16.63423        3.38771        5.93763        2        -0.121047        0.261269        -0.632727
Te        18.90934        10.30677        2.26239        2        -0.189856        0.187391        0.520301
Te        15.61004        1.66675        1.64499        2        0.013174        0.438355        0.869141
Te        13.41125        5.20736        5.37245        2        0.002795        -0.422455        -0.518773
Te        16.50293        6.93337        5.93903        2        0.530874        -0.104377        0.387524
Te        18.89582        3.55504        2.46686        2        0.187444        -0.119818        -0.224982
Te        15.63453        5.14014        1.73738        2        0.340733        0.100373        0.808105
Te        13.31933        8.50663        5.35803        2        0.453832        0.267968        -0.577626
Te        16.57320        10.25172        5.81481        2        -0.193605        0.604623        -0.141934
Te        18.89563        6.93662        2.37214        2        0.455541        -0.272642        0.260504
Te        15.77267        8.54669        1.69515        2        -0.462830        0.237489        -0.444207
