54
Lattice="19.173937585 0.000456147 -0.025753600 -0.000245476 10.515591813 0.000007040 0.013560576 0.000001770 30.000000000" Properties=species:S:1:pos:R:3:tags:I:1:forces:R:3 energy=-317.90613508 stress= -2.48202 -1.63854 -1.75425 0.52459 -0.04012 -0.48088 pbc="T T T"
Mo        2.13995        0.00732        3.86121        1        0.086179        0.659362        0.438018
Mo        4.36670        1.94954        4.01369        1        0.416013        -1.522481        -0.485838
Mo        2.18444        3.62138        3.65060        1        -1.084166        0.180763        -0.616724
Mo        4.44455        5.20979        3.86126        1        0.972472        0.367737        1.979760
Mo        2.27355        7.09762        3.88341        1        -0.004840        -0.906127        -0.543711
Mo        4.66624        8.86707        3.94069        1        -0.288066        -0.683622        1.839075
Mo        8.50812        0.21677        3.90803        1        0.553131        0.128604        0.122499
Mo        10.87597        1.72445        4.01274        1        -0.703338        0.319536        0.461007
Mo        8.57884        3.47231        3.67882        1        0.323085        -0.165934        1.131674
Mo        10.77957        5.09617        4.15093        1        0.708876        -0.325613        -1.611378
Mo        8.63394        6.84806        3.79292        1        0.343337        -0.855165        0.280090
Mo        10.75237        8.95266        4.21318        1        0.283181        -1.016127        0.184294
Mo        14.96983        0.00948        3.64999        1        -0.655418        -0.524992        1.115463
Mo        17.19326        1.77570        4.02956        1        1.496586        -0.654039        0.253037
Mo        14.90918        3.40575        3.87595        1        -0.527587        -0.264670        -0.675691
Mo        17.30799        5.45298        3.98607        1        -0.455804        -1.450210        -0.465871
Mo        14.69151        7.09638        3.93170        1        1.910717        -0.001772        -0.138458
Mo        17.23094        8.65474        3.85406        1        -0.342490        0.953661        0.760504
Te        0.51777        1.84423        5.27393        2        0.165056        0.096468        0.171094
Te        3.52541        3.54889        5.88162        2        0.985023        0.476794        0.816005
Te        6.18681        0.07220        2.38278        2        -0.624426        -0.239102        0.312273
Te        2.66370        1.68505        1.83000        2        0.585948        0.530516        -0.087422
Te        0.78156        5.34621        5.38702        2        -1.094030        0.073972        -0.210102
Te        4.05589        6.93854        6.10332        2        -0.116251        0.484731        -2.026571
Te        6.07256        3.27853        2.33322        2        -0.249036        1.026389        -0.264525
Te        2.90158        5.38509        1.68041        2        -0.433891        0.141405        0.689810
Te        0.53052        8.85428        5.32885        2        -0.026611        -0.490613        0.209530
Te        3.83414        0.07980        5.93796        2        0.473559        -0.384521        -0.118366
Te        6.21473        6.85497        2.48368        2        -0.532294        0.637447        -0.368508
Te        2.81176        8.84868        2.03135        2        0.413680        -0.397850        -1.928235
Te        6.92685        1.91880        5.36825        2        -0.328266        -0.482021        0.213080
Te        10.23847        3.38449        6.09243        2        -0.483249        0.029755        -0.542517
Te        12.35042        10.45184        2.51101        2        0.249845        -0.299069        -0.062085
Te        9.29438        1.75683        1.76866        2        0.005644        -0.464587        0.335487
Te        7.03812        5.07730        5.30819        2        -0.754666        0.519312        -0.146125
Te        10.00204        6.79391        6.08560        2        0.721442        0.947337        -0.145737
Te        12.33680        3.34375        2.41024        2        0.620265        0.808544        0.216989
Te        9.25329        5.20067        1.70917        2        0.266125        0.159196        0.709763
Te        7.36711        8.60987        5.45996        2        -1.795956        0.960181        -0.379415
Te        10.12072        0.14315        6.14990        2        0.050423        -0.230543        -0.298250
Te        12.26865        6.91956        2.65499        2        0.046588        0.621560        0.028110
Te        9.09902        8.87004        2.04734        2        0.469275        -0.355446        -0.305057
Te        13.33469        1.84950        5.36924        2        -0.105304        -1.201110        0.288583
Te        16.55641        3.53950        5.85843        2        0.728288        0.405486        1.357765
Te        18.94233        0.00367        2.36126        2        -0.867527        -0.020734        0.317392
Te        15.86101        1.72865        1.84592        2        -1.260280        0.479267        -0.914383
Te        13.33544        5.26214        5.57497        2        -0.223402        -0.219494        -0.437129
Te        16.73718        6.99692        5.96109        2        -0.628964        0.530513        0.057590
Te        18.83860        3.69788        2.29771        2        -0.279057        -0.444480        0.564200
Te        15.36798        5.16062        2.08741        2        0.440554        1.390997        -1.434733
Te        13.36829        8.74060        5.69734        2        -0.445080        0.584521        -1.131277
Te        16.41037        10.30842        5.90311        2        0.651035        0.923894        -0.674827
Te        18.72584        7.04042        2.24129        2        0.754700        -0.009742        0.216311
Te        15.56797        8.79697        1.68930        2        -0.405992        -0.833054        0.945545
