54
Lattice="18.429676749 0.000008540 -0.000615361 -0.000005198 11.491115093 0.000045896 0.042448411 0.000094922 30.000000000" Properties=species:S:1:pos:R:3:tags:I:1:forces:R:3 energy=-319.05721125 stress= -4.31186 -13.75832 2.73581 -0.43425 -0.68090 -0.24554 pbc="T T T"
Mo        2.34503        0.11019        3.72560        1        -0.666668        -0.276826        1.615390
Mo        5.33608        1.85042        3.91297        1        0.351322        -0.174248        -0.770690
Mo        2.36786        3.90869        3.81915        1        -0.065728        -0.057028        0.771126
Mo        5.36872        5.83822        3.72489        1        -0.190897        -1.329457        0.811391
Mo        2.19635        7.64828        3.87036        1        0.771129        0.687814        0.020362
Mo        5.27757        9.64158        3.91447        1        1.164178        -0.140387        -0.839301
Mo        8.54751        11.40083        3.82220        1        0.110431        -0.558018        0.340656
Mo        11.54917        1.93351        3.93913        1        0.494279        0.946811        0.315068
Mo        8.43408        3.77379        3.86581        1        -0.177596        -0.288870        0.150612
Mo        11.38227        5.80088        3.93266        1        0.365852        -1.591750        0.562751
Mo        8.51035        7.67012        3.96969        1        -1.120262        -0.787228        0.581037
Mo        11.52102        9.57539        4.00770        1        0.595404        -0.451290        -0.040931
Mo        14.62703        11.37788        3.96812        1        -0.167092        0.779272        1.050906
Mo        17.68941        1.91674        4.03284        1        -0.051980        0.827788        -1.143635
Mo        14.74289        3.80853        4.09852        1        -0.802498        0.389675        -0.609719
Mo        17.69634        5.85712        3.97673        1        -0.204293        -1.362434        -0.485463
Mo        14.53663        7.62505        4.04447        1        0.385040        0.043871        0.522758
Mo        17.65351        9.56848        3.96398        1        -0.441713        1.395714        -0.108547
Te        1.40155        2.06643        5.66355        2        0.310008        -0.453374        -0.342913
Te        4.49838        3.79564        5.63147        2        -0.411999        0.540801        -0.615722
Te        1.30900        2.05606        2.17389        2        -0.517743        -0.362823        -0.629723
Te        4.39544        0.02352        2.07237        2        0.271361        -0.064563        -0.580409
Te        1.39854        5.77996        5.57244        2        0.002743        -0.255218        1.106352
Te        4.38162        7.69533        5.51545        2        -0.456388        -0.348021        0.768260
Te        1.22528        5.72843        2.08145        2        0.231758        0.399547        0.008295
Te        4.36636        3.73220        2.02117        2        0.611452        0.533607        0.361747
Te        1.30641        9.77952        5.57298        2        0.685751        -0.684033        0.451954
Te        4.29488        11.43641        5.60493        2        -0.015997        0.690367        0.623049
Te        1.24185        9.56942        2.20551        2        0.085397        0.319482        -1.025321
Te        4.29035        7.77814        2.16092        2        0.011698        -0.177595        -0.867105
Te        7.51447        1.70268        5.52357        2        -0.277081        0.747512        0.770545
Te        10.38295        3.78711        5.70321        2        0.432954        0.207850        -0.233277
Te        7.50822        1.73734        2.17598        2        -0.390449        0.738380        -0.562656
Te        10.71100        0.14604        2.19101        2        -0.333243        -1.297484        -0.650563
Te        7.28030        5.68658        5.67167        2        0.759926        0.244192        -0.633989
Te        10.52462        7.53109        5.77523        2        -0.184438        1.041601        0.158435
Te        7.54897        5.71271        2.15725        2        -0.077826        0.426422        -0.286518
Te        10.56229        3.78979        2.09180        2        -0.247867        0.222546        0.529499
Te        7.44654        9.61559        5.65925        2        0.001672        -0.186601        -0.134080
Te        10.60674        11.47933        5.63256        2        -0.465539        0.282483        0.657351
Te        7.45955        9.41935        2.17443        2        -0.103398        0.654489        -0.109204
Te        10.48587        7.71107        2.22736        2        0.569924        0.199700        -0.603362
Te        13.62461        1.98080        5.71392        2        0.058047        -0.855703        0.301757
Te        16.78257        3.87347        5.84675        2        0.221642        0.152364        -0.372467
Te        13.80319        1.92301        2.27661        2        -0.545287        0.024682        0.129081
Te        16.57616        11.46088        2.16640        2        0.901864        0.060391        0.254103
Te        13.50315        5.66283        5.78054        2        0.097813        0.289861        -0.285291
Te        16.76457        7.68894        5.70036        2        -0.674917        0.083432        0.722274
Te        13.52629        5.60882        2.35637        2        0.730747        0.534795        -0.456627
Te        16.72640        3.87836        2.23767        2        -0.037933        -0.007103        0.336695
Te        13.62331        9.59588        5.87453        2        -0.164836        -0.335537        -0.766925
Te        16.81272        0.07162        5.72655        2        -0.857634        -0.769860        0.218966
Te        13.60838        9.47245        2.27907        2        -0.192104        0.105301        -0.248613
Te        16.63891        7.75895        2.29662        2        -0.415432        -0.737831        -0.752123
