54
Lattice="20.707852593 0.000456147 -0.025753600 -0.000245476 10.309403738 0.000007040 0.013560576 0.000001770 30.000000000" Properties=species:S:1:pos:R:3:tags:I:1:forces:R:3 energy=-317.99038322 stress= -18.84920 -3.99311 0.10706 -0.57307 -0.86047 -0.03937 pbc="T T T"
Mo        2.37278        0.03631        3.66395        1        -0.536351        -0.334211        -0.223666
Mo        4.90533        1.77977        3.92211        1        -0.144955        -0.760952        -0.631618
Mo        2.37737        3.20989        3.70995        1        0.154311        0.965414        1.187400
Mo        4.90852        5.02434        3.83762        1        -0.132387        0.482565        0.685502
Mo        2.24462        6.90232        3.86782        1        0.569008        0.099969        -0.325534
Mo        4.84630        8.60634        3.91515        1        0.028523        -0.230018        -1.047322
Mo        9.27201        10.29212        3.89448        1        -0.299525        0.033925        -0.831671
Mo        11.68802        1.79974        4.11156        1        0.276298        -0.050681        -0.112990
Mo        9.21582        3.30923        3.89911        1        -0.017286        -0.292056        1.289897
Mo        11.67980        5.18023        4.16562        1        0.327935        -0.170370        -0.147017
Mo        9.27030        6.88074        3.92879        1        -0.713426        -0.073057        -0.464764
Mo        11.71076        8.66261        4.00598        1        0.748486        -0.360084        0.903065
Mo        16.01158        0.04312        3.93610        1        -0.055123        0.720578        0.652076
Mo        18.60356        1.70122        4.07643        1        0.029644        0.235943        -0.495804
Mo        16.05385        3.42498        3.91011        1        0.582651        -0.173479        0.276443
Mo        18.70712        4.90280        3.92553        1        0.214056        0.201617        -0.341598
Mo        16.13987        6.80840        3.79756        1        -0.243385        0.399454        1.007965
Mo        18.62400        8.89118        3.90991        1        -0.156951        0.211048        -0.223572
Te        0.63458        1.68103        5.24645        2        0.090252        -0.171098        0.534377
Te        4.28001        3.43158        5.94765        2        -0.604816        -0.131871        -0.876666
Te        6.58285        0.04829        2.41692        2        0.084347        -0.126213        -0.150968
Te        3.19511        1.69109        1.70516        2        0.292891        -0.096198        0.145444
Te        0.67733        5.00813        5.34645        2        -0.060046        -0.050477        -0.617191
Te        4.12827        6.78467        5.78243        2        0.025871        0.156086        0.185585
Te        6.71109        3.40051        2.41872        2        -0.256119        -0.260099        0.106506
Te        2.95752        5.16157        1.91964        2        0.144593        -0.281649        -0.294450
Te        0.58462        8.65261        5.22364        2        0.033325        0.480535        -0.122769
Te        4.02153        10.30460        5.74517        2        0.046937        0.240480        0.926951
Te        6.53066        6.81015        2.45962        2        0.350855        0.240482        -0.194379
Te        3.16613        8.54260        1.77677        2        -0.284223        -0.037366        0.640557
Te        7.43969        1.55868        5.34263        2        0.183354        0.863050        0.275075
Te        10.92792        3.45161        6.13336        2        -0.101323        0.071298        -0.704964
Te        13.41221        0.16346        2.54833        2        0.057549        -0.296399        0.034744
Te        10.05623        1.61291        1.91342        2        -0.148685        0.394423        0.468817
Te        7.45649        5.26064        5.34639        2        0.097316        -0.835726        -0.072953
Te        10.93708        6.95948        6.04791        2        0.272712        0.005886        -0.218104
Te        13.45505        3.42990        2.56018        2        -0.199062        0.295814        0.207022
Te        9.92006        5.01644        2.09934        2        0.469562        0.965822        -0.914896
Te        7.38768        8.65562        5.14453        2        0.267292        -0.369489        0.826967
Te        11.05355        0.00937        5.99254        2        -0.264064        0.151133        0.320696
Te        13.31898        6.90332        2.56667        2        0.370162        -0.304993        0.070895
Te        10.05297        8.53615        1.95803        2        -0.573033        -0.012679        -0.371354
Te        14.36734        1.87443        5.50918        2        -0.121939        -0.346410        -0.067152
Te        17.89998        3.51775        6.03670        2        -0.278010        -0.485834        -0.581271
Te        20.34578        0.09205        2.32890        2        -0.191522        -0.227783        0.188862
Te        16.81319        1.70037        1.96268        2        0.123748        0.252366        0.264146
Te        14.55698        5.20022        5.44268        2        -0.582130        0.266197        0.101256
Te        18.09765        6.90328        5.65875        2        -0.232920        -0.067494        0.486608
Te        20.33081        3.19060        2.39750        2        0.150763        0.778029        0.003662
Te        16.84396        5.11429        1.94771        2        0.222543        -0.158921        -0.609285
Te        14.35126        8.69607        5.38945        2        -0.107372        -0.331278        -0.067721
Te        17.75916        0.06325        6.01625        2        0.118970        -0.401431        -0.116034
Te        20.40046        6.96068        2.63595        2        -0.689069        -0.549637        -0.079626
Te        16.60872        8.70578        2.00174        2        0.668364        -0.538864        -0.903481
