54
Lattice="19.173937585 0.000456147 -0.025753600 -0.000245476 11.340344112 0.000007040 0.013560576 0.000001770 30.000000000" Properties=species:S:1:pos:R:3:tags:I:1:forces:R:3 energy=-313.99600379 stress= -7.66044 -15.02186 -5.16972 -0.35179 1.01505 -0.28725 pbc="T T T"
Mo        2.29718        11.27545        3.52535        1        0.587633        -0.356226        -0.172689
Mo        4.32659        1.87165        4.18517        1        0.046141        0.885600        -0.952698
Mo        2.05582        3.84643        3.62871        1        0.730286        0.251216        -0.745696
Mo        4.36346        5.73864        4.01712        1        -0.019928        -1.046294        0.191983
Mo        2.17079        7.40740        3.64253        1        0.166890        0.426382        -1.183463
Mo        4.47769        9.40153        4.05369        1        0.142501        0.448432        -0.914725
Mo        8.56245        0.39187        4.14664        1        -0.045692        0.257751        0.333954
Mo        10.98800        2.17716        4.17273        1        -1.508286        -0.490838        0.619770
Mo        8.56601        3.82215        4.30778        1        -1.520537        0.027309        -2.226342
Mo        10.76908        5.63433        4.31551        1        0.550022        0.236467        0.300168
Mo        8.51719        7.51943        4.08674        1        -0.356374        -0.216055        -0.321804
Mo        10.63517        9.16032        4.20690        1        0.888086        0.070058        1.705217
Mo        14.97136        11.26789        3.79202        1        0.178607        0.428918        0.402505
Mo        17.52881        1.69074        3.83958        1        -1.018403        -0.284477        -1.114169
Mo        15.13771        3.27282        3.46284        1        0.193776        0.454554        1.606637
Mo        17.28490        5.65295        3.91261        1        -1.188227        0.579665        -0.883461
Mo        15.07859        7.66663        3.67099        1        -0.273558        0.846214        -0.377463
Mo        17.45664        9.76202        3.89412        1        -0.990039        -0.146683        -2.012690
Te        0.91370        1.68978        5.16776        2        -1.391393        0.704463        -0.364981
Te        3.38611        3.93381        5.92496        2        0.986935        -0.167276        -0.350887
Te        6.08797        0.17341        2.74335        2        -0.458197        -0.154846        0.106755
Te        2.89511        2.05917        1.74657        2        0.283428        -0.592471        0.732038
Te        0.51305        5.60363        5.10225        2        0.748168        0.465614        0.001694
Te        3.67322        7.61540        5.84246        2        0.119359        -0.319961        0.785317
Te        6.09977        3.67280        2.68944        2        -0.535589        0.455444        0.770011
Te        3.00320        5.67125        1.59518        2        -0.491244        -0.156457        1.394274
Te        0.87208        9.41949        5.07209        2        -0.756224        0.252233        0.068643
Te        3.67152        11.33010        5.94661        2        0.154929        -0.586832        -0.384687
Te        6.14773        7.36519        2.77328        2        -0.531664        1.003193        -0.667445
Te        3.12529        9.25156        1.64685        2        -0.295133        0.391475        1.279627
Te        6.76595        1.92716        5.80274        2        0.452839        0.075200        -0.677917
Te        10.24422        3.79268        6.26408        2        0.955340        -0.070430        0.591675
Te        12.15978        11.27350        2.77304        2        0.130471        0.035736        0.108975
Te        8.97689        2.18217        2.18240        2        0.691087        -0.283702        0.439673
Te        6.78218        5.64810        5.61806        2        0.120024        0.121253        -0.110524
Te        9.84578        7.27768        6.37479        2        1.134413        0.618593        -0.890323
Te        12.47260        3.66795        2.54305        2        -0.605264        0.123034        -0.540767
Te        9.06857        5.59543        2.22418        2        0.174828        0.226458        0.391705
Te        6.97234        9.63650        5.40844        2        0.102596        -0.451948        0.055414
Te        10.42422        11.33649        6.03461        2        -0.068728        0.201141        -0.374138
Te        12.23064        7.66824        2.71098        2        0.141804        -0.626502        0.064706
Te        8.96323        9.87723        2.28288        2        -0.082094        -1.223593        -0.474735
Te        13.41635        2.00070        5.40715        2        1.360717        -0.414726        -0.518642
Te        16.76856        3.82645        5.65537        2        -0.232362        -1.397362        0.372741
Te        18.90677        11.25380        1.97302        2        -0.035598        0.486675        1.066048
Te        15.07929        1.51515        1.46676        2        0.786931        0.039319        1.117809
Te        13.73964        5.45271        4.61714        2        -0.368718        0.394643        0.692165
Te        16.80794        7.88806        5.67201        2        -0.064482        -1.229395        0.341390
Te        18.69868        3.86070        2.11750        2        0.408431        -0.382416        0.973095
Te        15.64890        5.42806        1.84719        2        -0.203992        0.820674        -0.308252
Te        13.48102        9.43257        5.42669        2        0.201908        -0.335077        -0.542081
Te        16.91578        0.00742        5.90142        2        -0.577521        0.717026        -0.364994
Te        18.71229        7.73129        2.37112        2        0.586590        -0.618564        0.198364
Te        15.45490        9.54309        1.75672        2        0.603066        -0.486830        0.742038
