54
Lattice="19.174335959 0.000456436 -0.025753600 -0.000245188 11.539990792 0.000007040 0.013560858 0.000001769 30.000000000" Properties=species:S:1:pos:R:3:tags:I:1:forces:R:3 energy=-312.07438622 stress= -6.07232 -13.32713 -1.32433 1.42172 -0.23179 -0.68516 pbc="T T T"
Mo        1.93696        0.12845        4.01321        1        0.090404        0.166050        0.460493
Mo        4.31743        2.01829        4.08760        1        0.808804        0.764331        1.693611
Mo        2.04717        3.60805        4.16646        1        0.223618        0.451409        -0.240485
Mo        4.61222        5.71019        4.27040        1        -0.605021        -1.023378        1.557617
Mo        2.27364        7.91653        4.04075        1        0.269768        0.299608        -0.045355
Mo        4.30547        10.17547        4.21897        1        0.661906        -1.073836        -1.206316
Mo        8.59911        0.37147        3.77462        1        0.527019        -1.580217        -0.027453
Mo        11.09554        1.41557        3.54368        1        -0.145082        0.793435        0.848993
Mo        8.65027        3.66943        3.50595        1        0.067121        0.071878        0.500189
Mo        10.77973        5.85331        3.60641        1        -0.441238        0.408280        2.599751
Mo        8.19643        7.98631        4.02976        1        0.783094        -0.352283        -0.274955
Mo        10.89028        9.27937        3.90889        1        -0.399883        0.575562        -0.254695
Mo        15.06122        11.28432        3.58647        1        0.698337        -1.542549        0.671860
Mo        17.03341        2.17417        4.04043        1        0.198241        -1.390189        -0.331448
Mo        15.03196        4.02805        3.68705        1        -1.814816        0.226369        -0.524179
Mo        17.34327        5.85103        3.83143        1        -0.756772        -0.620914        1.549596
Mo        15.02682        7.53993        3.56961        1        0.407187        1.025753        1.847413
Mo        17.41681        9.31026        4.03304        1        -2.488775        0.166439        -1.832345
Te        0.44988        1.96197        5.71682        2        -0.089092        -0.027980        -0.510012
Te        3.83152        3.95855        6.28135        2        0.006588        -0.185657        -1.155307
Te        5.97359        0.39166        2.50482        2        -0.594851        -1.049390        -0.020776
Te        2.58800        1.95754        2.15712        2        -0.511479        -0.177624        -1.172180
Te        0.69596        5.86830        5.48774        2        -0.209298        -0.217582        -0.556712
Te        3.99998        7.98109        6.06698        2        0.062380        -0.083566        -0.244307
Te        6.01810        3.93816        2.65953        2        -0.406415        0.102656        -0.031566
Te        2.89260        5.86077        2.35119        2        -1.013686        -0.930706        -0.447782
Te        0.32950        9.35287        5.59709        2        2.122683        0.642360        0.294624
Te        3.71876        0.27441        6.04258        2        -0.434087        0.836158        1.572056
Te        5.43161        7.91306        2.90175        2        1.100035        0.562851        -0.126809
Te        2.58385        9.82101        2.14213        2        0.045062        -0.050625        -0.301969
Te        6.95573        1.94354        5.12987        2        0.691637        0.824789        0.437198
Te        10.57340        3.65089        5.43124        2        -0.650980        -0.148551        -0.470565
Te        12.46148        11.24126        1.98053        2        0.107151        -0.334231        0.894824
Te        9.24346        1.90454        1.62801        2        -0.028015        -0.159175        -0.555318
Te        7.26595        5.57246        5.23430        2        -0.136477        0.587972        -0.636993
Te        10.13298        7.49923        5.84436        2        0.180188        -0.098226        -0.743827
Te        12.28140        3.89441        2.69135        2        0.933656        -1.020077        -0.524804
Te        8.93806        6.17400        1.74281        2        -0.602773        -0.786871        0.918774
Te        7.09806        9.96153        5.46839        2        -0.407647        0.085150        -0.472382
Te        10.72655        11.31945        5.70968        2        -0.660161        0.295597        -0.580328
Te        12.48254        7.51431        2.56564        2        0.163154        0.932016        -0.964676
Te        8.95141        9.56208        1.98503        2        0.146024        0.745285        0.492692
Te        13.81031        1.62638        4.95946        2        -1.208928        1.284125        0.315569
Te        16.57281        4.01734        5.76704        2        0.442224        0.986424        1.541148
Te        18.64751        11.19461        2.44101        2        0.988773        1.035185        0.731628
Te        15.44313        1.80394        1.87566        2        0.042480        0.867324        -0.038058
Te        13.34921        5.77382        5.38579        2        0.635760        -0.111603        -1.257925
Te        16.48214        7.66962        5.86181        2        0.079264        -0.872317        -0.212363
Te        18.75869        3.58655        2.62396        2        0.688927        1.000359        -0.448788
Te        15.54687        5.77038        1.72779        2        0.577090        -0.544274        -0.754191
Te        13.54137        9.38590        5.42798        2        -0.023155        0.247745        -1.343785
Te        16.74474        0.09046        5.70388        2        -0.341513        -0.958292        -0.087469
Te        19.01508        7.48816        2.58293        2        0.262574        0.787532        -0.556024
Te        15.82776        9.63395        1.71576        2        -0.078555        -1.460866        0.017669
