54
Lattice="19.166863819 0.000008540 -0.000615361 -0.000005198 10.639921383 0.000045896 0.042448411 0.000094922 30.000000000" Properties=species:S:1:pos:R:3:tags:I:1:forces:R:3 energy=-320.29675064 stress= -6.96389 0.53231 4.48946 -0.70773 -2.06175 -0.03347 pbc="T T T"
Mo        2.39033        10.56114        3.89303        1        1.252474        -0.910322        0.530292
Mo        5.44450        1.66739        3.93151        1        0.457557        -0.206870        0.014330
Mo        2.43794        3.49985        3.97120        1        0.262768        -0.218941        -0.657089
Mo        5.72910        5.12559        4.07737        1        0.276715        0.042938        -0.599462
Mo        2.49822        6.99323        4.09192        1        -0.694293        0.494061        -0.804088
Mo        5.64906        8.78835        3.98472        1        0.078838        0.618192        -0.181802
Mo        8.86008        0.05320        3.84474        1        -0.229753        -0.282260        0.056676
Mo        12.09012        1.85332        3.83467        1        -1.157671        -0.294404        0.049504
Mo        8.79719        3.60717        3.95098        1        -0.131643        -0.107631        -0.242673
Mo        11.91037        5.53939        3.89781        1        0.994715        -0.795623        1.371449
Mo        8.79050        7.19972        3.94152        1        0.281528        0.103763        2.155858
Mo        11.93074        8.98003        3.81982        1        1.320959        0.243191        0.139494
Mo        15.28101        0.11430        3.71866        1        0.084123        0.244602        0.641487
Mo        18.34334        1.61078        3.92413        1        1.336518        1.376790        -0.329052
Mo        15.16595        3.66840        4.00346        1        -0.781578        -0.651107        0.754491
Mo        18.46313        5.35644        3.88978        1        -0.245301        -1.129531        1.738243
Mo        15.27203        7.20254        3.81063        1        0.354782        -0.818943        -0.091218
Mo        18.40230        8.70284        3.94342        1        0.354394        1.106603        -0.137818
Te        1.44809        1.69580        5.63637        2        -1.097112        -0.192052        0.733881
Te        4.45752        3.41964        5.82457        2        0.429615        -0.010477        -0.152370
Te        1.31785        1.67118        2.15592        2        -0.067486        0.401567        -0.099763
Te        4.50825        10.48936        2.06913        2        -0.168376        -0.023551        0.673326
Te        1.41253        5.25223        5.72957        2        -0.688684        -0.214867        0.934680
Te        4.62502        6.99617        5.65999        2        0.413448        -0.243128        1.814591
Te        1.39154        5.29303        2.26807        2        0.474445        -0.135031        -1.008860
Te        4.54771        3.45589        2.19339        2        -0.160568        0.394492        -0.202123
Te        1.37521        8.84531        5.82515        2        -0.175763        -0.117738        -0.567701
Te        4.63204        10.49903        5.79481        2        -0.946287        0.188812        -0.341042
Te        1.36367        8.62933        2.26132        2        0.275956        0.654706        -0.467733
Te        4.57992        6.85802        2.36194        2        0.141275        0.427811        -0.841541
Te        7.59579        1.74610        5.58465        2        0.621096        0.208087        0.458962
Te        10.92735        3.67052        5.66944        2        0.371743        -0.494768        -0.154028
Te        7.62209        1.81065        2.17811        2        0.066134        0.235579        -0.127198
Te        10.87616        0.13869        1.91753        2        0.373380        -0.061269        0.926045
Te        7.93183        5.30749        5.78900        2        -0.805176        0.414718        0.231639
Te        10.95610        7.20351        5.80460        2        -0.109980        0.502738        -0.633452
Te        7.86150        5.52383        2.21275        2        -1.132628        -1.706711        -0.617504
Te        10.87175        3.69290        2.23462        2        0.231105        -0.185565        -0.997755
Te        7.88080        8.97378        5.74749        2        -0.660209        -0.005182        -0.078272
Te        10.99484        0.02019        5.59431        2        -0.326663        0.899394        0.349357
Te        7.60902        8.86921        2.18342        2        0.643367        0.445900        -0.605829
Te        10.78078        7.25913        2.26357        2        0.433067        -0.290682        -2.335576
Te        14.03464        1.75538        5.66202        2        0.939363        0.454959        -0.027816
Te        17.39720        3.47328        5.68912        2        -0.342939        0.433872        0.004597
Te        14.19591        1.92595        2.09228        2        -0.232480        0.277399        -0.378421
Te        17.45192        10.50421        2.11003        2        -0.208815        -0.081805        -0.595517
Te        14.10399        5.55134        5.75494        2        0.012005        -0.139435        -0.787795
Te        17.34158        7.08341        5.68505        2        -0.495747        -0.552208        0.462521
Te        14.05076        5.33862        2.19808        2        0.095088        0.678142        -0.417002
Te        17.19524        3.56029        2.29862        2        0.889744        -0.425171        -0.857051
Te        14.27611        9.05682        5.43729        2        -1.161284        -0.600845        0.883929
Te        17.28290        10.62280        5.65919        2        -0.146359        -0.783526        0.342529
Te        14.16123        8.97358        1.96850        2        -0.281135        -0.206940        0.351278
Te        17.49163        6.92944        2.04532        2        -0.968379        1.049890        -0.281000
