54
Lattice="19.173937585 0.000456147 -0.025753600 -0.000245476 11.134156037 0.000007040 0.013560576 0.000001770 30.000000000" Properties=species:S:1:pos:R:3:tags:I:1:forces:R:3 energy=-316.59130595 stress= -3.65940 -9.31584 4.64124 1.30625 0.02564 -0.65835 pbc="T T T"
Mo        2.24448        10.94172        3.89759        1        -1.298553        1.785485        0.806249
Mo        4.31260        1.93977        4.21581        1        0.500643        -0.423792        0.876582
Mo        2.21819        3.84610        3.93612        1        -1.055947        0.790553        0.088170
Mo        4.39048        5.55036        4.07014        1        0.979798        0.790481        0.773877
Mo        2.19130        7.33257        3.90675        1        -0.925698        1.049953        -1.910747
Mo        4.40858        9.07987        4.07383        1        0.894653        0.325491        0.293217
Mo        8.52060        10.97095        3.92750        1        -0.389950        0.519715        0.298387
Mo        10.91561        1.92335        3.91342        1        0.037376        0.034780        1.506027
Mo        8.41099        3.65465        3.81539        1        1.162308        0.393176        0.944771
Mo        10.69867        5.46880        4.00787        1        -0.087440        0.772248        -0.319461
Mo        8.52391        7.48569        3.63266        1        0.131752        -0.210871        1.611331
Mo        10.88218        9.19194        3.87721        1        -0.354752        0.481348        0.761121
Mo        15.05876        11.06373        3.67837        1        0.562644        -0.736581        1.096005
Mo        17.41200        1.87754        4.01559        1        -0.030657        -0.726043        1.436846
Mo        15.16372        3.88583        3.60103        1        -1.901449        -0.597244        1.073342
Mo        17.23322        5.66959        4.01494        1        0.645106        -0.634059        -1.628768
Mo        14.85569        7.23604        3.51582        1        0.327071        1.273985        1.566161
Mo        17.31342        9.25332        3.95175        1        -0.687315        0.457231        0.050053
Te        0.80088        1.78654        5.52322        2        -0.441194        0.301920        -0.588556
Te        3.75811        3.90753        6.10576        2        0.438000        -0.683552        0.300117
Te        5.96772        11.07167        2.70761        2        -0.484822        0.152599        0.107855
Te        2.58991        2.02464        2.14031        2        0.557806        -1.172985        -0.766895
Te        0.67038        5.63043        5.40319        2        -0.779330        -0.082327        0.360024
Te        3.72554        7.45753        6.02821        2        0.550125        -0.724802        0.680331
Te        5.81971        3.65584        2.62620        2        0.340363        -0.369289        -0.490960
Te        2.93102        5.61406        1.90025        2        -1.032418        0.033738        -0.158051
Te        0.54373        9.31389        5.36539        2        0.355574        -0.485969        0.112924
Te        3.62880        10.90873        6.08997        2        1.210835        0.585969        -0.019157
Te        5.96013        7.34213        2.43027        2        -0.449225        0.406013        -0.010206
Te        2.77922        9.48411        1.96648        2        0.374289        -2.113360        -1.618049
Te        7.02436        1.82741        5.38220        2        -0.605236        -0.116132        0.176671
Te        10.32797        3.69049        5.95121        2        -0.512077        -0.243218        -0.319261
Te        12.46449        11.10205        2.59914        2        0.094944        0.111573        -0.377676
Te        9.07451        1.78561        2.10820        2        -0.406307        -0.360232        -1.903855
Te        6.97672        5.59121        5.05865        2        -0.238492        0.083539        1.057289
Te        10.12534        7.50741        5.84491        2        0.180575        -0.503184        -0.316743
Te        12.40667        3.79434        2.68493        2        0.563978        -0.113884        -1.008956
Te        8.99772        5.58161        1.85876        2        0.385298        -0.731068        -0.363719
Te        7.00264        9.04919        5.43848        2        -0.226407        0.525028        -0.304459
Te        10.30592        0.12483        5.84542        2        0.465393        -0.704652        0.223649
Te        12.22367        7.33071        2.29914        2        0.236587        0.026321        0.121406
Te        8.96254        9.38252        1.92096        2        0.556859        -0.023065        -1.610527
Te        13.74106        1.91819        5.09082        2        -0.716106        -0.142787        -0.021916
Te        16.48869        3.71803        5.83910        2        0.820173        0.277870        0.670095
Te        18.95351        0.08086        2.43878        2        -0.160146        -0.361024        0.378810
Te        15.91466        1.89721        1.93383        2        -0.871241        -0.336955        -1.387742
Te        13.30234        5.65625        5.16204        2        0.410920        -0.303181        0.039767
Te        16.48484        7.35108        5.74530        2        -0.559979        1.313929        1.051777
Te        18.77226        3.78612        2.68062        2        1.294786        0.397328        -0.614880
Te        15.68493        5.53737        1.69828        2        0.554996        0.454783        -1.191885
Te        13.36915        9.17265        5.31155        2        0.343864        0.199300        -0.961900
Te        16.89896        0.03962        5.96921        2        -0.789656        -0.387546        -1.048191
Te        18.80357        7.55154        2.39995        2        0.484877        -0.729033        0.298798
Te        15.76940        9.15651        1.74205        2        -0.462282        0.495799        0.190534
