54
Lattice="18.429676749 0.000008540 -0.000615361 -0.000005198 13.193502514 0.000045896 0.042448411 0.000094922 30.000000000" Properties=species:S:1:pos:R:3:tags:I:1:forces:R:3 energy=-304.64404550 stress= -17.67003 -29.68620 0.75193 0.54906 -0.05883 -0.26401 pbc="T T T"
Mo        2.28192        13.06783        4.02449        1        -0.071997        -0.038656        0.245408
Mo        5.35731        2.10226        4.04302        1        0.258309        0.177644        0.586069
Mo        2.39925        4.07751        4.28424        1        -0.154198        0.982726        -0.734419
Mo        5.44372        6.75635        3.84454        1        0.107305        -0.274404        0.081856
Mo        2.10687        8.80486        3.88070        1        -0.750795        -0.005322        -0.569575
Mo        5.25429        11.05445        3.89007        1        0.592402        -0.094292        0.118453
Mo        8.35912        13.16420        4.04779        1        0.588236        0.004095        -0.189008
Mo        11.39890        2.22373        3.91028        1        0.675158        0.003877        -0.149224
Mo        8.29080        4.37690        3.92355        1        0.389671        0.359664        -0.058553
Mo        11.40150        6.52156        3.87808        1        0.552163        0.385881        0.032636
Mo        8.44119        9.00475        3.84972        1        0.347412        -0.118580        0.075114
Mo        11.58887        11.06367        3.85177        1        -0.410640        0.100520        0.336204
Mo        14.47141        0.17265        3.94616        1        -0.185749        -0.182352        -0.499291
Mo        17.83970        2.12205        3.93424        1        -0.632722        -0.059254        -0.380143
Mo        14.73616        4.29175        3.71116        1        -0.691470        -0.000296        -0.340658
Mo        17.60950        6.48667        3.85547        1        -0.077373        0.113577        -0.330190
Mo        14.36707        8.67942        3.97438        1        0.880093        0.444862        -0.171753
Mo        17.34011        11.14872        4.05263        1        0.345573        -0.681213        -0.560078
Te        1.44943        1.89017        5.74043        2        0.001670        0.395415        0.300031
Te        4.66559        4.45815        5.73567        2        -0.078912        -0.166843        -0.317047
Te        1.62383        2.06172        2.39772        2        -0.125679        0.192143        -0.189860
Te        4.35319        13.19212        2.33086        2        0.379704        -0.103696        -0.233800
Te        1.20685        6.41001        5.66047        2        0.398256        0.170659        0.073286
Te        4.22983        8.81902        5.40217        2        1.021877        0.082212        0.932636
Te        1.41011        6.58014        2.36458        2        -0.067424        -0.342610        -0.174503
Te        4.46656        4.36965        2.42134        2        0.072032        -0.131823        0.221125
Te        1.13654        10.93004        5.59545        2        0.219747        0.163533        0.578338
Te        4.44503        13.08304        5.76934        2        -0.080607        -0.085767        -0.649811
Te        1.06421        11.03712        2.36485        2        0.274021        -0.025688        -0.237258
Te        4.16208        8.86826        2.10290        2        0.668787        0.051233        0.331888
Te        7.65141        2.14437        5.67902        2        -0.786784        0.200325        0.080184
Te        10.44674        4.46230        5.53616        2        0.185328        -0.343751        0.530136
Te        7.51481        2.05147        2.41407        2        -0.383494        0.499991        -0.664188
Te        10.42480        0.00697        2.23171        2        0.478275        0.118818        0.244717
Te        7.67544        6.88949        5.56392        2        -0.831821        -0.306976        -0.303573
Te        10.62781        8.93607        5.49311        2        0.159284        -0.185880        0.419448
Te        7.68079        6.81090        2.18868        2        -0.760106        -0.211429        0.237131
Te        10.44386        4.36840        2.25484        2        -0.055345        -0.086853        -0.321858
Te        7.45807        11.02367        5.63250        2        -0.447258        -0.220088        -0.228014
Te        10.56290        13.09298        5.57199        2        0.514220        0.374597        0.306104
Te        7.54927        11.25442        2.20900        2        -0.833056        -0.802507        0.189336
Te        10.67767        8.87667        2.30875        2        0.044833        -0.037055        -0.806701
Te        13.69907        2.40251        5.58143        2        -0.657148        -0.249778        -0.533216
Te        16.81918        4.24682        5.40234        2        0.097638        0.184178        0.801150
Te        13.59637        2.21454        2.06442        2        -0.354189        0.018682        0.944343
Te        16.65134        0.12505        2.30853        2        0.107465        -0.044302        -0.333187
Te        13.70339        6.37406        5.46176        2        -0.311922        0.082758        0.157110
Te        16.67885        8.76322        5.57028        2        -0.556123        -0.243549        0.047789
Te        13.62132        6.52518        2.21069        2        -0.136402        -0.155720        -0.123725
Te        17.01113        4.21796        2.08048        2        -0.354705        0.134841        0.430628
Te        13.71941        11.02186        5.57700        2        -0.294281        0.192000        -0.137009
Te        16.57771        0.16706        5.57493        2        0.406686        0.031118        0.856854
Te        13.64919        11.22829        2.17500        2        0.196345        -0.262361        0.042945
Te        16.51644        8.74503        2.30326        2        0.025298        -0.005124        0.033007
