54
Lattice="18.429676749 0.000008540 -0.000615361 -0.000005198 10.639921383 0.000045896 0.042448411 0.000094922 30.000000000" Properties=species:S:1:pos:R:3:tags:I:1:forces:R:3 energy=-318.53734336 stress= -1.15481 -0.88238 -6.99498 2.06963 2.14153 -0.51403 pbc="T T T"
Mo        2.27561        10.62670        3.67520        1        0.624791        -0.477515        1.404813
Mo        5.40429        1.95577        3.76747        1        0.442073        0.279535        -0.271342
Mo        2.52992        3.49075        3.78227        1        -2.499430        -0.721415        0.619327
Mo        5.20852        5.32088        3.92038        1        0.944485        0.036177        0.087515
Mo        2.37276        7.35316        3.71302        1        0.756975        -1.583974        0.280206
Mo        5.41859        8.98822        3.99956        1        -0.077275        -1.583594        -1.296092
Mo        8.34529        10.55716        4.08459        1        -0.433125        -0.056547        -1.485138
Mo        11.60703        1.87208        4.00274        1        -0.200150        -0.243803        0.918743
Mo        8.51770        3.46246        4.01844        1        0.453838        0.133160        -1.471933
Mo        11.58225        5.41382        4.05968        1        -0.883329        -0.547964        0.448406
Mo        8.43332        7.14561        3.97494        1        0.954754        -0.291026        0.030525
Mo        11.61091        8.86564        3.90191        1        -0.861921        -0.278753        1.489461
Mo        14.56771        10.40111        4.09980        1        -0.922165        0.570817        -0.037407
Mo        17.81939        1.84273        3.86942        1        -0.011585        -0.058807        0.976721
Mo        14.75299        3.49461        4.12895        1        0.114752        -0.438651        -1.230934
Mo        17.57166        5.36030        3.75819        1        0.703728        -0.157892        1.039821
Mo        14.43306        7.19157        3.98840        1        1.413911        0.144283        0.411289
Mo        17.72003        8.68818        3.90822        1        0.930192        0.078792        -0.605920
Te        1.26274        1.58139        5.67827        2        1.034228        0.861986        -0.348598
Te        4.14884        3.43998        5.81634        2        1.479848        1.147290        -0.457453
Te        1.46309        1.68574        1.87337        2        -0.861389        1.172583        0.387422
Te        4.42665        10.58427        1.97798        2        0.300245        0.712107        0.616107
Te        1.20966        5.47751        5.62230        2        0.921472        -0.412952        -1.339690
Te        4.20350        7.17695        5.73064        2        0.798735        -0.145554        -0.557095
Te        1.39832        5.37963        2.15214        2        -0.391141        -0.010186        -0.412871
Te        4.38217        3.70235        1.92733        2        0.396598        -0.494556        -0.187122
Te        1.49454        8.85866        5.62696        2        -1.300169        0.776903        0.279209
Te        4.45540        0.30343        5.57940        2        -1.361944        -1.508345        0.033239
Te        1.22679        8.87003        1.84558        2        -0.305341        0.123236        0.323917
Te        4.55193        7.11995        1.92961        2        -0.766730        0.550746        1.206216
Te        7.29946        1.71205        5.76004        2        0.503391        0.751211        -0.021353
Te        10.55351        3.51654        5.87267        2        -0.061975        0.408709        -0.362407
Te        7.59879        1.75854        2.03489        2        -0.603564        0.019747        0.983124
Te        10.43068        0.17676        2.27253        2        0.329362        -0.789003        0.007608
Te        7.48203        5.29182        5.66288        2        -1.179809        -0.150957        0.177188
Te        10.47320        7.12360        5.95354        2        0.053394        0.084927        -1.337084
Te        7.38846        5.34931        2.01336        2        0.409188        -0.404378        1.855493
Te        10.69841        3.70061        2.13992        2        -0.772075        -0.478154        0.836028
Te        7.24553        8.74810        5.95615        2        0.887696        0.441215        -0.689293
Te        10.46284        10.53898        5.67579        2        0.452683        0.812280        0.606392
Te        7.47170        8.76045        2.14317        2        -0.245325        1.106938        0.234549
Te        10.56796        7.16320        2.06184        2        -0.423816        -0.353856        1.112097
Te        13.72085        1.59722        5.89886        2        -0.504561        0.751754        -0.356768
Te        16.81775        3.64323        5.82003        2        0.227342        -0.662793        -0.644375
Te        13.68136        1.66744        2.35342        2        0.264603        0.456461        -0.432717
Te        16.60163        10.62804        2.41088        2        0.300751        -0.491889        -1.674664
Te        13.68692        5.25781        5.87786        2        -0.547476        0.484105        -0.380585
Te        16.67981        6.95246        5.70241        2        -0.784122        0.901715        -0.023459
Te        13.59087        5.30256        2.32441        2        0.501508        -0.435413        -0.455988
Te        16.90622        3.48859        2.05447        2        -1.762460        0.074139        -0.602124
Te        13.44438        8.83163        6.07602        2        0.329179        -0.367822        -1.400633
Te        16.75932        10.47907        5.67789        2        0.255263        0.482733        0.395068
Te        13.42188        8.94467        2.02001        2        1.160781        -0.314871        0.349481
Te        16.51542        7.11271        1.94404        2        -0.184371        0.078164        0.984992
