54
Lattice="19.173937585 0.000456147 -0.025753600 -0.000245476 10.721779888 0.000007040 0.013560576 0.000001770 30.000000000" Properties=species:S:1:pos:R:3:tags:I:1:forces:R:3 energy=-320.66013361 stress= -3.74972 -7.06484 -0.64246 -0.46220 -0.33420 0.31762 pbc="T T T"
Mo        2.17037        0.00289        3.81406        1        -0.066936        -0.077402        0.581225
Mo        4.49431        1.93103        4.02031        1        -0.706781        -0.882094        -0.281730
Mo        2.10403        3.49069        3.75543        1        0.684489        0.483141        0.686479
Mo        4.49180        5.39628        4.03596        1        -0.499524        0.529627        -1.868995
Mo        2.16010        6.99358        3.87126        1        -0.609116        0.813734        -0.933317
Mo        4.50126        9.00700        3.98072        1        0.063492        0.319797        1.179264
Mo        8.61886        0.07344        3.87368        1        -1.096096        -0.217986        -1.589276
Mo        10.83809        1.85633        4.05685        1        0.149159        -0.248226        -0.034239
Mo        8.52864        3.61126        3.70808        1        0.640394        0.489092        0.153741
Mo        10.83274        5.36161        3.96120        1        0.830187        -0.187318        0.983414
Mo        8.56071        7.13543        3.88467        1        0.105145        0.381215        -1.543556
Mo        10.77719        9.02417        4.03739        1        0.993414        -1.042342        -0.017235
Mo        14.88827        10.64187        3.73886        1        0.478886        -0.002396        -0.222543
Mo        17.17185        1.75987        3.97578        1        0.568376        -0.239674        0.675108
Mo        14.93284        3.50817        3.87177        1        0.371641        0.607876        -0.616313
Mo        17.25315        5.37699        4.04502        1        -0.092823        -0.271139        -1.095474
Mo        14.93906        7.02029        3.88763        1        0.074522        0.351311        -0.200815
Mo        17.21074        8.87384        4.05371        1        -0.280021        0.195866        -0.173110
Te        0.67308        1.74434        5.46863        2        -0.557063        0.039361        -0.536957
Te        3.90245        3.75252        5.87448        2        -0.789089        -1.116077        1.362181
Te        6.07315        0.15052        2.48301        2        0.047819        -0.553048        0.085558
Te        2.76582        1.71054        1.85085        2        0.228842        0.141873        0.006091
Te        0.53133        5.30201        5.34894        2        0.547145        0.031222        0.175489
Te        3.82529        7.18464        5.91076        2        0.277903        0.515611        0.628551
Te        5.97294        3.61669        2.46122        2        0.462774        0.220641        -0.598266
Te        2.75773        5.32678        1.81022        2        0.181945        -0.080701        0.688584
Te        0.49483        8.94575        5.48725        2        0.529777        -0.095747        -0.724138
Te        3.84608        0.17557        6.04974        2        -0.003716        -0.571781        -1.224949
Te        6.15376        7.14242        2.57832        2        -0.572208        0.345849        -0.527799
Te        2.80593        8.85585        1.93687        2        -0.228095        -0.003751        -0.070056
Te        7.01039        1.88135        5.26623        2        -0.072741        0.101219        0.663828
Te        10.12151        3.69609        5.95425        2        0.040084        -0.697124        -0.240849
Te        12.31759        10.67764        2.43775        2        0.355119        0.265339        0.087763
Te        9.19503        1.77711        1.88121        2        0.242763        0.175580        -0.377474
Te        7.00192        5.40439        5.27501        2        -0.096424        -0.270071        0.706067
Te        10.23978        7.05975        5.90890        2        0.289331        0.745082        0.819845
Te        12.48810        3.62756        2.55233        2        -0.260716        -0.520672        -0.377847
Te        9.35354        5.50415        1.79991        2        -0.885182        -0.512878        0.006131
Te        7.02066        9.04562        5.34857        2        -0.299883        -0.244995        0.142222
Te        10.19747        10.71200        5.97740        2        0.376470        0.516512        0.850507
Te        12.45570        7.10426        2.48670        2        0.016731        0.209622        0.204978
Te        9.16925        8.91229        1.85537        2        -0.176986        0.446369        0.599140
Te        13.40833        1.67876        5.30893        2        -0.457030        0.280672        0.291920
Te        16.71984        3.58273        5.92553        2        -0.374694        -0.466045        0.500405
Te        18.74617        10.69501        2.41728        2        0.242669        -0.194146        0.479264
Te        15.51394        1.80671        1.83916        2        -0.030277        -0.360864        0.030437
Te        13.39231        5.22652        5.51147        2        -0.105240        0.429870        -0.525709
Te        16.72838        7.06076        6.03298        2        -0.527564        0.548064        -0.106062
Te        18.77459        3.47704        2.48867        2        0.001074        0.284027        -0.234302
Te        15.65100        5.35796        1.85172        2        -0.341140        -0.445626        0.704088
Te        13.38302        8.88255        5.32863        2        -0.327267        0.032769        0.043528
Te        16.45380        0.06835        5.98863        2        0.271759        -0.578357        -0.719576
Te        18.73573        7.15067        2.38924        2        0.435128        -0.129020        0.582651
Te        15.58232        8.75952        1.81208        2        -0.027924        0.498044        0.920398
