54
Lattice="18.798270284 0.000008540 -0.000615361 -0.000005198 10.852719811 0.000045896 0.042448411 0.000094922 30.000000000" Properties=species:S:1:pos:R:3:tags:I:1:forces:R:3 energy=-317.39076004 stress= -4.53480 -2.71682 2.98618 -0.68726 -2.05258 -0.60424 pbc="T T T"
Mo        2.56706        0.41554        4.03537        1        0.033067        -2.268337        -1.234485
Mo        5.73109        1.45183        3.76873        1        -1.064636        1.265704        -0.310698
Mo        2.13990        3.68635        3.93918        1        1.928386        -0.369999        -1.592181
Mo        5.52683        5.31133        3.97613        1        -0.004861        0.576338        -0.076238
Mo        2.35856        7.16984        3.97341        1        0.949613        -1.660302        0.697796
Mo        5.32133        9.04271        3.98692        1        1.209785        -0.457138        -0.836065
Mo        8.66371        10.81049        4.11252        1        0.072706        0.237243        -3.483778
Mo        11.69650        1.72154        3.88776        1        0.578827        -1.644794        0.211804
Mo        8.63313        3.70377        3.84253        1        -0.195826        -0.612835        0.296550
Mo        11.74184        5.56618        4.04454        1        0.318397        -0.416824        -0.569759
Mo        8.69217        7.21724        4.03065        1        -0.895409        -0.451610        -0.201793
Mo        11.67438        9.05741        4.01487        1        -0.122103        0.293062        -0.130930
Mo        15.18593        0.00598        3.90274        1        -0.874100        0.572372        -0.857916
Mo        18.04445        1.75182        3.72574        1        0.074082        0.426542        2.109738
Mo        14.79351        3.75652        3.96004        1        0.498896        -0.511758        -0.827670
Mo        18.02161        5.68447        3.80817        1        -0.108348        -1.994972        0.391736
Mo        15.02837        7.14033        4.04002        1        -0.827751        1.108561        -1.406660
Mo        18.06515        9.18962        3.97321        1        0.138691        -1.051443        0.016105
Te        1.32302        2.00150        5.72510        2        -1.308238        -0.757515        0.898947
Te        4.46377        3.25073        5.55625        2        0.131119        0.997096        -0.391526
Te        1.35332        1.91215        2.12273        2        -0.122023        -0.205631        -0.940919
Te        4.36578        10.65226        2.02700        2        0.711892        0.810597        0.097471
Te        1.18043        5.34421        5.65579        2        -0.098439        1.657728        1.194251
Te        4.60151        7.16307        5.78677        2        -1.189590        -0.312883        -0.054725
Te        1.25314        5.36325        1.97712        2        0.008792        0.942241        0.621686
Te        4.45580        3.46073        2.22740        2        0.017232        0.007565        0.178856
Te        1.53724        9.15674        5.61568        2        -0.594933        0.462407        0.565299
Te        4.60629        0.06118        5.74100        2        -0.177494        -0.341364        1.046582
Te        1.61087        9.07704        2.38729        2        -1.433638        1.267340        -0.662059
Te        4.38012        7.13738        2.24698        2        0.332926        -0.301095        -0.342254
Te        7.69607        1.79181        5.59300        2        -0.397394        1.188810        1.141091
Te        10.82800        3.51964        5.67346        2        -0.968272        0.815747        0.162028
Te        7.70741        1.75749        1.88620        2        0.127164        0.007241        1.380609
Te        10.47780        10.77861        2.16877        2        1.283998        -0.141768        -0.005104
Te        7.48572        5.36578        5.85610        2        0.880712        -0.020834        -0.881295
Te        10.66960        7.39420        5.86764        2        0.340340        -0.990990        0.053065
Te        7.48634        5.58454        2.08209        2        0.554706        -0.962731        0.773001
Te        10.85215        3.51611        2.26687        2        -0.694885        1.752172        -1.139119
Te        7.55026        9.15979        5.74069        2        -0.606121        -1.536608        0.428811
Te        10.69533        10.76557        5.85986        2        0.483873        0.714957        -0.058295
Te        7.54148        8.77427        2.11784        2        -0.250935        1.482184        1.184029
Te        10.69791        7.29121        2.10512        2        0.048228        -0.250248        0.991753
Te        13.82616        1.76563        5.45317        2        0.504979        -0.058959        2.063372
Te        17.02861        3.59360        5.54569        2        -0.184903        0.647484        -0.377925
Te        14.07392        1.87433        2.23294        2        -1.411104        -0.869370        -1.084900
Te        17.21663        10.77305        2.04349        2        -0.820959        0.116611        -0.937893
Te        13.91828        5.39420        5.73674        2        -0.820323        0.833600        1.587818
Te        17.02443        7.36729        5.74861        2        0.846116        -0.372960        0.366755
Te        13.75542        5.58836        2.17673        2        0.072746        -0.305436        0.078431
Te        16.64407        3.64970        2.02525        2        1.999956        0.565581        0.430367
Te        14.07863        9.14102        5.63446        2        -1.056620        -0.639288        0.767861
Te        16.98287        0.00649        5.82060        2        1.170379        0.666480        -0.218427
Te        13.77887        9.07594        2.38450        2        0.901640        -0.444389        -1.001499
Te        16.96064        7.36686        2.10036        2        0.018594        0.488335        -0.087551
