54
Lattice="19.173937585 0.000456147 -0.025753600 -0.000245476 10.927967962 0.000007040 0.013560576 0.000001770 30.000000000" Properties=species:S:1:pos:R:3:tags:I:1:forces:R:3 energy=-319.05905905 stress= -2.96586 -9.53729 0.94022 0.41534 1.50216 -0.17310 pbc="T T T"
Mo        2.32334        0.04088        3.68406        1        -1.578049        -0.499969        0.663873
Mo        4.50031        1.77671        3.97565        1        -0.169036        0.092896        0.617213
Mo        2.13339        3.58936        3.79895        1        0.390874        0.031357        0.790765
Mo        4.56341        5.58809        4.15325        1        -0.326686        -0.791691        -0.343895
Mo        2.27596        7.23629        3.82340        1        -1.514193        0.881710        0.730509
Mo        4.46309        9.11345        3.98963        1        0.638654        -0.245522        0.824739
Mo        8.53333        10.79766        3.81253        1        0.229526        1.149293        0.034195
Mo        10.81355        1.77814        3.99713        1        -0.534781        -0.265444        -0.688073
Mo        8.50212        3.47831        3.86300        1        0.571937        0.302441        -0.438936
Mo        10.81462        5.74058        4.10492        1        0.430290        -1.341967        0.222100
Mo        8.66393        7.34289        3.96262        1        -1.207936        0.449228        -0.486497
Mo        10.84813        9.13729        4.00233        1        -0.044180        -0.638339        -0.122384
Mo        14.88848        0.00856        3.70890        1        0.016581        -0.405037        -0.938796
Mo        17.14085        1.66059        3.92716        1        0.564886        -0.214998        0.928319
Mo        14.96024        3.35402        3.73151        1        0.258555        0.793228        -0.063941
Mo        17.20271        5.66805        4.10427        1        0.937417        -0.175828        -0.313200
Mo        14.95802        7.44136        3.87742        1        -0.471582        0.785168        -1.496225
Mo        17.24732        9.21145        4.04711        1        0.134908        -0.703318        -0.669525
Te        0.49534        1.66355        5.22977        2        0.419757        0.184443        0.082516
Te        3.76318        3.66296        5.90499        2        0.241775        -0.478681        0.154372
Te        6.10803        0.07463        2.33067        2        -0.477221        -0.727373        0.693815
Te        2.87792        1.82405        1.82316        2        -0.235714        0.400602        -0.424986
Te        0.65463        5.55994        5.48005        2        -0.215492        -0.121221        -0.581738
Te        3.68980        7.23887        6.06082        2        0.821431        0.739440        -0.159414
Te        5.99562        3.55591        2.47291        2        0.336518        0.475553        0.141371
Te        2.94192        5.48220        2.05454        2        -0.064657        -0.691764        -1.523375
Te        0.67513        9.13707        5.34180        2        -0.279890        0.195096        -0.277788
Te        3.83638        10.89371        5.93402        2        0.122124        0.095654        -0.262246
Te        6.17204        7.24400        2.63339        2        -0.276877        0.339983        -0.267758
Te        2.72418        9.01147        1.89060        2        0.470781        0.355268        -0.589453
Te        6.93997        1.88881        5.38958        2        -0.037566        -0.742839        0.067694
Te        10.27527        3.63528        5.89826        2        -0.045975        0.265835        0.041996
Te        12.37044        10.92499        2.45397        2        0.049947        -0.050972        -0.451110
Te        9.14115        1.74470        1.85275        2        0.008747        0.090998        0.368797
Te        7.05225        5.44577        5.37508        2        0.141107        0.121046        0.454159
Te        10.22833        7.42803        6.14718        2        0.411428        -0.242711        -0.428125
Te        12.44770        3.69910        2.44337        2        -0.499437        -0.241316        0.395544
Te        9.05153        5.46062        2.06338        2        0.376795        -0.127111        -0.357238
Te        7.04482        9.13847        5.41285        2        -0.702655        -0.008402        0.075176
Te        10.27538        10.79249        5.91743        2        -0.474221        1.262907        0.578380
Te        12.35165        7.27535        2.48353        2        0.649766        0.332428        0.067454
Te        9.13335        9.05522        1.90508        2        0.069179        -0.234114        -0.345388
Te        13.22591        1.81934        5.17453        2        0.988705        -0.155694        0.882858
Te        16.63141        3.71348        5.88887        2        -0.091245        -0.789916        -0.310680
Te        18.72861        10.86900        2.34193        2        0.584401        0.252068        0.114532
Te        15.66589        1.76762        1.68069        2        -0.414710        -0.245498        0.266997
Te        13.57544        5.45160        5.15864        2        -0.775457        -0.084372        0.309528
Te        16.57449        7.39795        5.96695        2        0.221602        0.282587        0.997619
Te        18.80483        3.60401        2.72477        2        -0.568172        0.464287        -0.614308
Te        15.61111        5.48515        2.03261        2        -0.320528        -0.099740        -0.332606
Te        13.24783        9.23530        5.36105        2        0.997424        -0.362079        -0.064007
Te        16.37588        10.88105        5.92708        2        0.444451        0.630829        0.320318
Te        18.75403        7.38491        2.39145        2        0.426863        -0.530961        0.682689
Te        15.75052        9.06714        1.75736        2        -0.636605        0.254057        1.064326
