54
Lattice="19.535457354 0.000008540 -0.000615361 -0.000005198 10.639921383 0.000045896 0.042448411 0.000094922 30.000000000" Properties=species:S:1:pos:R:3:tags:I:1:forces:R:3 energy=-318.19612250 stress= -12.80702 -3.11428 -3.18355 1.41113 0.49656 -0.10541 pbc="T T T"
Mo        2.43926        10.44802        4.14161        1        0.472865        0.275479        -1.087470
Mo        5.70862        1.59261        3.90676        1        -0.117655        -0.071228        1.392939
Mo        2.45042        3.25438        3.96374        1        -0.272038        -0.258494        1.507833
Mo        5.72485        5.10712        3.95864        1        0.706159        0.472896        2.039606
Mo        2.41774        6.63603        3.99905        1        1.231978        1.778252        0.328282
Mo        5.60766        8.58131        4.02996        1        0.729949        1.847441        0.271832
Mo        9.20647        0.11135        4.16519        1        -1.233016        -0.846419        -1.476159
Mo        12.39654        2.01120        3.85708        1        -0.769226        0.305982        -0.140350
Mo        9.00093        3.56702        4.03647        1        0.602358        0.450000        -0.642393
Mo        12.36666        5.63272        3.81555        1        -0.324666        -0.915089        0.208083
Mo        9.15671        7.14526        3.91816        1        -0.164925        -1.395322        -0.760793
Mo        12.29284        9.03386        3.81227        1        0.184882        -0.519367        0.227857
Mo        15.53198        0.22123        3.93310        1        -1.280805        0.236120        -1.298004
Mo        18.61740        1.89266        3.90093        1        1.065957        -0.502601        -0.154487
Mo        15.33795        3.82681        3.77641        1        1.537697        -1.280683        0.960887
Mo        18.74096        5.32929        3.95796        1        -0.507392        -0.677295        -1.450662
Mo        15.56030        7.30237        3.72252        1        0.485725        -0.195006        1.339691
Mo        18.79804        8.82236        3.82311        1        -0.368990        -0.410110        0.000571
Te        1.32020        1.54121        5.93650        2        -0.441049        0.457909        -1.245739
Te        4.52074        3.28449        5.77344        2        0.581192        0.288082        -0.409806
Te        1.36296        1.55802        2.16616        2        -0.271389        -0.307234        0.787055
Te        4.55013        10.48005        2.21459        2        -0.015128        -0.522766        0.520220
Te        1.23606        5.05237        5.77968        2        0.171138        -0.479346        0.018593
Te        4.60520        6.80652        5.80201        2        -0.270426        -0.175348        0.038330
Te        1.40397        4.93876        2.25267        2        -0.708023        0.665909        -1.069796
Te        4.66656        3.43454        2.29713        2        -0.787740        -0.911351        -1.429300
Te        1.36278        8.55261        5.70665        2        -0.465982        -0.052700        0.104364
Te        4.58325        10.53075        5.88077        2        0.376334        -0.594058        -0.862464
Te        1.55064        8.65608        2.28271        2        -0.372075        -0.248181        -0.114603
Te        4.64798        6.84536        2.30129        2        -0.741120        0.019541        -1.117535
Te        7.81960        1.75076        5.70633        2        0.141592        0.203494        1.010764
Te        11.24480        3.82565        5.64266        2        0.241026        -0.271441        -0.378310
Te        7.94360        1.83599        2.34054        2        0.081041        -1.022023        -0.714445
Te        11.16207        0.18856        2.24796        2        -0.216268        0.337184        -0.803120
Te        7.94744        5.26068        5.72523        2        -0.194690        0.760211        0.153849
Te        11.33508        7.23626        5.65258        2        -0.596645        0.615630        0.026964
Te        7.84587        5.25129        2.19991        2        0.513673        0.443222        0.290724
Te        11.11762        3.76534        2.09144        2        0.152132        -0.134966        0.827887
Te        7.96934        8.69099        5.67564        2        -0.301574        1.097570        0.594025
Te        11.46090        0.26307        5.68812        2        -0.449045        -0.490398        0.358966
Te        7.87023        8.94583        2.27348        2        0.244560        -0.016815        0.634981
Te        11.19176        7.20392        1.92264        2        -0.104430        0.590308        0.900924
Te        14.43292        2.12393        5.64494        2        0.019803        -0.729060        0.142345
Te        17.45649        3.60327        5.69666        2        0.190862        0.173805        -0.809834
Te        14.29127        1.95900        1.93137        2        0.755332        0.051229        0.879007
Te        17.55726        0.15403        2.12802        2        0.584416        -0.487554        -0.034753
Te        14.44883        5.61745        5.76440        2        -0.051449        0.004884        -1.506544
Te        17.58225        6.99891        5.68573        2        0.227505        1.274253        -0.763057
Te        14.45551        5.53477        2.09989        2        -0.684367        0.785901        -1.711531
Te        17.53678        3.65928        1.92866        2        0.184575        0.081159        1.649014
Te        14.36406        9.06912        5.59531        2        0.613927        -0.227581        -0.220256
Te        17.67065        10.56545        5.53931        2        -0.040599        0.498217        0.831866
Te        14.42427        9.09823        1.99995        2        0.060677        0.178892        0.604680
Te        17.83040        7.17973        1.84376        2        -0.371978        -0.171668        1.549666
