54
Lattice="20.324373841 0.000456147 -0.025753600 -0.000245476 10.927967962 0.000007040 0.013560576 0.000001770 30.000000000" Properties=species:S:1:pos:R:3:tags:I:1:forces:R:3 energy=-314.26317625 stress= -11.78483 -8.41834 -0.97783 -0.53465 1.93386 -0.03832 pbc="T T T"
Mo        2.34058        0.43523        3.86082        1        -0.458601        -0.041210        -1.792930
Mo        4.86778        2.12837        4.03319        1        -2.499467        -0.463502        -0.073723
Mo        2.37498        3.65522        3.81025        1        -0.806959        0.485505        -1.465671
Mo        4.62732        5.54948        3.92265        1        0.427200        -0.095959        1.322279
Mo        2.26319        7.20746        3.82570        1        -0.501270        0.041919        -1.427842
Mo        4.72792        8.96070        3.89555        1        0.089391        -2.105862        2.744589
Mo        9.20869        10.44676        3.91461        1        -1.608429        -0.473465        -0.356672
Mo        11.44882        2.03023        4.03304        1        0.839407        0.933108        0.665033
Mo        8.88529        3.81150        4.02051        1        0.352978        -0.451624        0.453511
Mo        11.49237        5.39333        4.16123        1        0.111286        -0.665226        -0.523899
Mo        9.12770        7.20220        3.74039        1        0.048374        0.209219        1.861676
Mo        11.65244        8.86229        3.97707        1        -0.479388        -0.323795        0.030577
Mo        15.78498        10.61471        3.92175        1        0.322411        0.017916        -0.794779
Mo        18.21971        2.18965        4.07390        1        0.636713        -0.985664        -1.316758
Mo        15.89476        3.69472        3.73492        1        0.008825        0.979729        1.210361
Mo        18.26106        5.42312        3.75449        1        -0.025504        1.061400        0.803719
Mo        15.75504        7.25252        3.79107        1        1.075554        0.108558        -0.254540
Mo        18.29442        9.03937        3.91951        1        -0.145443        -0.155872        -1.812233
Te        0.71289        2.00473        5.24823        2        -0.408391        0.061875        0.206032
Te        4.05162        3.74280        5.90076        2        -0.057654        0.255495        0.830664
Te        6.16025        10.92003        2.99619        2        1.501190        0.061266        -0.868831
Te        3.24253        1.99317        1.72958        2        -0.239552        -0.147999        1.593719
Te        0.43490        5.60081        5.15818        2        0.470981        -0.558958        0.315377
Te        3.76656        7.09409        5.97309        2        0.862490        1.068802        -0.420932
Te        6.33759        3.62812        2.68092        2        1.678504        1.515423        -1.588773
Te        2.85938        5.48138        1.83427        2        0.189923        0.019164        0.183098
Te        0.70521        9.26400        4.95690        2        0.032964        0.144479        -0.299153
Te        4.11671        0.11135        5.67977        2        0.221529        -0.801556        0.925185
Te        6.35805        7.20979        2.51569        2        0.265522        0.283608        -0.416819
Te        3.18076        9.22646        1.87440        2        -1.329821        -0.014688        0.319433
Te        7.40688        1.63418        5.27796        2        0.675403        0.266267        -0.097809
Te        10.52664        3.62401        6.16128        2        0.759066        -0.056768        -1.074144
Te        13.23492        0.09241        2.71778        2        -0.572359        -0.753194        0.032688
Te        9.58021        1.66222        2.30350        2        -0.565619        0.404951        -0.927476
Te        7.33454        5.58708        5.40576        2        -0.284292        -0.437178        -0.116980
Te        10.85699        7.16660        5.96284        2        -0.186185        0.631797        -0.035944
Te        13.31824        3.58999        2.69860        2        -1.234438        0.455496        0.003901
Te        9.72074        5.30855        2.07664        2        0.705230        -0.246032        -1.492390
Te        7.54278        8.79994        5.47320        2        0.041924        0.610866        -0.764462
Te        10.99004        10.84725        5.65607        2        0.695495        0.183477        1.830012
Te        13.31094        7.24227        2.49234        2        -0.611882        -0.372541        -0.009680
Te        9.90787        8.90184        1.85665        2        0.196560        0.224698        -0.172813
Te        14.12169        1.82576        5.26537        2        0.700823        -0.042411        -0.317531
Te        17.55884        3.93621        5.89247        2        -0.242441        0.178678        0.285654
Te        19.64049        0.17239        2.45171        2        0.536956        -0.009830        0.846482
Te        16.54386        1.65488        2.08190        2        -0.209417        0.064297        -0.291447
Te        14.32328        5.41286        5.46578        2        -0.309415        0.264766        -0.416579
Te        17.55978        7.56665        5.87021        2        -0.119793        -1.927570        -0.023969
Te        19.94683        3.68365        2.29359        2        -0.252274        -0.209621        0.512514
Te        16.30774        5.44998        1.71660        2        0.518180        0.116450        0.713547
Te        14.16068        9.08685        5.50782        2        0.105666        -0.628783        -0.664002
Te        17.62514        10.87640        5.78229        2        0.283603        0.951375        0.321179
Te        20.11798        7.18161        2.37587        2        -0.845065        0.610021        0.023105
Te        16.64617        9.07360        1.69995        2        -0.401117        -0.250724        1.799430
