54
Lattice="19.940895089 0.000456147 -0.025753600 -0.000245476 10.721779888 0.000007040 0.013560576 0.000001770 30.000000000" Properties=species:S:1:pos:R:3:tags:I:1:forces:R:3 energy=-316.59334393 stress= -10.07245 -7.51603 -0.88290 0.17308 1.37441 -0.86041 pbc="T T T"
Mo        2.29836        10.64763        3.54381        1        -0.439686        0.469429        -0.093649
Mo        4.75719        1.77609        3.54676        1        -0.943549        1.024781        2.657824
Mo        2.20799        3.47233        3.66830        1        -0.515980        0.005486        -1.437212
Mo        4.48625        5.29157        4.08849        1        0.733446        0.627246        -0.412789
Mo        2.31304        7.26070        3.62091        1        -0.484753        0.015716        0.507426
Mo        4.71535        8.84020        3.75935        1        -1.013257        0.014931        0.026683
Mo        8.93076        0.26568        4.07394        1        -1.146856        -1.303565        -0.349694
Mo        11.29629        1.87782        4.24714        1        0.573686        0.178666        -0.441495
Mo        8.78369        3.68062        4.05071        1        0.461611        0.053071        -1.386216
Mo        11.43772        5.18168        4.10183        1        -1.186275        -0.288901        1.453975
Mo        8.84658        7.26427        3.85933        1        0.308690        0.959366        0.883895
Mo        11.28822        9.37471        4.27989        1        -1.464025        -0.346061        -1.503472
Mo        15.56500        10.63326        3.86595        1        -0.257999        -0.013446        0.472826
Mo        17.86113        1.64113        3.94357        1        1.313052        -0.671604        0.319123
Mo        15.64372        3.30971        3.85661        1        -0.227900        0.168839        0.787547
Mo        18.04048        5.14667        3.94032        1        -0.604508        0.382094        0.071517
Mo        15.44720        7.24964        3.94785        1        0.921542        0.136258        -0.413034
Mo        17.94166        8.79758        3.93859        1        -0.069778        0.590473        0.825685
Te        0.61842        1.48996        5.45819        2        0.212594        0.455464        -1.402721
Te        3.75967        3.33269        5.77015        2        0.789817        0.320143        -0.084959
Te        6.40782        0.02257        2.63923        2        1.139285        -0.333010        -1.285880
Te        2.96990        1.75815        1.58070        2        -0.709197        0.157052        0.330567
Te        0.54361        5.19267        5.09281        2        0.865302        0.274462        0.324753
Te        3.87939        7.33035        5.85866        2        0.073652        -0.715990        -0.409999
Te        6.39740        3.82172        2.37909        2        -0.312904        -0.400386        0.491970
Te        3.06647        5.50310        1.81468        2        -0.286960        -1.502117        -0.033462
Te        0.67084        8.81389        5.18605        2        -0.182528        0.204495        0.075619
Te        4.05628        0.04908        5.53674        2        -0.182312        0.026415        0.369958
Te        6.34091        7.09513        2.42648        2        0.053123        -0.191034        0.125900
Te        3.00114        8.89232        1.58552        2        -0.015950        0.141387        0.380539
Te        6.99979        1.93290        5.41376        2        0.512003        -0.083403        -0.277827
Te        10.44330        3.57306        6.10777        2        0.454395        1.021467        0.619204
Te        12.85155        0.07500        2.67052        2        0.594043        0.279455        -0.311985
Te        9.55891        1.85459        2.17480        2        0.192390        1.119833        -1.019458
Te        7.24147        5.42079        5.39460        2        -0.786072        0.557445        0.509145
Te        10.65996        7.29650        5.86559        2        -0.312095        -0.665009        0.352801
Te        12.77790        3.53784        2.58871        2        1.047098        -0.348736        -0.342828
Te        9.62152        5.54332        2.14908        2        0.224680        -1.288495        -1.191525
Te        7.02259        9.03062        5.23699        2        1.110220        -0.291919        0.351684
Te        10.45932        0.34036        6.21613        2        0.131067        -0.891673        0.807864
Te        12.88052        7.09761        2.83546        2        -0.299778        1.123792        -0.061857
Te        9.70316        9.18306        1.96533        2        -0.127756        -0.188099        1.507300
Te        14.06714        1.92393        5.57980        2        -0.306680        -0.729265        -0.321970
Te        17.53757        3.35793        5.92899        2        -0.514255        0.485510        -0.145776
Te        19.55136        10.59754        2.42966        2        -0.002669        0.289962        -0.165484
Te        16.10990        1.61777        1.87345        2        0.132426        0.049131        -0.325975
Te        14.15560        5.39967        5.44565        2        -0.663386        -0.942194        -0.125872
Te        17.28637        7.00421        5.89253        2        0.350299        -0.029644        -0.112598
Te        19.51326        3.47737        2.19243        2        0.135330        -0.331960        0.833291
Te        16.17040        5.27371        2.10510        2        -0.424455        0.336371        -0.733311
Te        13.64521        9.00026        5.43452        2        1.848490        0.330601        0.117409
Te        17.34840        10.57351        6.04886        2        -0.170643        -0.032903        -1.497135
Te        19.57742        7.14176        2.35392        2        -0.084806        -0.383980        0.116333
Te        16.23626        8.83627        1.84632        2        -0.426838        0.159356        0.575499
