54
Lattice="18.429676749 0.000008540 -0.000615361 -0.000005198 11.916711949 0.000045896 0.042448411 0.000094922 30.000000000" Properties=species:S:1:pos:R:3:tags:I:1:forces:R:3 energy=-314.16792735 stress= -8.55503 -19.06281 -2.32273 -0.11648 -1.62393 -0.17402 pbc="T T T"
Mo        2.20079        0.05627        3.85004        1        1.467379        0.538586        -0.729755
Mo        5.50417        1.97695        3.87824        1        -1.041670        0.483837        -0.963769
Mo        2.14061        4.18291        3.83381        1        0.811500        -0.835444        0.596183
Mo        5.48362        6.16864        3.68264        1        0.268241        -0.900712        1.452624
Mo        2.24391        8.15051        4.06256        1        0.759588        -0.639258        -0.862088
Mo        5.35158        9.85981        3.72184        1        0.416140        0.898142        -0.709500
Mo        8.40538        11.71063        3.85145        1        -0.320693        0.889863        -0.402515
Mo        11.53227        1.73707        4.08769        1        -0.431792        -0.053389        -0.990951
Mo        8.34107        3.92407        3.83062        1        0.052648        0.346907        -0.052018
Mo        11.46243        5.79595        3.74027        1        -0.312774        0.149678        1.415018
Mo        8.46179        7.78323        3.58743        1        0.336079        0.159090        2.350477
Mo        11.41879        9.85533        3.86880        1        1.075063        -0.835753        1.312835
Mo        14.71798        11.86281        4.17512        1        0.034108        -0.833115        0.128208
Mo        17.56201        2.01771        4.11684        1        -0.741480        0.106496        -1.333376
Mo        14.57876        3.95964        3.94654        1        1.006602        -0.517269        1.155298
Mo        17.76470        6.05311        4.08413        1        0.080833        1.095104        0.577031
Mo        14.52116        7.95677        4.06073        1        0.050469        -1.521589        0.508274
Mo        17.66920        10.15415        4.15683        1        0.238861        0.237486        0.019137
Te        1.29491        1.88561        5.50901        2        0.868167        1.364796        1.462040
Te        4.43987        4.08678        5.43899        2        0.011717        0.196690        -0.079624
Te        1.01797        2.22608        2.07975        2        0.741035        -0.605725        0.844477
Te        4.21982        0.31239        1.90266        2        0.331572        -0.723333        1.078230
Te        1.53397        6.12010        5.82842        2        -0.700017        -0.177434        -0.553051
Te        4.52334        8.16759        5.59702        2        -0.374745        -0.931083        -0.107146
Te        1.28384        6.19529        2.24645        2        -0.024902        0.222209        -0.295365
Te        4.44256        4.02494        2.21131        2        -0.408439        0.116008        -0.314385
Te        1.48363        10.15184        5.78493        2        -0.504552        -0.128710        0.032270
Te        4.57829        11.89509        5.40490        2        -0.777360        -0.145528        0.368748
Te        1.18173        10.08143        2.30295        2        0.103914        -0.598327        -0.623694
Te        4.31013        7.93920        2.05092        2        -0.608551        0.591957        0.096576
Te        7.50074        2.02186        5.62297        2        -0.006137        -0.730738        0.080759
Te        10.38735        3.68370        5.59268        2        0.645514        1.005691        0.008300
Te        7.52074        1.94652        2.10817        2        -0.139455        -0.471023        -0.083400
Te        10.51111        11.70715        2.15300        2        0.216716        0.653833        -0.110116
Te        7.51729        5.94677        5.69986        2        -0.259957        0.179519        -1.749067
Te        10.46798        7.88948        5.68156        2        -0.107094        -0.510555        -1.579729
Te        7.54462        5.94996        1.85113        2        -0.415714        -0.488883        0.607040
Te        10.44388        3.70700        2.13379        2        0.834546        0.095201        0.407053
Te        7.48990        9.68844        5.45489        2        -0.176223        0.009753        -0.335268
Te        10.40917        11.65964        5.62877        2        0.276093        0.322071        0.663758
Te        7.46169        9.77620        1.97502        2        -0.107909        0.393342        0.174161
Te        10.64332        7.89305        2.05800        2        0.247863        -0.295637        -0.194344
Te        13.75549        1.95897        5.78060        2        -0.682876        -0.024272        0.029546
Te        16.73414        4.25660        5.78547        2        -0.479622        -1.147525        -0.051207
Te        13.68660        1.76887        2.42910        2        -0.057299        0.433987        -0.432840
Te        16.63487        0.04925        2.21023        2        0.109229        -0.010913        1.314542
Te        13.43914        5.78061        5.67397        2        -0.059241        0.358484        -0.256303
Te        16.61925        8.15809        5.81685        2        0.539688        -0.624451        0.086653
Te        13.71857        5.79246        2.27040        2        -0.378217        0.948634        -0.991798
Te        16.83303        4.08799        2.36744        2        -0.736649        0.006044        -0.030903
Te        13.66786        9.62151        5.92868        2        -1.106946        1.421011        -0.595953
Te        16.79904        0.09868        6.01397        2        -0.570057        0.008716        -0.598028
Te        13.68481        9.84966        2.38955        2        -0.111963        0.738493        -0.532391
Te        16.72775        8.12546        2.57186        2        0.081364        -0.259691        -1.240299
