54
Lattice="20.641237959 0.000008540 -0.000615361 -0.000005198 10.639921383 0.000045896 0.042448411 0.000094922 30.000000000" Properties=species:S:1:pos:R:3:tags:I:1:forces:R:3 energy=-315.91659151 stress= -22.77587 -6.95549 -2.87172 1.77060 -0.40340 -0.34465 pbc="T T T"
Mo        2.76565        10.41489        3.76093        1        -0.321846        0.948449        0.505947
Mo        6.07285        1.88299        3.84865        1        0.012776        -1.181605        -0.016847
Mo        2.69222        3.47723        4.01770        1        0.227467        -0.345549        -0.987880
Mo        6.11231        5.22959        3.94514        1        -0.112980        0.580826        0.428565
Mo        2.77168        7.01919        3.89711        1        -1.180855        -0.134788        0.445296
Mo        6.23940        8.80674        3.95460        1        -0.046154        0.047289        -0.074313
Mo        9.39787        0.20544        3.99177        1        0.289004        -0.585085        0.596921
Mo        13.02199        1.88354        3.96060        1        -0.332270        -0.783835        -1.171542
Mo        9.64377        3.65937        3.97839        1        -0.864472        -0.052346        0.195351
Mo        12.95398        5.38224        3.84818        1        -1.471943        -0.123228        -0.065320
Mo        9.52409        7.32387        4.02653        1        -0.053056        -0.555978        0.176871
Mo        12.90539        8.72415        3.90216        1        0.214818        0.633931        0.410964
Mo        16.22173        10.58787        3.93014        1        -0.159071        -0.321889        -0.951389
Mo        19.74468        1.81445        4.05076        1        0.797031        -0.149650        -1.209935
Mo        16.39295        3.43855        3.77096        1        0.358278        -0.123437        -0.012710
Mo        19.86704        5.26407        4.15080        1        0.568270        0.918407        -1.103654
Mo        16.47398        7.06434        3.89734        1        -0.508046        -0.569967        -0.441752
Mo        19.82395        9.00488        3.90736        1        0.164036        -0.483487        0.087093
Te        1.56097        1.52525        5.59892        2        -0.217750        0.267332        -0.106712
Te        4.97766        3.42392        5.72727        2        -0.572835        0.685952        -0.060586
Te        1.41331        1.68232        2.21372        2        0.267928        0.089446        0.551415
Te        5.10559        10.51741        2.08630        2        -0.275307        0.314549        0.454298
Te        1.56236        5.22402        5.76658        2        0.009694        0.285445        -0.231730
Te        4.90110        7.06357        5.72851        2        0.451524        -0.173048        -0.571295
Te        1.40040        5.25010        2.26706        2        0.436316        -0.213683        0.466911
Te        4.89962        3.55404        2.11150        2        -0.384773        0.157130        0.314851
Te        1.46440        8.81082        5.60741        2        0.302909        -0.107389        -0.303262
Te        4.98580        10.60883        5.52502        2        -0.269132        -0.013262        0.152234
Te        1.46149        8.74172        2.11371        2        0.021145        -0.137903        0.005295
Te        4.98256        7.03845        2.25107        2        0.162209        -0.050042        -0.243903
Te        8.13535        1.94818        5.73125        2        0.842595        0.099965        -0.464152
Te        11.91916        3.56398        5.67148        2        -0.456077        0.561042        0.174041
Te        8.27592        1.94253        2.20889        2        0.543839        0.239677        0.021924
Te        11.72435        0.03728        2.33173        2        0.009025        0.354655        -0.119360
Te        8.31975        5.43348        5.75925        2        0.332193        -0.064158        -0.639401
Te        11.69970        7.05352        5.74130        2        0.463136        0.097915        -0.466752
Te        8.42272        5.48944        2.28700        2        -0.171491        -0.226379        0.247092
Te        11.68478        3.61424        2.06713        2        0.583603        -0.018031        0.891190
Te        8.33877        9.01327        5.81401        2        0.027237        0.203590        -0.312150
Te        11.76991        10.57524        5.62533        2        0.030552        0.571857        -0.130923
Te        8.47556        9.05760        2.22346        2        -0.604702        -0.176256        -0.150183
Te        11.50635        7.33140        2.08414        2        0.850482        -1.124799        0.349608
Te        15.21268        1.71586        5.60019        2        -0.121938        0.500029        0.633155
Te        18.59140        3.55598        5.69770        2        -0.633131        -0.090111        0.663499
Te        15.15533        1.69293        2.04426        2        -0.073398        0.100221        0.512951
Te        18.45714        0.16642        2.23262        2        0.425008        -0.470191        0.150083
Te        15.19368        5.15697        5.50398        2        0.255919        0.560441        0.106510
Te        18.71661        7.26206        5.73929        2        -0.179228        -0.430372        -0.313620
Te        15.07132        5.24520        2.12591        2        0.951035        0.373742        0.061294
Te        18.87334        3.57515        2.15846        2        -0.639052        0.082164        0.612421
Te        15.15537        8.62903        5.66543        2        -0.041832        0.694876        -0.147861
Te        18.40518        0.07899        5.58216        2        0.469803        -0.423254        0.795027
Te        15.14920        8.82308        2.13571        2        0.043836        -0.458371        0.358961
Te        18.80765        7.03900        2.29924        2        -0.344897        0.227969        -0.049430
