54
Lattice="19.173937585 0.000456147 -0.025753600 -0.000245476 10.721779888 0.000007040 0.013560576 0.000001770 30.000000000" Properties=species:S:1:pos:R:3:tags:I:1:forces:R:3 energy=-315.95477053 stress= -5.19681 -4.91688 -4.44044 -3.09339 -3.57071 1.32998 pbc="T T T"
Mo        2.23614        10.60773        3.98571        1        0.216925        -0.219131        0.192028
Mo        4.43732        1.78045        4.04439        1        0.544162        0.605643        1.619620
Mo        2.04903        3.84193        4.05673        1        1.101934        -0.588345        0.112373
Mo        4.42310        5.38422        4.26914        1        0.300562        0.263737        -0.995136
Mo        2.16200        7.16391        4.12222        1        -0.228138        -0.946855        -0.137306
Mo        4.48591        9.03051        4.30331        1        -0.008182        -0.675503        -0.596182
Mo        8.54063        10.71001        3.77090        1        0.360688        0.900968        -0.556459
Mo        10.82321        1.88259        3.74184        1        0.437417        0.327007        -1.165426
Mo        8.66914        3.51052        3.72599        1        -1.135839        0.392350        -0.948794
Mo        10.97956        5.36496        3.82698        1        -1.063281        -0.664319        -1.297668
Mo        8.62343        7.05028        3.72523        1        -0.511205        1.213988        1.075823
Mo        10.87310        9.06778        3.90684        1        -0.522183        0.997316        -2.416950
Mo        14.89468        10.64654        3.43456        1        0.052637        -0.494501        0.589475
Mo        17.18582        1.54460        4.00038        1        0.036917        1.299079        -0.996694
Mo        14.88661        3.54641        3.67211        1        0.357295        -1.222874        0.980794
Mo        17.08102        5.55631        4.15150        1        0.445241        -0.434551        0.381392
Mo        14.86906        6.97337        3.89677        1        0.660100        1.059257        -0.217439
Mo        17.27080        8.84856        4.15481        1        -0.110647        0.360985        -0.300285
Te        0.52661        1.65108        5.26636        2        0.365171        0.556296        1.062640
Te        3.89111        3.69484        6.32087        2        -0.346571        -0.676040        -1.796228
Te        5.95239        10.69748        2.47823        2        -0.066992        0.055869        0.522077
Te        2.70759        1.78489        2.09566        2        -0.168703        0.439592        -0.303207
Te        0.67467        5.27549        5.87796        2        -0.468280        0.648336        -0.867034
Te        3.75368        7.15233        6.28763        2        0.582849        0.272326        -0.584645
Te        6.04308        3.65623        2.36758        2        -0.410908        -0.168890        1.002275
Te        2.84894        5.50800        1.94276        2        -0.249581        -1.028271        1.714817
Te        0.87571        8.93677        5.73663        2        -1.376179        0.140926        -0.180738
Te        3.88363        0.18555        6.23456        2        -0.008862        -0.274780        -0.985740
Te        5.80194        7.16354        2.55311        2        0.901379        0.005355        0.519555
Te        2.78689        8.69979        2.07745        2        0.300368        1.352107        0.179802
Te        7.03066        1.87251        5.21015        2        -0.162110        -0.184032        0.292489
Te        10.41953        3.77312        5.76615        2        -0.400746        -1.385577        0.643319
Te        12.50452        10.55406        1.89148        2        -0.430106        0.388174        1.298093
Te        9.06743        1.68174        1.57793        2        -0.038865        0.489613        1.389229
Te        7.12949        5.43892        5.35643        2        -0.239385        -0.460176        0.117424
Te        10.52882        7.26839        5.64095        2        -0.986945        -0.965089        2.265752
Te        12.14881        3.54083        1.86530        2        0.811392        0.114940        1.196199
Te        9.03068        5.41516        1.82905        2        0.572703        -1.055391        -1.125217
Te        7.19128        8.94645        5.34201        2        -0.659592        -0.033723        0.393909
Te        10.46645        0.25639        5.73298        2        -0.853791        -0.919786        0.929246
Te        12.29612        7.21420        2.43804        2        1.673783        0.057565        -0.986738
Te        8.99580        8.92973        1.85065        2        0.525759        -0.073329        -0.348745
Te        13.33334        1.69824        5.10799        2        -0.023163        0.458741        -0.561596
Te        16.61530        3.50905        5.91423        2        -0.596411        0.022271        -0.702412
Te        18.91621        0.00232        2.63272        2        -0.177999        -1.292370        -0.596586
Te        15.78237        1.70740        1.64913        2        -0.242232        0.545283        0.590625
Te        13.34898        5.28298        5.38844        2        0.293205        -0.263106        -0.419046
Te        16.73277        7.34775        6.35139        2        -0.457945        -0.703883        -1.761619
Te        18.75445        3.51429        2.78146        2        -0.180583        1.100000        -0.470750
Te        15.23023        5.30306        1.87369        2        1.044471        0.603081        -0.834396
Te        13.31190        8.86300        5.18982        2        0.622191        0.773733        0.032866
Te        16.14100        0.03648        5.75839        2        0.282678        -0.934268        1.541674
Te        18.75461        7.01990        2.55591        2        0.385639        0.342401        0.690249
Te        15.97319        8.75092        1.79194        2        -0.738246        -0.119221        0.835930
