54
Lattice="20.324373841 0.000456147 -0.025753600 -0.000245476 10.309403738 0.000007040 0.013560576 0.000001770 30.000000000" Properties=species:S:1:pos:R:3:tags:I:1:forces:R:3 energy=-318.71577027 stress= -12.88919 -4.03376 2.54603 -0.63487 -0.05478 0.26686 pbc="T T T"
Mo        2.33083        0.01893        3.87896        1        -0.184501        -0.735680        -1.103186
Mo        4.79348        1.74005        3.91943        1        0.003066        -0.223896        -0.297721
Mo        2.31551        3.22854        3.79324        1        -0.014881        1.363318        1.082907
Mo        4.89232        5.20678        4.15087        1        -1.166822        -0.127765        -0.346855
Mo        2.31309        6.93713        3.88265        1        -0.482839        -0.834816        0.307633
Mo        4.76760        8.57993        4.03550        1        -0.041518        0.176906        0.086012
Mo        8.93600        10.24439        3.78967        1        -0.376080        0.175798        0.404092
Mo        11.47410        1.78679        3.93398        1        -0.494653        -0.418524        1.099900
Mo        9.04616        3.39738        3.88978        1        -0.242142        0.330590        0.042889
Mo        11.51600        5.08355        4.10870        1        -0.338569        1.055288        0.192766
Mo        8.99805        6.86185        3.86395        1        0.101109        -0.104750        0.665568
Mo        11.48984        8.51870        3.84783        1        0.098929        0.262452        0.980283
Mo        15.80295        0.09742        3.78968        1        0.007052        0.148964        -0.242128
Mo        18.37956        1.71293        4.03574        1        -0.181863        -0.372468        -0.805251
Mo        15.86408        3.56518        3.86176        1        0.273788        -0.943745        0.919209
Mo        18.47244        5.15290        3.83148        1        -0.308303        -0.873417        0.972911
Mo        15.85195        6.86239        3.92503        1        -0.645847        0.595826        -1.183419
Mo        18.24885        8.58479        3.89289        1        0.718389        0.712782        0.013978
Te        0.64218        1.66042        5.37319        2        -0.068260        0.357054        0.227398
Te        3.98352        3.41275        5.91045        2        0.098976        -0.159685        0.370703
Te        6.39355        10.21943        2.21214        2        -0.196940        0.178969        1.136709
Te        2.99573        1.63798        1.84565        2        0.399475        -0.349798        -0.420352
Te        0.61914        5.26322        5.41019        2        0.087263        -0.652609        -0.470755
Te        3.85773        6.99586        6.03387        2        0.678173        -0.598477        0.020118
Te        6.55389        3.44902        2.48070        2        -0.508012        0.266771        0.096076
Te        3.16973        5.09720        2.04737        2        -0.083910        0.225253        -0.235827
Te        0.61881        8.71231        5.29713        2        -0.385880        -0.393175        0.296712
Te        4.14674        0.03467        5.91984        2        -0.175222        0.281008        0.246073
Te        6.42954        6.91941        2.64319        2        0.437169        -0.562616        -0.922925
Te        3.05874        8.46239        1.95666        2        -0.003848        1.165932        -0.811697
Te        7.24168        1.76054        5.30583        2        0.390683        -0.607177        0.158203
Te        10.72982        3.45207        6.01058        2        0.134437        -0.585573        0.304098
Te        13.11622        0.10729        2.48131        2        0.253840        -0.488762        -0.335614
Te        9.55510        1.70368        1.88692        2        0.564877        -0.053973        -0.064998
Te        7.37916        5.10967        5.52390        2        0.199802        0.074962        -0.253310
Te        10.69426        7.03208        5.97454        2        0.430572        -0.733925        -0.486257
Te        13.17115        3.43129        2.61615        2        0.580510        0.389232        -0.574635
Te        9.82826        5.13374        1.99817        2        -0.145780        -0.140405        -0.386336
Te        7.27773        8.42761        5.45603        2        0.291793        0.952844        -0.256919
Te        10.63195        10.30399        5.83745        2        0.623609        0.132780        -0.168490
Te        12.96377        6.67749        2.34103        2        0.599600        0.655035        0.162155
Te        9.66285        8.53997        1.90589        2        -0.004109        -0.032465        -0.841386
Te        14.30293        1.72640        5.40312        2        -0.648567        0.288049        0.059965
Te        17.77719        3.42254        5.93730        2        -0.414360        0.620742        -0.347821
Te        19.89834        0.05120        2.31941        2        0.371606        -0.103918        0.330948
Te        16.70289        1.84753        1.92352        2        -0.338445        -0.088089        0.010961
Te        14.16579        5.18597        5.49111        2        0.089076        -0.098343        -0.205789
Te        17.74112        6.81996        5.76384        2        -0.025269        -0.109026        1.400673
Te        20.17495        3.35576        2.35325        2        -0.598085        0.149728        0.448336
Te        16.52675        5.25077        1.96300        2        0.057211        0.021005        -1.190925
Te        14.09821        8.59153        5.17568        2        -0.376452        0.014850        0.300370
Te        17.47095        10.21309        5.85097        2        0.347088        0.430450        0.540924
Te        19.94754        6.93261        2.47166        2        0.937667        0.016623        -0.739325
Te        16.48279        8.67713        1.88310        2        -0.316624        -0.647015        -0.210659
