54
Lattice="18.429676749 0.000008540 -0.000615361 -0.000005198 11.065518238 0.000045896 0.042448411 0.000094922 30.000000000" Properties=species:S:1:pos:R:3:tags:I:1:forces:R:3 energy=-317.61001816 stress= 0.36017 -8.42459 -0.81912 2.49133 2.58075 -1.23009 pbc="T T T"
Mo        2.27420        10.92037        4.34582        1        1.165336        0.401057        -0.408885
Mo        5.31548        2.03441        4.23651        1        0.278698        -1.575371        -1.190915
Mo        2.11315        3.72248        3.92208        1        0.735068        -0.350441        0.955603
Mo        5.49817        5.63642        4.03897        1        -0.972094        0.512317        0.747976
Mo        2.12135        7.25096        4.07005        1        0.217738        0.386949        0.060874
Mo        5.30001        9.43471        4.18644        1        -0.559798        -0.490692        -0.450647
Mo        8.52178        0.25397        3.92137        1        -1.059622        -0.578855        1.598721
Mo        11.57933        1.96430        4.02403        1        -0.750732        0.084120        -0.510778
Mo        8.52401        4.12830        3.91310        1        -0.210041        -1.640145        -0.887290
Mo        11.79653        5.69254        3.68925        1        -1.363021        -1.095220        -1.772593
Mo        8.51097        7.41637        3.72229        1        -0.239520        0.346793        1.382233
Mo        11.59410        9.31942        3.70536        1        -0.731576        0.568958        1.221775
Mo        14.61001        10.90015        3.79180        1        0.361965        -0.004822        0.750414
Mo        17.65064        1.59850        3.94850        1        -0.678922        -1.427958        -0.486258
Mo        14.60456        3.59191        3.83296        1        0.460821        -1.543830        -1.353019
Mo        17.62954        5.42148        3.75430        1        1.470584        -0.718466        0.290129
Mo        14.82462        7.15580        3.55158        1        -1.901152        0.263166        1.960904
Mo        17.78550        9.06085        3.88709        1        -1.194268        0.028196        0.871456
Te        0.95191        1.77291        5.92104        2        1.788086        -0.055886        -0.123300
Te        4.25921        3.80858        5.84175        2        -0.508658        0.816338        0.028094
Te        1.37343        1.53258        2.44748        2        0.257112        0.742943        -0.977606
Te        4.35504        0.09143        2.34123        2        -0.240975        0.364726        1.112423
Te        1.01458        5.30980        5.78174        2        0.311496        0.643815        -0.424337
Te        4.12680        7.53723        5.92367        2        0.972313        -0.618258        -0.714505
Te        1.45622        5.59087        1.88620        2        -0.840385        -0.619351        1.625173
Te        4.37746        3.79546        2.41840        2        -0.344481        -0.192675        -0.816239
Te        1.08059        9.07038        5.98117        2        0.593538        -0.301814        -0.360981
Te        4.55230        0.18058        6.15718        2        -1.008633        -0.320334        -0.863291
Te        1.47382        9.22477        2.28995        2        -0.055845        -0.194682        0.124602
Te        4.32618        7.45681        2.42601        2        0.086233        0.355685        0.017441
Te        7.55443        2.01825        5.75038        2        0.343287        0.985154        -0.029615
Te        10.62771        3.94302        5.65568        2        0.197765        0.176848        -0.541633
Te        7.31150        2.10468        2.28966        2        0.383441        0.364015        0.294155
Te        10.38648        0.33911        2.19846        2        1.303510        -0.598053        -1.268411
Te        7.48045        5.74728        5.77315        2        0.564479        0.413180        0.107320
Te        10.62421        7.27291        5.46038        2        -0.156068        1.507552        0.164799
Te        7.31481        5.76758        1.96934        2        0.446612        -0.501097        0.377817
Te        10.68084        3.86305        1.93595        2        -0.586987        -0.065707        1.409785
Te        7.50665        9.31405        5.58631        2        1.121429        -0.172649        0.718104
Te        10.58682        0.13152        5.77258        2        0.046302        -0.517195        -0.647018
Te        7.33543        9.46011        2.31002        2        -0.033695        -0.134586        -0.739635
Te        10.65398        7.63552        1.98532        2        -0.705399        -1.146372        -0.909946
Te        13.72887        1.72679        5.68705        2        -0.448738        -0.025193        -0.251870
Te        16.60090        3.31324        5.56774        2        -0.309079        2.177823        0.852763
Te        13.43738        1.65658        2.16012        2        0.978415        0.602414        -0.441032
Te        16.68014        10.83950        2.08393        2        0.430314        0.375644        -0.036073
Te        13.65484        5.46041        5.40423        2        1.224761        0.473395        1.658656
Te        16.63422        7.10091        5.59372        2        -0.128197        0.642545        -0.298257
Te        13.90539        5.24704        1.79721        2        -0.673416        0.762721        0.258858
Te        16.85430        3.38773        2.10608        2        -0.841239        0.431450        -0.297966
Te        13.60638        8.94494        5.37741        2        0.641114        0.099431        0.444582
Te        16.62277        10.74689        5.72620        2        -0.428164        0.361987        -0.622823
Te        13.74092        9.09259        1.92765        2        -0.522375        0.250393        -0.128348
Te        16.84083        7.34365        2.01654        2        1.116796        -0.257735        -1.470541
