54
Lattice="21.194128261 0.000008540 -0.000615361 -0.000005198 10.639921383 0.000045896 0.042448411 0.000094922 30.000000000" Properties=species:S:1:pos:R:3:tags:I:1:forces:R:3 energy=-312.49270344 stress= -22.89611 -6.68554 1.36625 0.04990 0.72314 -1.01139 pbc="T T T"
Mo        2.49388        0.27138        3.89580        1        -0.180540        -1.134751        -0.424841
Mo        6.02667        1.71177        3.70924        1        0.943497        -0.935977        0.124426
Mo        2.51778        3.75882        4.02810        1        -0.010592        -0.591467        -0.130570
Mo        6.29086        5.27694        3.61374        1        -0.226216        -0.568249        0.595204
Mo        2.60966        7.12068        3.96306        1        -0.402226        0.397084        -0.768803
Mo        6.10624        8.67726        3.67772        1        0.140626        -0.043626        0.104843
Mo        9.94830        10.58354        4.17997        1        0.166469        -0.200291        -0.458227
Mo        13.48672        1.73407        3.99515        1        -0.179425        0.346499        0.188838
Mo        9.99290        3.52008        4.02377        1        -0.999140        0.072582        -0.711705
Mo        13.45035        5.16446        3.90576        1        -0.474402        -0.249446        0.208927
Mo        9.97781        6.99322        3.91442        1        -0.425267        0.163348        0.007890
Mo        13.58807        8.76876        3.86945        1        -0.189874        -0.223076        0.534097
Mo        16.98177        10.54715        3.94046        1        -0.053222        0.162707        -0.085632
Mo        20.13861        2.07919        3.97805        1        0.705077        -1.483709        -0.429910
Mo        16.92585        3.49665        3.88283        1        -0.200017        0.618874        0.309679
Mo        20.35280        5.55783        4.13170        1        -0.847541        -0.049815        -0.870647
Mo        16.91070        7.06856        3.96356        1        -0.057956        -0.584321        0.293224
Mo        20.30033        9.09942        4.12466        1        0.080598        -0.777651        -0.643291
Te        1.25353        2.01270        5.65286        2        0.014540        -0.306529        0.180074
Te        4.90716        3.40034        5.47789        2        0.393235        0.764185        0.199083
Te        1.15178        2.11893        2.24927        2        0.511934        -0.632569        0.066951
Te        4.92008        10.44781        2.05777        2        -0.450989        0.686460        -0.301047
Te        1.37290        5.54641        5.74297        2        0.318126        -0.375297        0.860073
Te        4.89076        6.88564        5.40683        2        0.944955        0.301952        0.374725
Te        1.26111        5.38787        2.33554        2        0.201360        0.725593        -0.775785
Te        4.81638        3.49859        2.19731        2        -0.383921        0.149598        -0.852803
Te        1.45453        8.98670        5.62947        2        0.150381        0.592618        0.297086
Te        4.83167        10.50805        5.36826        2        0.351968        0.047602        0.452230
Te        1.34138        8.88949        2.26629        2        -0.076311        0.846545        0.169333
Te        4.73556        6.88336        1.96327        2        0.601006        0.548337        0.576080
Te        8.45354        1.74399        5.52814        2        0.027868        0.101164        0.742838
Te        12.12435        3.45879        5.65821        2        0.763025        -0.039105        0.405613
Te        8.59850        1.74081        2.42071        2        0.112251        -0.340252        -0.630287
Te        12.33814        0.04225        2.37048        2        -0.764664        -1.017097        -0.758180
Te        8.65042        5.30068        5.55509        2        -0.334492        -0.101276        0.183516
Te        12.18588        6.89264        5.56507        2        0.519891        0.747323        0.176157
Te        8.83111        5.25351        2.11117        2        -0.272159        -0.024035        0.334392
Te        12.17407        3.41758        2.16456        2        0.301089        0.065829        0.412596
Te        8.50778        8.73663        5.57037        2        0.030135        0.019608        0.093470
Te        12.39374        10.48516        5.76791        2        -0.135240        0.095293        -0.590978
Te        8.72819        8.84669        2.31749        2        -0.142282        0.166953        -0.229145
Te        12.30118        6.95877        2.18233        2        -0.008776        0.350967        -0.029180
Te        15.76695        1.79517        5.57504        2        -0.035886        -0.851974        0.863944
Te        19.00142        3.74621        5.64911        2        0.010857        0.186941        1.157733
Te        15.70826        1.62646        2.23543        2        0.086500        0.251688        -0.191423
Te        19.18097        0.10998        2.21428        2        0.045022        0.340716        0.529315
Te        15.63767        5.21815        5.73205        2        0.263912        0.101766        -0.663474
Te        19.11675        7.20574        5.93732        2        0.024109        0.452825        -0.854502
Te        15.68932        5.19764        2.30613        2        -0.108407        0.643709        -0.948452
Te        19.14078        3.89913        2.19279        2        -0.033662        -0.388420        0.212896
Te        15.83939        8.78232        5.65321        2        -0.694374        0.371183        0.406188
Te        19.16587        0.14626        5.86809        2        -0.345257        0.541370        -0.601057
Te        15.82393        8.77484        2.06353        2        -0.104699        0.048225        0.829958
Te        19.11634        7.31075        2.37275        2        0.510311        -0.016944        0.048554
