54
Lattice="18.429676749 0.000008540 -0.000615361 -0.000005198 11.491115093 0.000045896 0.042448411 0.000094922 30.000000000" Properties=species:S:1:pos:R:3:tags:I:1:forces:R:3 energy=-316.19345811 stress= -3.69906 -15.75120 -3.21192 -0.08083 -0.85873 0.18591 pbc="T T T"
Mo        2.35323        11.43948        3.96889        1        0.146294        0.631877        0.766227
Mo        5.40311        2.08512        3.85908        1        -0.296374        -1.412442        -1.212910
Mo        2.16388        3.62419        3.67583        1        -0.004357        1.421091        -0.444477
Mo        5.64343        5.76925        4.06137        1        -1.556732        -0.364657        -0.265757
Mo        2.39057        7.59604        3.89591        1        -0.570191        0.186527        0.103561
Mo        5.59802        9.69715        4.30139        1        -0.819460        -0.307797        -1.227396
Mo        8.52247        0.31805        4.16217        1        -0.047443        -2.280004        -1.387475
Mo        11.55421        1.90255        3.75317        1        -0.483793        -0.480973        -0.197083
Mo        8.56612        3.93021        4.02557        1        0.378131        -0.329078        -0.641169
Mo        11.55418        5.78138        4.10205        1        -0.193512        0.584330        -0.685359
Mo        8.57070        7.73992        4.20237        1        0.206255        0.276447        -0.370395
Mo        11.43798        9.67464        3.96201        1        0.343006        0.716703        0.387647
Mo        14.54925        0.05734        3.71933        1        -0.411632        -0.104647        0.879100
Mo        17.60844        1.64702        3.84533        1        -0.478408        0.745235        -0.825293
Mo        14.66468        3.73755        3.89028        1        -2.108043        -0.328349        -0.706401
Mo        17.56332        5.67495        3.78656        1        0.033721        -0.798659        -0.203960
Mo        14.59589        7.49355        3.95889        1        -1.164359        0.341457        -0.520506
Mo        17.64869        9.61404        3.77445        1        -1.141315        -0.470399        1.004123
Te        1.29200        1.90725        5.49736        2        -0.443652        -0.759240        1.191374
Te        4.13383        3.59530        5.56791        2        0.491688        1.828935        0.488641
Te        1.21540        1.62037        2.03846        2        0.307385        0.197094        0.010568
Te        4.42894        11.47989        2.30852        2        0.947748        -0.147820        -0.005245
Te        1.19351        5.50152        5.48673        2        0.515551        0.615836        -0.017968
Te        4.38961        7.63882        5.77392        2        0.416443        -0.203840        -0.099156
Te        1.21978        5.78783        1.94461        2        0.248472        -0.257595        0.963123
Te        4.32323        3.92785        2.07889        2        0.840526        0.175898        0.313852
Te        1.23000        9.57207        5.70065        2        0.378171        -0.374118        -0.540941
Te        4.52182        0.21137        5.78979        2        -0.590738        -0.255387        -0.175767
Te        1.40390        9.65110        2.28061        2        0.163214        -1.129417        -1.306439
Te        4.68364        7.78228        2.29367        2        -0.207048        -0.235740        0.936693
Te        7.33855        2.09262        5.61209        2        0.343786        1.042783        2.087313
Te        10.66607        3.72837        5.58833        2        -0.113931        0.386081        1.054642
Te        7.65111        2.08829        2.24252        2        -0.795363        -0.052048        -0.337351
Te        10.39665        11.47575        2.16391        2        0.209001        0.292509        0.189879
Te        7.65378        5.69766        5.93179        2        -0.303966        0.389091        -0.331340
Te        10.65326        8.03295        5.98191        2        0.011010        -1.359597        -0.836204
Te        7.73157        5.79850        2.35675        2        -0.562287        0.763478        -0.336309
Te        10.68813        3.81637        2.05563        2        -1.081577        0.707581        0.922031
Te        7.70195        9.68571        6.09660        2        -0.521046        0.363895        -1.066481
Te        10.58085        0.28666        5.84356        2        0.270216        -0.651148        -0.566289
Te        7.51096        9.76873        2.41432        2        0.346557        -0.265427        0.867588
Te        10.53198        7.83053        2.22897        2        -0.394889        -0.842193        0.891866
Te        13.38571        1.97406        5.57142        2        2.134138        -0.566947        0.326793
Te        16.66045        3.55103        5.59161        2        0.556673        0.655265        0.059498
Te        13.56290        1.88593        1.88524        2        0.084028        0.210840        0.904519
Te        16.47246        11.46676        1.94143        2        1.110984        -0.547541        -0.036499
Te        13.69094        5.58680        5.83094        2        0.003524        0.346800        -0.839328
Te        16.67751        7.60525        5.60439        2        0.423080        0.068743        -0.094488
Te        13.34014        5.49886        2.13865        2        1.483658        1.113858        0.587188
Te        16.51739        3.62625        1.98858        2        1.144244        0.350622        0.615303
Te        13.68871        9.68565        5.51641        2        -0.297411        -0.578198        0.238284
Te        16.54792        11.35016        5.64779        2        0.170121        0.313041        -0.589197
Te        13.46401        9.46448        2.12099        2        0.435444        0.057703        0.536574
Te        16.52692        7.57804        2.13275        2        0.419969        0.327080        -0.467175
