54
Lattice="18.429676749 0.000008540 -0.000615361 -0.000005198 13.193502514 0.000045896 0.042448411 0.000094922 30.000000000" Properties=species:S:1:pos:R:3:tags:I:1:forces:R:3 energy=-304.49559254 stress= -17.60600 -30.07704 -0.87888 0.77460 0.03752 -0.04491 pbc="T T T"
Mo        2.19854        0.14824        3.94404        1        0.285776        -0.641001        0.003138
Mo        5.45993        2.20319        3.68286        1        0.315946        -0.486275        0.857439
Mo        2.26347        4.45884        3.71197        1        0.255293        -0.050098        0.146877
Mo        5.43659        6.63194        3.90259        1        -0.436063        -0.327206        0.207332
Mo        2.00013        8.77616        3.99099        1        1.044015        0.923341        0.169220
Mo        5.25362        10.82190        3.93488        1        0.239165        0.750439        0.160374
Mo        8.39140        13.08021        3.79442        1        0.709920        0.136754        0.519423
Mo        11.48764        2.30938        4.02258        1        -0.505132        -0.055551        0.475245
Mo        8.35779        4.32532        4.01087        1        0.281684        0.243422        -0.109810
Mo        11.38633        6.44728        3.92297        1        0.511835        0.689037        0.854309
Mo        8.36533        8.73325        3.92341        1        0.271634        -0.689779        0.512354
Mo        11.43222        10.97903        3.98738        1        0.691362        -0.414805        0.473681
Mo        14.57939        0.10400        3.93888        1        -0.340655        0.110876        -0.607647
Mo        17.80969        2.30988        4.03898        1        -0.527001        0.011817        -1.236248
Mo        14.70553        4.44381        4.10045        1        -0.744702        -0.893875        -1.235301
Mo        17.54191        6.70700        3.97295        1        0.116451        -0.554952        -0.201110
Mo        14.59293        8.64346        3.80239        1        -0.944910        0.506033        0.458718
Mo        17.53416        11.00700        3.85486        1        0.013858        0.582882        0.098509
Te        1.53093        2.32146        5.56265        2        0.216842        0.210553        0.351429
Te        4.48187        4.39710        5.30999        2        0.098182        -0.108534        0.662499
Te        1.50475        2.27380        2.10120        2        -0.662325        0.116755        0.798335
Te        4.34209        13.18988        2.26258        2        0.299728        -0.164703        -0.388403
Te        1.24275        6.77800        5.67683        2        -0.018694        -0.500027        -0.023160
Te        4.32692        8.73335        5.57810        2        -0.233409        -0.098381        0.211419
Te        1.21382        6.71643        2.31644        2        0.242320        -0.251307        -0.660355
Te        4.63098        4.39886        2.12247        2        -0.572621        0.381641        -0.093205
Te        1.14982        11.20847        5.63508        2        0.172199        -0.360298        -0.326828
Te        4.51928        13.13046        5.50294        2        -0.353813        0.302857        -0.041602
Te        1.27869        11.11671        2.21074        2        -0.182676        -0.251364        0.325782
Te        4.26849        8.78549        2.37170        2        -0.145381        -0.408291        -0.770955
Te        7.50093        1.99095        5.56683        2        -0.347394        0.206772        -0.503115
Te        10.34719        4.41874        5.76667        2        0.754636        -0.162016        -0.435259
Te        7.80039        2.20134        2.20722        2        -0.729161        -0.452401        -0.093464
Te        10.87448        0.00202        2.39577        2        -1.070748        0.059021        -0.334560
Te        7.53878        6.54734        5.69391        2        -0.495624        0.184712        -0.351603
Te        10.56243        8.59281        5.70431        2        -0.210655        0.376739        -0.613407
Te        7.56780        6.48531        2.31587        2        -0.078737        0.402156        -0.444990
Te        10.42571        4.56901        2.19874        2        0.195168        -0.825565        0.471274
Te        7.42107        10.71891        5.57545        2        0.027730        0.729166        0.070111
Te        10.52807        13.17464        5.63609        2        -0.246007        0.045027        -0.337388
Te        7.34194        10.78194        2.19489        2        0.320036        0.294376        0.090047
Te        10.47483        8.78921        2.30464        2        0.509511        -0.112029        -0.075474
Te        13.70868        2.29999        5.66548        2        -0.248955        -0.183045        -0.078654
Te        16.82988        4.55424        5.68822        2        0.452542        -0.396914        0.300509
Te        13.51859        2.37850        2.29477        2        0.787341        -0.113377        0.073152
Te        16.84703        0.17367        2.26504        2        -0.553638        -0.108552        0.394185
Te        13.72070        6.37710        5.67311        2        -0.731469        0.969708        -0.351744
Te        16.57057        8.77195        5.57604        2        0.461896        0.276726        0.118513
Te        13.61216        6.40456        2.27267        2        0.139692        0.155251        0.306491
Te        16.74590        4.32204        2.30976        2        0.189073        0.372376        0.179320
Te        13.75106        10.99930        5.56298        2        -0.394628        -0.113275        -0.237656
Te        16.66845        0.14122        5.57374        2        0.489251        -0.189555        0.279124
Te        13.56422        10.95274        2.29981        2        0.374828        -0.059412        -0.090644
Te        16.67710        8.79775        2.16121        2        0.197438        -0.037979        0.081031
