54
Lattice="18.798270284 0.000008540 -0.000615361 -0.000005198 10.639921383 0.000045896 0.042448411 0.000094922 30.000000000" Properties=species:S:1:pos:R:3:tags:I:1:forces:R:3 energy=-322.30179853 stress= -5.11235 -1.21216 -1.94147 0.84971 -0.61870 0.09374 pbc="T T T"
Mo        2.40627        10.52352        3.88496        1        -0.333382        0.165679        0.396705
Mo        5.41674        1.80550        3.94913        1        0.997472        -0.076653        0.438476
Mo        2.40141        3.50669        3.86066        1        -0.183066        -0.860025        1.740084
Mo        5.55250        5.27955        4.03582        1        -0.435732        0.380105        0.491882
Mo        2.33574        6.98656        3.85660        1        -0.344493        0.585123        0.844674
Mo        5.50852        8.97318        3.93016        1        0.006892        -0.597940        0.315691
Mo        8.62258        0.10644        4.12773        1        0.621879        0.420004        -0.994602
Mo        11.76867        1.85305        4.04081        1        0.080166        0.127307        -0.753091
Mo        8.62566        3.69941        4.06698        1        0.599023        -0.126605        0.840614
Mo        11.84570        5.42584        3.89370        1        -0.045650        -0.472474        1.238196
Mo        8.63194        7.15826        4.03188        1        0.299153        0.547377        -0.565599
Mo        11.80847        8.96563        3.93841        1        0.562226        -0.327604        -0.008983
Mo        14.95545        10.50308        3.85640        1        -0.476018        1.050251        0.206644
Mo        18.07038        1.66086        3.83859        1        -0.780455        -0.018490        0.008937
Mo        14.92302        3.46172        3.80388        1        0.715656        0.760949        -0.076415
Mo        18.05560        5.21201        3.79391        1        0.051642        -0.005310        0.585659
Mo        14.91371        7.11079        3.87306        1        -0.147650        -0.292958        0.539481
Mo        18.05953        8.80348        3.71393        1        0.192814        -0.609283        0.888091
Te        1.30640        1.67543        5.68853        2        0.196778        0.011395        -0.524024
Te        4.42113        3.44628        5.88491        2        -0.174714        0.620457        -0.959349
Te        1.32308        1.65742        2.09558        2        0.417889        0.157895        -0.024064
Te        4.43698        0.07640        2.09002        2        0.337511        -0.311263        0.005727
Te        1.27706        5.19674        5.69089        2        0.062820        0.252114        -0.404030
Te        4.34241        7.11976        5.74117        2        0.451875        -0.090367        -0.519176
Te        1.40861        5.17736        2.09498        2        -0.510773        0.543193        -0.839101
Te        4.46852        3.57582        2.21460        2        0.361723        0.174447        -0.869805
Te        1.20339        8.76814        5.70030        2        0.587107        -0.055387        -0.853432
Te        4.47060        10.61257        5.70927        2        -0.632208        0.298094        0.448758
Te        1.39947        8.78738        2.00269        2        -0.117885        -0.151270        0.185940
Te        4.49418        7.11841        2.21116        2        0.308249        -0.351115        -0.056294
Te        7.52672        1.89878        5.81884        2        -0.148874        0.023847        -0.066831
Te        10.80934        3.67474        5.85754        2        -0.180304        0.190350        -0.590967
Te        7.68816        1.99898        2.22621        2        -0.754117        -1.088837        0.460977
Te        10.69232        0.12137        2.24685        2        -0.281287        -0.051223        -0.024933
Te        7.62471        5.48542        5.86954        2        -0.323659        -0.437932        0.063496
Te        10.83610        7.20415        5.73475        2        -0.334883        -0.280663        -0.073632
Te        7.59143        5.32639        2.23561        2        -0.045827        0.830229        -0.177541
Te        10.67081        3.61664        2.28350        2        0.263005        0.123764        -0.456920
Te        7.55412        8.95701        5.83420        2        -0.069563        -0.244540        -0.127005
Te        10.83041        0.07033        5.77458        2        -0.540311        -0.143732        0.606500
Te        7.61708        9.07996        2.26152        2        0.181854        -0.689063        -0.202049
Te        10.74996        7.16848        2.15304        2        -0.527476        0.223621        0.153524
Te        13.90962        1.76465        5.65814        2        0.475677        -0.455759        0.073574
Te        16.99494        3.45707        5.63328        2        0.100117        -0.105755        -0.479745
Te        13.76168        1.75352        2.09416        2        0.159457        -0.415629        0.239399
Te        16.93047        10.51988        1.99878        2        0.350423        0.527984        -0.113102
Te        13.99911        5.22784        5.66677        2        -0.363532        0.456458        -0.291949
Te        17.03732        7.04709        5.60058        2        0.069785        -0.159058        -0.350794
Te        13.87813        5.41015        2.08721        2        -0.168959        -0.846319        -0.220362
Te        17.08352        3.46588        1.94528        2        -0.543477        -0.315682        0.628419
Te        13.94195        8.84460        5.75208        2        -0.264743        -0.007153        -0.319435
Te        17.07031        10.44547        5.62799        2        -0.236734        0.673013        -0.259732
Te        13.82625        8.83776        2.05500        2        -0.118824        0.137922        0.105388
Te        16.89257        6.96463        2.04527        2        0.678447        0.305319        -0.318473
