54
Lattice="19.173937585 0.000456147 -0.025753600 -0.000245476 10.721779888 0.000007040 0.013560576 0.000001770 30.000000000" Properties=species:S:1:pos:R:3:tags:I:1:forces:R:3 energy=-320.56442107 stress= -4.04586 -8.46452 -2.54252 -0.33218 1.01036 -0.02936 pbc="T T T"
Mo        2.13537        0.06437        3.95510        1        0.208860        -0.053164        -1.171248
Mo        4.48806        1.76669        4.05067        1        -0.207760        0.692373        -0.050902
Mo        2.13797        3.66622        3.84089        1        0.330769        -0.607077        -1.206008
Mo        4.42547        5.35751        3.88594        1        0.085112        -0.194231        0.769718
Mo        2.01053        7.09165        3.81642        1        1.502059        0.309050        -0.401026
Mo        4.54768        8.87850        4.11978        1        -0.936726        0.278352        -0.792019
Mo        8.62773        10.63553        3.79450        1        -0.519818        1.031096        0.586713
Mo        10.84105        1.86179        4.01339        1        0.286851        -0.664078        0.297923
Mo        8.57424        3.54402        3.81564        1        0.029936        -0.338635        -1.235342
Mo        10.90141        5.36305        4.01857        1        -0.530753        -0.202676        -0.057188
Mo        8.47540        7.11230        3.75886        1        1.085509        -0.104663        -0.253389
Mo        10.82966        9.00737        3.99124        1        0.190543        -0.248723        0.059982
Mo        14.90007        0.01983        3.82143        1        0.820979        0.175654        1.132537
Mo        17.19572        1.85831        4.13308        1        0.541457        -0.738891        -0.964703
Mo        14.90109        3.51861        3.79801        1        0.458683        0.252114        0.993740
Mo        17.23745        5.26590        4.04971        1        -0.349933        0.134833        -1.147126
Mo        14.84599        7.17442        3.73709        1        0.994005        -0.031697        1.133258
Mo        17.23104        9.04686        3.97306        1        -0.283784        -0.217438        0.342401
Te        0.56975        1.87862        5.39189        2        0.177011        -0.254704        0.339056
Te        3.76457        3.75928        6.03873        2        0.391809        -0.852994        -1.111248
Te        6.14568        0.00257        2.52689        2        -0.591932        -0.053613        0.057720
Te        2.61514        1.78267        1.86922        2        0.844778        0.118088        0.986174
Te        0.55715        5.26930        5.39554        2        -0.180127        0.494928        0.082827
Te        3.70092        7.09433        5.92687        2        0.255211        -0.024741        -0.031022
Te        6.09409        3.47907        2.41678        2        -0.291448        0.233111        0.201914
Te        2.71056        5.40476        1.74480        2        -0.037297        -0.157425        0.842554
Te        0.51066        8.90800        5.43318        2        0.254973        0.134676        -0.247354
Te        3.86297        0.05317        5.96490        2        0.193610        -0.330401        0.902838
Te        6.09481        7.15433        2.36109        2        -0.694502        -0.083341        0.291031
Te        2.94222        9.00641        1.99501        2        -0.457965        -0.198375        0.249806
Te        7.14579        1.75450        5.43560        2        -0.731243        -0.145604        -0.387472
Te        10.19350        3.58084        5.93344        2        0.148563        0.350732        0.630174
Te        12.46748        0.05109        2.54435        2        -0.330501        -0.144300        -0.468099
Te        9.31352        1.74258        1.77535        2        -0.438949        0.088333        0.874802
Te        6.92631        5.25230        5.24601        2        -0.076773        0.568419        0.155533
Te        10.15208        7.18619        5.88101        2        0.035124        -0.134051        0.241938
Te        12.42930        3.44818        2.43778        2        0.188181        0.673985        -0.043688
Te        9.36886        5.26869        1.84018        2        -0.650316        0.426006        0.141559
Te        6.95934        8.84016        5.41242        2        0.680308        0.225686        -0.166884
Te        10.27886        0.06790        5.97197        2        -0.177119        -0.244307        -0.097568
Te        12.37466        7.15831        2.48403        2        -0.030252        0.048716        -0.374505
Te        9.15948        8.97024        1.83253        2        0.188833        -0.792050        -0.215916
Te        13.34072        1.80060        5.45025        2        0.109644        0.149981        -0.390518
Te        16.65739        3.58008        6.04103        2        -0.671082        0.278270        -0.059073
Te        18.92915        10.70932        2.42711        2        -0.632874        0.049869        0.594236
Te        15.69542        1.77476        1.91144        2        -0.314717        0.009843        -0.179614
Te        13.33782        5.38093        5.35088        2        0.196138        -0.057897        -0.052810
Te        16.60642        7.11704        5.85445        2        -0.277344        0.541270        -0.041194
Te        18.79316        3.40308        2.40813        2        -0.027062        0.866377        0.376476
Te        15.54288        5.37009        1.90541        2        0.243167        -0.305494        -0.214538
Te        13.32480        8.98550        5.34113        2        0.002054        -0.214758        0.098955
Te        16.70376        0.05653        6.08209        2        -0.504714        -0.485344        -0.959727
Te        18.85960        7.21735        2.39569        2        -0.885588        -0.309473        0.266856
Te        15.46081        8.97765        1.87026        2        0.397669        0.047735        -0.318387
