54
Lattice="20.272644424 0.000008540 -0.000615361 -0.000005198 10.639921383 0.000045896 0.042448411 0.000094922 30.000000000" Properties=species:S:1:pos:R:3:tags:I:1:forces:R:3 energy=-311.76803681 stress= -15.04723 -3.79955 1.98169 -2.40592 0.53901 1.25366 pbc="T T T"
Mo        2.76183        0.06129        3.64422        1        -1.410920        0.261405        -0.473618
Mo        5.99812        1.63752        4.04859        1        -0.881200        0.986439        -3.890902
Mo        2.70945        3.51986        3.44217        1        -2.544905        -0.421608        0.993162
Mo        6.13199        5.38565        3.85723        1        -1.819164        0.246548        0.454603
Mo        2.79089        6.83933        3.54678        1        -1.112990        2.709538        -0.959069
Mo        5.87312        8.84560        3.77986        1        -0.167758        0.348610        0.052982
Mo        9.12807        10.52007        3.93168        1        1.471407        -0.583156        -0.537081
Mo        13.03476        1.80502        4.16070        1        -1.743904        -0.090669        0.627596
Mo        9.40061        3.26615        3.78996        1        0.232097        0.499502        0.057265
Mo        12.61698        5.17466        4.20884        1        -0.156079        -0.400259        -0.976601
Mo        9.35110        6.93346        3.87587        1        -0.299097        0.513583        0.155195
Mo        12.84983        8.78794        4.24639        1        -0.644595        -0.819569        0.843197
Mo        16.20833        0.23918        4.32221        1        -0.527145        -0.853554        0.559484
Mo        19.31338        1.96342        3.99301        1        1.150158        0.774129        -0.120235
Mo        15.95163        3.63479        4.25035        1        -0.305782        0.534099        -1.020386
Mo        19.45499        5.40129        3.77402        1        0.098971        -1.013466        0.592820
Mo        15.99523        7.45431        4.31109        1        1.053099        -0.995269        -0.760488
Mo        19.73126        8.69858        3.73255        1        0.117857        2.973158        -1.812831
Te        1.37938        1.69903        5.64395        2        0.578382        0.710504        -1.322263
Te        4.63726        3.58913        5.32243        2        0.832209        0.120042        1.471388
Te        1.19794        1.73249        2.09314        2        -0.001413        0.211782        -0.257694
Te        4.78772        10.60488        1.93560        2        1.093517        0.503757        0.386039
Te        1.65512        5.16618        5.26176        2        -0.997722        0.213698        0.761325
Te        4.55584        7.20252        5.45952        2        1.503303        -0.852362        0.884168
Te        1.26694        5.33979        1.82301        2        0.363830        -0.610157        0.106101
Te        4.87329        3.65075        2.04936        2        1.478178        -0.545950        -0.301266
Te        1.56964        8.98802        5.27340        2        1.116473        -1.673671        0.664751
Te        4.63389        0.03710        5.55559        2        0.503802        -0.886365        1.001543
Te        1.85026        8.94446        1.65161        2        -0.588231        -0.768673        1.439703
Te        5.00564        7.08867        1.94878        2        0.092376        -0.518261        -0.237757
Te        8.13187        1.73205        5.51362        2        0.091096        -0.375228        2.346125
Te        11.24341        3.37080        5.92203        2        1.109234        0.012143        -1.015159
Te        8.01598        1.44384        2.09543        2        0.393279        1.021581        -0.120603
Te        11.77826        10.59192        2.60579        2        -0.787847        -0.144921        -1.304473
Te        8.27456        5.20536        5.61650        2        -0.286389        -0.551159        0.056455
Te        11.39515        6.83184        5.79371        2        -0.070902        1.272167        0.742039
Te        8.16668        5.10079        2.24422        2        1.242967        0.169562        -1.557421
Te        11.84658        3.24330        2.20262        2        -0.453673        1.099907        0.680535
Te        8.03822        8.68397        5.54381        2        -0.267419        -0.034216        0.540855
Te        11.35273        10.58473        5.69090        2        0.559223        0.046034        0.731253
Te        8.16163        8.74232        2.10452        2        0.107353        -0.313664        0.016538
Te        11.61018        7.04095        2.39084        2        0.590972        -0.171276        -0.126108
Te        14.80460        2.10300        6.16856        2        1.022026        -0.957427        -0.370196
Te        18.14640        3.84230        5.76288        2        1.138951        -0.482066        -0.223763
Te        15.15878        1.67300        2.38394        2        -0.668054        1.363802        0.217226
Te        18.23475        0.18169        2.36747        2        0.028356        -1.140188        -0.337339
Te        14.83474        5.51242        6.00426        2        -0.103450        0.144979        -0.589944
Te        18.66344        7.30863        5.56401        2        -1.138629        -1.462557        1.495112
Te        14.78825        5.52741        2.57567        2        0.538175        -0.011576        0.187522
Te        17.93458        3.61276        2.17805        2        0.568695        0.380959        0.843830
Te        15.03060        9.13721        6.23167        2        -0.115733        -0.005258        -0.997244
Te        18.90835        10.57087        5.60562        2        -1.590460        -0.063690        0.843395
Te        14.87728        9.12158        2.49978        2        0.877988        -0.322455        0.437897
Te        18.30479        7.15773        2.18596        2        -1.234989        -0.039019        -0.866587
