54
Lattice="18.429676749 0.000008540 -0.000615361 -0.000005198 11.491115093 0.000045896 0.042448411 0.000094922 30.000000000" Properties=species:S:1:pos:R:3:tags:I:1:forces:R:3 energy=-313.70118454 stress= -2.08140 -12.79137 0.26811 2.17020 1.34669 -0.68794 pbc="T T T"
Mo        2.37934        11.47982        3.89499        1        -1.021761        1.068220        -1.239112
Mo        5.55354        2.01792        4.00518        1        -2.014667        0.126710        0.714844
Mo        2.52807        3.70385        4.13499        1        -0.446287        0.539152        -0.161256
Mo        5.62482        5.74249        3.98437        1        -0.407730        -2.462324        -0.522025
Mo        2.50208        7.63491        4.07531        1        -0.562232        -0.166771        -1.895834
Mo        5.54098        9.54054        3.85300        1        -0.605839        0.371982        1.029905
Mo        8.15142        0.15887        4.10432        1        1.579666        -1.764082        -2.346371
Mo        11.34448        2.00375        3.83945        1        -0.429166        -0.256179        -0.497259
Mo        8.53073        3.81167        3.98021        1        -1.923815        -0.521909        -0.604200
Mo        11.56736        5.72729        4.05543        1        -1.256678        -0.240248        -0.538378
Mo        8.55684        7.66452        3.93004        1        -1.211757        -0.874686        -0.174434
Mo        11.27860        9.55273        3.69187        1        0.783385        -0.015767        0.654839
Mo        14.25645        0.10521        3.62790        1        1.472359        0.339967        -0.397916
Mo        17.91339        1.99091        3.75063        1        -1.382679        0.728819        0.187307
Mo        14.46406        3.54174        4.15280        1        -0.474744        0.610062        -2.845178
Mo        17.41886        5.68203        4.04952        1        1.614760        0.499541        -0.273047
Mo        14.57384        7.59995        3.89039        1        0.108663        0.642726        0.512900
Mo        17.72328        10.04030        3.95368        1        0.724329        -3.077767        -0.427017
Te        1.37066        1.85329        5.70155        2        0.008239        -0.158690        0.355523
Te        4.75760        3.77478        6.00585        2        -1.300625        0.475008        -1.293012
Te        1.65263        1.94847        2.09986        2        -0.520817        0.199589        0.292554
Te        4.42693        0.11701        2.16620        2        0.825532        -0.509746        0.104928
Te        1.20596        5.79633        5.68674        2        0.551164        -0.561541        0.289077
Te        4.64740        7.45564        5.56009        2        -0.394993        2.140778        2.170085
Te        1.39115        5.49004        2.30616        2        -0.357298        0.853134        1.019705
Te        4.44695        3.85102        2.28964        2        0.599606        0.276333        -0.031129
Te        1.57762        9.71065        5.73812        2        -1.151607        -0.779749        0.102383
Te        4.31010        0.06129        5.50497        2        2.449658        -0.483046        1.712520
Te        1.50995        9.52167        2.25241        2        -0.523092        -0.194414        -0.079394
Te        4.73624        7.59789        2.18577        2        -1.229138        -0.042171        -0.149872
Te        7.49169        1.91325        5.82765        2        -0.292294        1.174189        1.089507
Te        10.31269        3.91822        5.81196        2        2.314776        -0.576252        0.182176
Te        7.34957        1.88923        2.21921        2        1.255078        0.831560        -1.180531
Te        10.18516        11.47577        2.12193        2        0.577657        1.103279        0.493196
Te        7.56267        5.56982        5.87227        2        0.283037        1.210508        -0.844490
Te        10.59086        7.71104        5.64265        2        0.081098        0.107167        0.452770
Te        7.53299        5.58639        2.15380        2        0.437907        0.809665        0.156661
Te        10.47637        3.99359        2.16258        2        0.426462        -0.393209        0.060733
Te        7.57592        9.50620        5.71135        2        -1.076362        -0.069825        0.224430
Te        10.22092        11.41991        5.62209        2        1.778869        0.370697        0.188941
Te        7.58793        9.76179        2.20166        2        -0.512154        -1.233925        -0.352226
Te        10.48689        7.46979        2.12979        2        0.411719        0.217874        -0.347544
Te        13.19014        1.57335        5.63118        2        1.004224        0.804250        0.601737
Te        16.60487        3.57941        5.60054        2        0.887869        0.370266        1.438675
Te        13.42125        2.18029        1.85803        2        -0.141647        -0.949812        1.631408
Te        16.76196        0.25374        2.01142        2        -0.632973        -0.485522        0.181535
Te        13.61773        5.61748        5.77117        2        0.430812        0.368396        0.180663
Te        16.74957        7.72055        5.86275        2        -0.760853        0.615924        -1.183391
Te        13.61885        5.59712        2.32810        2        0.211787        -0.027042        -0.077484
Te        16.60473        3.97492        2.17503        2        -0.232539        -1.063462        0.150296
Te        13.42768        9.65716        5.38231        2        0.148816        -0.335137        0.133577
Te        16.49525        0.29937        5.45796        2        -0.365048        -0.114465        0.174072
Te        13.37270        9.58981        1.88345        2        0.404464        -0.358183        0.803351
Te        16.76496        7.67010        2.28924        2        -0.208126        0.882186        0.141647
