54
Lattice="19.173937585 0.000456147 -0.025753600 -0.000245476 10.309403738 0.000007040 0.013560576 0.000001770 30.000000000" Properties=species:S:1:pos:R:3:tags:I:1:forces:R:3 energy=-316.14345750 stress= 0.85097 2.34233 -3.64027 -0.89645 -0.31142 -0.29993 pbc="T T T"
Mo        2.20648        10.30137        3.60610        1        0.111804        0.125100        -0.412739
Mo        4.50123        1.81882        3.92614        1        -0.649060        0.144580        -1.224224
Mo        2.34118        3.40269        3.70596        1        -2.109276        -0.256932        0.886711
Mo        4.38743        4.96318        3.82705        1        1.220354        1.669942        1.599265
Mo        2.17115        7.02748        3.73941        1        -0.339132        -1.385970        0.237494
Mo        4.33984        8.44332        3.76759        1        1.353927        0.934911        0.537210
Mo        8.57770        0.20545        3.80990        1        -0.734720        0.366072        2.704777
Mo        10.94742        1.68640        4.02866        1        -0.638256        0.240663        1.779690
Mo        8.53213        3.48462        3.88149        1        0.711520        -0.647053        -0.439218
Mo        10.87479        4.86705        4.01141        1        0.177519        -0.177881        0.175875
Mo        8.77875        6.67133        3.82499        1        -2.409653        1.227582        -1.498369
Mo        11.08265        8.99406        4.14239        1        -1.378255        -1.535293        -0.516851
Mo        14.64718        0.01643        3.96337        1        2.503725        -0.053468        -0.344711
Mo        17.11572        1.75875        3.97180        1        0.887173        0.102367        0.865111
Mo        14.91779        3.42614        4.05106        1        0.333550        -0.264751        -0.105121
Mo        17.21131        5.01142        4.10608        1        0.559417        0.801883        0.364688
Mo        14.97542        6.85511        3.92780        1        -0.329918        0.063123        -2.493818
Mo        17.30793        8.70836        3.96061        1        -0.476909        0.239585        1.365925
Te        0.55294        1.59100        5.32281        2        0.153906        0.239343        -0.535839
Te        3.83015        3.38555        6.02788        2        -0.421627        0.351847        -0.621948
Te        6.10516        0.13450        2.37930        2        0.195149        -0.597681        0.053326
Te        2.96809        1.82822        1.60494        2        -0.296240        -0.847742        0.755528
Te        0.54269        5.25770        5.50776        2        0.504107        -0.482738        -0.703929
Te        3.98534        6.78794        5.90000        2        -0.666123        0.195488        -0.940317
Te        6.15110        3.44157        2.41832        2        0.205413        0.088672        -0.691468
Te        2.79810        5.11946        1.63846        2        -0.230406        0.443090        0.762835
Te        0.73826        8.66714        5.44815        2        -0.504904        0.086054        -0.523920
Te        4.08670        0.03823        5.75407        2        -1.197074        -1.335227        0.242650
Te        5.98344        6.86006        2.34042        2        0.690656        -0.274593        -0.312459
Te        2.54987        8.50936        1.51423        2        0.488948        0.485193        1.014880
Te        6.70403        1.93771        5.49909        2        1.898077        -0.726594        -0.302505
Te        10.04822        3.27308        6.22198        2        0.368378        0.643876        -1.593750
Te        12.45496        0.00265        2.37888        2        -0.709115        0.184088        -0.839499
Te        9.33493        1.80753        1.85646        2        -0.140428        0.257145        -0.061865
Te        6.91743        5.12875        5.36988        2        0.006310        0.370227        -0.097488
Te        10.28426        6.70980        5.82401        2        0.635217        0.987685        1.554983
Te        12.57429        3.24206        2.55624        2        -0.580571        1.203445        -0.633294
Te        9.25240        5.16193        1.72428        2        0.353227        -0.488558        0.681722
Te        6.93866        8.49224        5.27434        2        0.065835        0.417885        -0.332614
Te        10.11440        0.09255        6.21803        2        -0.262020        -0.243163        -1.231511
Te        12.42853        6.80981        2.50550        2        -0.208432        0.363656        0.527212
Te        9.27369        8.79110        2.07887        2        0.543155        -1.678002        -0.826274
Te        13.34156        1.71038        5.64360        2        -0.479782        0.571497        -0.046581
Te        16.61953        3.68682        6.33863        2        -0.106839        -1.327175        -1.357133
Te        18.62444        9.97565        1.97353        2        0.533849        1.410178        1.098828
Te        15.28155        1.77142        1.96154        2        0.966817        -0.211644        0.121901
Te        13.36890        5.27951        5.43063        2        -0.517854        -1.054011        0.725328
Te        16.54488        6.97353        5.96617        2        1.039906        0.034864        0.634420
Te        18.92213        3.31599        2.54286        2        -0.626528        0.158544        -0.478566
Te        15.49131        5.09062        1.96525        2        0.391858        0.204004        0.064116
Te        13.41178        8.47775        5.43534        2        -0.422359        0.250655        1.518202
Te        16.48307        0.14287        5.97308        2        0.359269        -0.696670        -0.175991
Te        18.81716        6.68777        2.57976        2        -0.203286        0.496688        -0.659046
Te        15.60651        8.77061        1.96530        2        -0.646064        -1.065545        -0.237359
