54
Lattice="18.429676749 0.000008540 -0.000615361 -0.000005198 11.065518238 0.000045896 0.042448411 0.000094922 30.000000000" Properties=species:S:1:pos:R:3:tags:I:1:forces:R:3 energy=-314.62340931 stress= -2.06389 -6.95889 -2.43925 1.76229 -2.66108 0.81830 pbc="T T T"
Mo        2.43769        10.99023        4.11441        1        0.351275        0.844942        -1.786405
Mo        5.55179        1.90707        3.81448        1        -0.287545        -0.119942        1.360070
Mo        2.44927        3.58413        3.86671        1        -0.737391        -0.054105        -0.028438
Mo        5.26422        5.44709        3.77155        1        0.792828        0.661197        0.670360
Mo        2.48547        7.16509        3.89116        1        -1.547929        -0.818807        0.532043
Mo        5.22772        9.23340        3.79134        1        2.234669        0.036709        1.989832
Mo        8.35584        10.83347        4.01415        1        1.207433        2.056894        1.324735
Mo        11.30855        1.82338        3.96459        1        1.778590        -0.432152        0.006482
Mo        8.56702        3.53253        3.97704        1        0.412462        2.017565        -1.070105
Mo        11.57516        5.54922        3.90511        1        0.348224        2.131063        0.167048
Mo        8.44280        7.45945        3.86467        1        0.534753        -0.329522        0.327007
Mo        11.61032        9.20800        3.94667        1        0.198816        0.994063        1.730838
Mo        14.86623        0.26279        3.77657        1        -2.059328        -0.527495        1.411834
Mo        17.74255        1.81700        4.04181        1        0.303641        -0.243389        -0.321848
Mo        14.46303        3.70894        3.93671        1        -2.303697        -0.565170        -0.003762
Mo        17.46728        5.37140        4.06083        1        1.103756        1.322941        -0.874972
Mo        14.60255        7.36070        4.06978        1        0.375231        1.068562        -2.583489
Mo        17.44270        9.41798        3.91883        1        0.033456        0.019180        -1.654164
Te        1.81357        1.75206        5.94353        2        -2.137522        0.144905        -0.900946
Te        4.30330        3.52911        5.80148        2        1.573887        0.863208        -1.207132
Te        1.35780        1.80210        2.12258        2        0.044616        -0.434743        1.171308
Te        4.35166        0.11265        2.10820        2        -0.136419        -0.142291        0.203112
Te        1.43886        5.30002        5.75341        2        -0.915185        0.618545        -0.792439
Te        4.40326        7.26110        5.64852        2        0.303183        0.166264        0.259278
Te        0.89333        5.48649        2.07858        2        1.498772        -0.438147        0.809212
Te        4.42291        3.64059        1.98372        2        -0.195031        0.015341        0.051476
Te        1.15256        9.15037        5.52953        2        1.177173        -0.614426        1.333186
Te        4.71201        11.04885        5.78813        2        -1.182183        0.418889        -0.918759
Te        1.25153        8.92586        2.42557        2        -0.185816        1.841336        -1.628594
Te        4.37352        7.62270        1.98783        2        -0.482774        -2.087512        -0.712525
Te        7.61067        1.92742        5.75177        2        -0.756292        -1.424291        0.201651
Te        10.73752        3.77877        5.71598        2        -1.128914        -0.256171        0.581377
Te        7.67434        1.80161        2.12732        2        -0.427408        -0.472155        0.099572
Te        10.42164        10.83805        2.22469        2        -0.093621        1.159223        -0.041932
Te        7.48938        5.40569        5.55130        2        -0.731937        0.700969        -0.147107
Te        10.38955        7.54916        5.82928        2        0.537023        -0.765063        -1.110666
Te        7.43780        5.60833        2.01558        2        0.150184        -0.486112        0.966657
Te        10.56078        3.88111        2.24126        2        -0.421842        -1.364913        -1.483173
Te        7.22783        9.06923        5.83062        2        0.526288        -0.036415        -1.154352
Te        10.68555        0.01385        5.88809        2        -0.983773        -0.571482        -0.819015
Te        7.48011        9.30886        2.14454        2        -1.186790        -1.011448        -0.904449
Te        10.78322        7.60301        2.09126        2        -1.336209        -1.788003        0.075477
Te        13.73221        1.81568        5.77465        2        -1.297482        0.104366        -0.913395
Te        16.40933        3.61646        5.68935        2        1.252983        -0.275353        1.425343
Te        13.19576        1.74017        2.02988        2        1.152616        0.885594        0.729490
Te        16.73330        0.30738        1.94579        2        0.798531        -0.848624        0.256436
Te        13.55623        5.66755        5.67063        2        0.054431        -0.992801        1.374274
Te        16.83005        7.57233        5.65923        2        -1.202406        -1.592188        1.024851
Te        13.66429        5.48363        1.97528        2        -0.465470        0.573241        1.230842
Te        16.40287        3.52020        2.31492        2        1.834811        0.347065        -1.103992
Te        13.75263        9.35764        5.66021        2        -0.092261        0.334653        -0.241330
Te        16.60339        0.05782        5.82089        2        0.816567        0.512269        0.139942
Te        13.64838        9.51197        2.12731        2        0.468354        -1.147646        0.469472
Te        16.51267        7.38580        2.16094        2        0.424819        0.003219        0.503709
