54
Lattice="18.429676749 0.000008540 -0.000615361 -0.000005198 11.065518238 0.000045896 0.042448411 0.000094922 30.000000000" Properties=species:S:1:pos:R:3:tags:I:1:forces:R:3 energy=-317.09577421 stress= -0.00655 -5.80295 2.44262 -2.15564 0.19330 0.32436 pbc="T T T"
Mo        2.49841        10.95608        3.99358        1        -0.675398        1.228087        0.255221
Mo        5.30719        1.70998        3.93116        1        1.349072        1.979347        -0.629006
Mo        2.54541        3.71469        4.00999        1        -0.409883        0.078704        -0.727483
Mo        5.40366        5.64360        4.03307        1        0.484905        -1.109177        -0.220318
Mo        2.38598        7.45077        4.13192        1        -0.879106        0.076665        0.510931
Mo        5.30340        9.06936        4.10926        1        0.144400        1.805775        -1.982588
Mo        8.44576        10.97416        4.00843        1        -0.124396        -0.317894        -3.390771
Mo        11.44218        1.83345        3.59377        1        0.039307        -0.236383        1.657271
Mo        8.39358        3.43306        3.88292        1        0.557440        0.419945        -1.543644
Mo        11.49900        5.33086        3.69014        1        -0.711897        1.445710        -0.045755
Mo        8.38627        7.20713        3.80481        1        0.714531        0.258012        0.373447
Mo        11.49232        9.12446        3.77898        1        -0.597988        -0.128752        1.152042
Mo        14.40431        11.06027        3.95371        1        0.369945        0.463885        -0.966017
Mo        17.88395        2.12372        4.03236        1        0.101397        -1.832637        -1.197767
Mo        14.71499        3.86698        3.70695        1        -0.849972        -2.238552        1.400449
Mo        17.66340        5.70718        4.10750        1        1.225863        -0.123254        0.175655
Mo        14.52688        7.36998        4.01602        1        0.827544        1.342158        -0.052695
Mo        17.69426        9.19309        4.15474        1        0.898596        1.034312        0.713867
Te        1.66014        1.95149        5.72784        2        -1.136358        -1.161352        0.466202
Te        4.51626        3.73289        5.81127        2        0.401928        -0.169986        -0.163388
Te        1.59714        1.89392        2.21162        2        -0.962342        -0.253813        0.413153
Te        4.32746        0.16744        2.01383        2        0.405026        -1.663796        0.438242
Te        1.41200        5.39773        5.72061        2        -0.317349        1.279379        1.014514
Te        4.43965        7.38223        5.92622        2        -0.322776        -0.364928        0.531481
Te        1.46461        5.56410        2.31148        2        -0.795211        0.505043        0.330952
Te        4.37844        3.86574        2.14404        2        0.989659        -0.502153        0.202625
Te        1.28794        9.44944        5.96153        2        0.523602        -0.889673        -0.483574
Te        4.59640        0.04865        5.80516        2        -1.164239        -1.168562        0.514528
Te        1.37219        9.22511        2.18880        2        -0.306202        -0.133507        1.044420
Te        4.24239        7.36817        2.31945        2        0.729851        0.317942        -1.010867
Te        7.47186        1.66861        5.69150        2        -0.438312        0.474784        0.564125
Te        10.52337        3.73189        5.66343        2        0.033321        -1.012527        -1.114468
Te        7.40221        1.58572        2.06842        2        -0.407313        0.312155        0.668072
Te        10.50521        10.89794        1.99442        2        -0.584790        0.234348        0.033469
Te        7.67974        5.22146        5.64272        2        -1.354911        1.470551        0.527318
Te        10.29836        7.34980        5.61187        2        1.653680        -0.631838        -0.528964
Te        7.34551        5.53392        2.05638        2        -0.175447        -1.140531        0.261144
Te        10.30736        3.41783        1.91269        2        0.041721        1.530859        -0.434771
Te        7.49841        9.09737        5.57737        2        -0.020978        -0.610613        1.696759
Te        10.56686        0.02856        5.45020        2        0.611936        -0.129064        1.229055
Te        7.35708        9.07638        2.21233        2        -0.612096        0.700882        -0.150629
Te        10.33755        7.42682        1.89132        2        0.745518        -1.021530        0.833331
Te        13.33196        1.92197        5.48849        2        1.172302        0.668602        0.052919
Te        16.71551        3.78549        5.62268        2        -1.125637        0.307605        1.855283
Te        13.55201        1.82132        1.89717        2        0.782697        0.215541        0.701249
Te        16.70523        10.93764        2.43648        2        0.001136        1.510847        -0.733286
Te        13.49897        5.47727        5.53741        2        -0.080547        -0.325702        0.585149
Te        16.50060        7.61114        5.99384        2        0.222358        -0.999017        -0.486386
Te        13.75040        5.62676        2.05906        2        -0.855555        0.342725        -0.795394
Te        16.91393        3.94730        2.24492        2        0.099267        -0.534187        -1.201746
Te        13.43675        9.35716        5.78331        2        -0.114151        -1.057744        -0.348528
Te        16.52051        0.23806        5.68927        2        0.529217        -0.175557        0.177802
Te        13.56440        9.13467        2.19129        2        0.662539        0.122401        -0.861782
Te        16.83709        7.48799        2.39340        2        -1.329707        -0.193123        -1.300717
