54
Lattice="19.940895089 0.000456147 -0.025753600 -0.000245476 10.721779888 0.000007040 0.013560576 0.000001770 30.000000000" Properties=species:S:1:pos:R:3:tags:I:1:forces:R:3 energy=-314.84087611 stress= -9.82845 -5.16450 -0.36390 -0.07610 -0.69205 -0.13071 pbc="T T T"
Mo        2.29655        0.05043        3.70594        1        0.139138        -0.690017        -0.771996
Mo        4.68657        1.85201        3.93128        1        -0.622445        0.121659        -0.116789
Mo        2.16072        3.46779        3.82179        1        1.703340        0.799558        -1.468540
Mo        4.71013        5.23940        4.00967        1        -1.134748        0.615628        -0.922704
Mo        2.32944        7.14797        3.63224        1        -0.034938        -0.141469        0.792398
Mo        4.61289        9.17482        3.63283        1        -0.092308        0.504097        1.181923
Mo        8.87308        0.14040        3.65372        1        -0.629990        -0.451917        0.197266
Mo        11.13668        1.38533        3.97440        1        1.125189        1.586484        1.330987
Mo        8.97916        3.63357        3.66452        1        -0.195287        0.414682        1.160652
Mo        11.26835        5.85667        3.85046        1        -0.865012        -1.677844        0.967182
Mo        8.79638        7.06525        3.59827        1        -0.398976        2.891828        1.643721
Mo        11.03866        8.89574        3.95092        1        1.703816        0.445296        2.446206
Mo        15.57736        0.03426        4.17496        1        -0.028162        -0.093582        0.797224
Mo        18.05298        1.48072        4.30977        1        -1.162382        1.479747        -0.059934
Mo        15.56120        3.48513        3.93615        1        -0.084118        -0.671889        1.483766
Mo        17.98809        5.10981        4.02472        1        -0.292032        -0.074585        0.057673
Mo        15.69257        6.81590        3.94390        1        0.332423        0.139334        0.038805
Mo        18.13512        9.15893        4.44719        1        -0.159718        -1.767607        -1.887596
Te        0.77925        1.84838        5.25685        2        -0.755239        -1.249130        1.664938
Te        3.89207        3.59256        5.92389        2        0.226452        -0.007819        0.257017
Te        6.30310        0.32161        2.11420        2        -0.175332        -0.726250        0.537711
Te        2.95632        1.74743        1.80760        2        0.092220        0.566583        -0.163437
Te        0.50823        5.29791        5.18919        2        1.325481        0.097780        0.329731
Te        4.07995        7.30714        5.65944        2        0.075284        0.244256        -0.132558
Te        6.29971        3.66893        2.57119        2        0.504204        0.035526        -0.893832
Te        2.95628        5.25771        1.81026        2        0.120860        -0.207383        0.510835
Te        0.88560        8.98561        5.21187        2        -0.221374        -0.301070        0.647885
Te        3.88451        0.14531        5.82482        2        0.901869        -0.576129        -0.182325
Te        6.12822        7.23212        2.36827        2        0.297715        -0.308051        -0.350929
Te        2.51243        8.83772        1.60749        2        1.054533        0.835841        0.589064
Te        7.22278        1.99328        5.15383        2        0.374274        -0.539946        0.336506
Te        10.71203        3.48818        5.85180        2        -0.708185        0.511645        -1.174317
Te        13.03661        10.61757        2.77409        2        0.015934        0.006985        -0.460555
Te        9.61034        1.87585        1.82194        2        0.195222        0.324480        -1.275957
Te        7.27455        5.59035        5.23054        2        -0.310302        -0.819525        0.279125
Te        10.18234        7.23893        6.00640        2        0.612399        -0.228782        -1.339496
Te        12.59603        3.53599        2.97872        2        0.884508        0.236379        -0.403300
Te        9.37885        5.53529        1.76742        2        1.217437        -1.571971        -1.735272
Te        7.22643        9.10457        4.99859        2        -0.903554        -0.193485        -0.023681
Te        10.27294        0.04410        6.11597        2        0.139898        -0.702204        -1.246386
Te        12.87889        7.34948        2.30648        2        0.164032        -0.461646        0.174371
Te        9.91864        9.16060        1.66044        2        -1.605222        -0.482791        -0.013900
Te        13.87461        1.70447        5.52234        2        0.104164        0.041334        -0.373301
Te        17.39227        3.49885        6.07582        2        -0.532940        -0.511951        -0.370090
Te        19.59439        10.71109        2.73747        2        0.283378        -0.283004        -1.068977
Te        16.32699        1.60933        2.16114        2        0.048147        0.260008        0.010330
Te        13.81330        5.39920        5.31156        2        0.271886        0.255155        -0.237837
Te        17.61023        6.94033        6.08960        2        -0.932191        0.332731        -0.957721
Te        19.64230        3.31124        2.43323        2        -0.659730        0.420866        0.252180
Te        16.35363        5.00935        1.94933        2        -0.439792        1.208010        -0.459108
Te        13.70272        8.66532        5.43680        2        0.491745        0.476675        -0.230401
Te        17.19473        10.51067        6.36937        2        -0.434283        1.284440        0.639825
Te        19.62083        7.14463        2.70638        2        -0.803767        -0.107327        -0.050572
Te        16.48217        9.03760        2.32707        2        -0.219025        -1.296264        0.044228
