54
Lattice="18.429676749 0.000008540 -0.000615361 -0.000005198 14.470293080 0.000045896 0.042448411 0.000094922 30.000000000" Properties=species:S:1:pos:R:3:tags:I:1:forces:R:3 energy=-299.63549681 stress= -6.13080 -3.11772 -2.31457 -0.23754 0.55009 -1.30411 pbc="T T T"
Mo        0.08601        1.14604        3.23370        1        1.298738        1.424312        2.564316
Mo        5.90022        4.94342        4.30348        1        -0.130171        2.479311        -0.381297
Mo        4.14747        7.65894        4.13714        1        1.285120        -1.084143        -1.369052
Mo        7.32275        6.78377        4.16301        1        -1.598010        -1.806407        -3.312680
Mo        0.51611        10.14838        4.81382        1        -0.751350        0.043288        -1.092799
Mo        2.44524        0.04961        4.65469        1        -1.504715        0.215230        -0.384626
Mo        6.76775        1.29055        4.55809        1        0.220281        1.075490        0.244020
Mo        11.69441        0.63270        4.10430        1        -0.282975        -0.019894        0.137168
Mo        8.74863        4.09236        4.03448        1        -1.289202        0.219457        -0.189941
Mo        12.02251        4.75681        3.51622        1        0.433368        -1.404010        -1.575721
Mo        10.97738        6.27959        3.23368        1        -1.174904        1.860562        0.899944
Mo        13.16175        11.78136        4.50615        1        -2.020541        -1.368880        0.487487
Mo        14.46692        13.93419        3.78789        1        1.438015        0.758735        -0.722244
Mo        0.32715        4.00204        3.80765        1        0.048586        0.067308        0.341155
Mo        15.25805        5.51000        3.12407        1        0.276960        -0.210850        1.116690
Mo        18.16696        6.57703        3.34176        1        0.474103        0.581990        -0.650449
Mo        15.34595        7.50298        3.24330        1        -0.700410        0.324883        0.352476
Mo        17.75866        12.80175        4.00968        1        -0.093340        0.065436        0.637828
Te        1.81721        5.94454        4.95349        2        0.370284        -0.241723        -0.007326
Te        5.91994        7.68633        6.08919        2        -0.979918        -0.169007        1.539336
Te        2.37901        2.47542        2.60800        2        -0.153134        -0.122306        0.351043
Te        1.36350        13.51754        2.33764        2        1.487750        0.066231        0.156288
Te        2.95646        9.39501        5.82192        2        -0.431195        0.174419        -0.401934
Te        1.75824        12.44432        6.28261        2        -0.512018        0.183346        -0.844708
Te        1.83186        8.13587        2.59017        2        0.093277        0.341277        0.241762
Te        4.41406        5.55532        2.08955        2        -0.132483        0.760271        1.037999
Te        17.02414        11.61747        6.44199        2        0.791258        -0.737557        -1.011232
Te        1.02207        2.16160        5.73535        2        0.103157        -0.891583        -0.167134
Te        0.04121        10.76583        2.09781        2        -0.242397        -0.204391        1.366903
Te        6.32345        8.53083        2.24096        2        -1.123613        -0.644217        0.942067
Te        6.90610        3.41641        6.22623        2        1.027849        -0.326218        -0.123556
Te        10.81715        3.07901        5.28548        2        0.767740        -0.846490        2.110212
Te        6.46361        2.98041        2.49379        2        0.941835        -0.570150        0.437775
Te        8.97418        14.45617        4.90903        2        0.385127        0.200516        -0.428416
Te        9.32666        6.47268        5.72401        2        1.422064        -1.018120        -0.217604
Te        12.56208        8.31228        2.06693        2        0.195410        -0.063357        0.179524
Te        8.58877        5.57689        1.78401        2        0.806141        0.578580        0.422962
Te        10.43952        2.56940        2.25233        2        -0.207659        0.277040        0.375157
Te        4.67773        0.58116        6.31361        2        -0.252457        1.043603        1.775382
Te        13.33592        13.76142        6.17761        2        -1.016799        1.307289        0.284976
Te        4.98709        13.76067        4.10266        2        0.444043        -1.452867        -2.140145
Te        10.90481        10.51291        3.69193        2        1.141763        0.343111        -0.050247
Te        13.97940        2.12083        3.40493        2        0.501105        1.204434        1.022744
Te        16.52516        4.07612        5.37336        2        0.318691        0.425368        -0.789069
Te        12.94028        0.37570        1.74457        2        -0.567492        -1.298165        -0.977836
Te        16.65181        14.44752        2.06079        2        -1.695990        -0.947412        -1.363165
Te        13.49049        6.21499        5.40323        2        0.673547        -0.232584        -0.965800
Te        17.18997        8.05685        5.35347        2        -0.149131        0.141340        0.087282
Te        13.63398        5.55430        0.99742        2        -0.590982        -0.101298        0.447482
Te        17.69302        4.63032        1.44133        2        -0.589830        0.149987        0.329967
Te        14.37976        10.11639        5.97942        2        0.122216        -0.337153        0.728716
Te        16.67095        0.46585        5.48247        2        0.061282        -0.241353        -1.008868
Te        14.99475        11.54979        2.79589        2        0.863154        0.143589        -0.967371
Te        17.01879        8.12241        1.17267        2        0.170987        -0.115345        0.530570
