54
Lattice="19.940895089 0.000456147 -0.025753600 -0.000245476 10.309403738 0.000007040 0.013560576 0.000001770 30.000000000" Properties=species:S:1:pos:R:3:tags:I:1:forces:R:3 energy=-316.60463422 stress= -8.09052 -2.34517 0.47300 0.30565 0.32753 -0.42954 pbc="T T T"
Mo        2.25154        0.08080        4.05525        1        -0.621890        -1.783298        -0.582857
Mo        4.50240        1.77679        4.18241        1        0.867302        -0.532328        -0.245468
Mo        2.06060        3.46959        4.11233        1        1.076005        -0.546020        -0.304895
Mo        4.73094        5.05196        4.30201        1        -0.945375        1.190692        -0.177836
Mo        2.25801        6.80014        4.08808        1        1.011209        0.454214        0.734954
Mo        4.89306        8.57865        4.28786        1        -2.282124        -0.581167        -1.161280
Mo        8.77371        0.00521        3.58898        1        -0.701992        -0.006015        -0.394297
Mo        11.39104        1.76546        3.73994        1        -1.025724        0.033901        1.057072
Mo        8.88735        3.56379        3.86932        1        -0.977014        -1.334287        -1.009005
Mo        11.36381        5.02147        3.91947        1        0.989201        1.359452        0.989725
Mo        8.86907        7.01052        3.95674        1        1.520443        -0.870059        -0.677067
Mo        11.34368        8.60920        3.75129        1        -1.261847        -0.727753        0.168986
Mo        15.53719        0.05886        3.62444        1        0.221839        -0.154491        -0.042694
Mo        17.93267        1.55543        3.93995        1        -0.280909        0.604415        0.583339
Mo        15.59017        3.39147        3.67798        1        0.198546        0.553577        0.490683
Mo        18.01649        5.14518        3.97350        1        -0.781631        -0.253267        -0.876603
Mo        15.65122        7.04160        3.61285        1        -1.482862        -0.308169        1.147732
Mo        18.02919        8.58715        3.82156        1        -0.638259        -0.236111        0.288631
Te        0.41760        1.49944        5.47026        2        -0.125046        0.634588        0.386447
Te        3.89178        3.40270        6.22076        2        -0.196540        0.059637        0.155295
Te        6.04847        0.04281        2.42968        2        0.528354        0.024673        0.487445
Te        2.63618        1.75007        2.17938        2        1.059586        0.471029        -1.344394
Te        0.39268        4.99517        5.52004        2        0.292257        0.865775        0.467869
Te        4.20921        6.82281        6.36184        2        -0.460597        0.041339        -1.329892
Te        6.29857        3.47194        2.70491        2        -0.230243        -0.174597        -0.515227
Te        2.91607        5.11123        2.09443        2        0.429945        -0.097365        0.917435
Te        0.41591        8.54713        5.38981        2        0.496766        -0.234525        0.301740
Te        3.89248        10.29574        6.12644        2        0.409379        0.102802        0.558555
Te        6.37714        6.65083        2.61399        2        -0.278794        0.832721        0.512944
Te        3.15549        8.59112        2.15654        2        -0.370032        -0.191579        0.822119
Te        7.11515        1.75028        5.34036        2        0.699053        -0.515240        -0.083138
Te        10.47296        3.42844        5.83860        2        1.615788        -0.724607        0.991110
Te        12.79237        0.11454        2.18028        2        0.965955        0.065959        -0.454274
Te        9.51762        1.75124        1.79536        2        0.008157        0.637939        -0.619212
Te        7.66005        5.24369        5.61007        2        -1.449190        -0.415760        0.499656
Te        10.97614        6.72356        6.03053        2        -0.655199        1.084249        -1.674049
Te        13.08779        3.54526        2.40048        2        -0.226891        0.162716        -0.621638
Te        9.60558        5.20762        2.01424        2        -0.183658        0.164296        -1.528814
Te        7.32602        8.57127        5.41991        2        0.193224        1.020226        0.518374
Te        10.43447        0.02452        5.51303        2        0.938149        0.164577        2.232661
Te        13.12430        7.23956        2.27478        2        -0.289113        -1.698164        -0.445820
Te        9.35476        8.40802        1.64593        2        0.342454        0.952739        1.008226
Te        13.96109        1.86309        5.19530        2        -0.666317        -0.911952        0.077448
Te        17.08967        3.45945        5.90460        2        0.550807        -0.966758        -0.492675
Te        19.56738        0.06741        2.17142        2        -0.043359        -0.622762        0.913723
Te        16.39092        1.78283        1.71368        2        -0.199745        -0.283384        -0.080741
Te        13.93380        5.24124        5.33647        2        0.173167        -0.158809        -0.820402
Te        16.95309        6.67931        5.84302        2        1.163130        1.450246        0.333681
Te        19.64006        3.29718        2.50156        2        -0.074981        0.742363        0.050651
Te        16.20192        5.24229        1.83166        2        0.805784        -0.624554        -0.792171
Te        13.78311        8.69863        5.03203        2        0.620617        0.206639        0.805098
Te        17.18865        10.13894        5.92670        2        -0.235408        0.233356        -1.133217
Te        19.91235        6.86653        2.55481        2        -1.096448        -0.181000        -0.293979
Te        16.22428        8.60053        1.60675        2        0.632323        1.018555        0.180893
