54
Lattice="20.641237959 0.000008540 -0.000615361 -0.000005198 11.916711949 0.000045896 0.042448411 0.000094922 30.000000000" Properties=species:S:1:pos:R:3:tags:I:1:forces:R:3 energy=-307.17771468 stress= -23.94106 -23.95300 2.70779 -0.06741 -0.87860 -0.17955 pbc="T T T"
Mo        2.53474        11.89958        3.73566        1        0.046664        0.087880        1.365297
Mo        6.03296        1.97297        3.88862        1        0.344582        -0.411192        -0.199443
Mo        2.63742        4.03746        3.95563        1        -0.483047        -0.207821        -0.275359
Mo        5.98838        5.95127        3.86059        1        0.516373        0.072520        -0.224140
Mo        2.62169        7.80254        4.05284        1        -0.225148        1.026631        -0.160743
Mo        5.91691        10.03467        3.87077        1        0.245457        -0.285218        -0.444920
Mo        9.44392        0.26433        3.96859        1        -0.316500        -1.084940        0.614235
Mo        12.93197        2.00628        3.84526        1        0.606669        -0.453436        0.697832
Mo        9.36298        3.96747        4.00187        1        0.515459        -0.292414        -0.110509
Mo        12.90731        5.90706        3.75882        1        0.026549        0.035758        0.252452
Mo        9.40179        8.09250        3.92083        1        0.323007        -0.602436        -0.568953
Mo        12.89289        10.00136        4.00465        1        0.156759        -0.480867        -0.586886
Mo        16.52881        11.91474        4.00554        1        -0.028587        -0.116292        -0.629624
Mo        20.01618        1.93500        3.94592        1        -1.428961        -0.125574        0.218211
Mo        16.34553        3.91283        4.05340        1        0.751037        0.539782        -0.448729
Mo        20.04075        5.87635        3.99433        1        -1.019443        0.752567        -0.150815
Mo        16.34289        7.84387        4.06170        1        0.659860        -0.319491        -0.529780
Mo        19.70166        9.84163        3.79738        1        1.102301        0.952783        0.349256
Te        1.48309        2.07610        5.59937        2        0.672958        -0.471757        0.362578
Te        4.91423        3.92959        5.44668        2        0.128097        0.193292        1.227861
Te        1.48533        2.01551        2.28494        2        0.294102        0.452573        -1.010773
Te        4.70092        0.09232        2.11869        2        0.735820        -0.249421        -0.089090
Te        1.49459        5.95497        5.73053        2        0.414557        -0.309193        0.292503
Te        5.01584        7.95593        5.53208        2        -0.432390        -0.033942        0.660652
Te        1.53378        6.00534        2.25490        2        0.088109        -0.360196        -0.076242
Te        4.88679        3.92496        2.23352        2        -0.028155        0.218974        -0.392278
Te        1.38815        10.04603        5.54732        2        0.011262        -0.574249        -0.321317
Te        4.82586        11.86422        5.51348        2        -0.380250        0.525096        0.131685
Te        1.38837        9.72615        2.23702        2        0.190812        0.127594        0.113776
Te        4.79848        7.96387        2.29216        2        0.162290        -0.122194        -0.440518
Te        8.30962        2.05695        5.73581        2        -0.404092        0.166578        -0.371219
Te        11.78164        3.91568        5.51665        2        -0.070258        0.232224        0.149175
Te        8.38658        1.97394        2.15933        2        -0.538470        0.647518        0.404730
Te        11.62288        0.10726        2.35398        2        0.854372        -0.306871        -0.756722
Te        8.34438        6.08220        5.56289        2        -0.323723        -0.130160        0.266641
Te        11.76723        7.89596        5.42807        2        -0.092724        0.116733        0.596284
Te        8.28846        5.87294        2.29574        2        -0.015807        0.606481        -0.368222
Te        11.66513        3.88871        2.26215        2        0.063081        0.237380        -0.283721
Te        8.23164        10.05372        5.53255        2        -0.005800        0.186206        0.370130
Te        11.74735        11.89408        5.63347        2        0.215631        0.636980        0.123051
Te        8.26615        10.18578        2.33519        2        0.052813        -0.251354        -0.559070
Te        11.77189        7.94316        2.15900        2        -0.144582        0.326217        0.308167
Te        15.47889        1.94555        5.73276        2        -0.813782        -0.188603        -0.250655
Te        18.71894        3.91662        5.56779        2        0.277490        -0.070155        0.701981
Te        15.46418        1.98188        2.30491        2        -0.727687        -0.237852        0.012710
Te        18.87173        0.05189        2.17243        2        -0.637742        -0.165421        0.285004
Te        15.18174        5.86134        5.64968        2        -0.378458        0.124457        -0.121306
Te        18.80884        8.00289        5.59176        2        -0.469565        -0.703667        0.478200
Te        15.23806        5.98384        2.20899        2        0.064614        -0.334870        0.447220
Te        18.77390        3.92702        2.44631        2        -0.167256        0.065101        -0.937193
Te        15.40931        9.82313        5.63065        2        -0.758083        0.717231        0.474426
Te        18.74586        11.85232        5.59576        2        0.372114        -0.010097        0.076817
Te        15.24235        9.87180        2.39151        2        0.045692        0.257254        -0.076415
Te        18.61156        7.81821        2.35659        2        -0.026878        -0.394241        -0.580351
