54
Lattice="19.174335959 0.000456436 -0.025753600 -0.000245188 12.055168952 0.000007040 0.013560858 0.000001769 30.000000000" Properties=species:S:1:pos:R:3:tags:I:1:forces:R:3 energy=-307.66099473 stress= -9.40649 -15.52029 -0.69168 -0.17094 -0.24128 -0.38652 pbc="T T T"
Mo        2.06433        0.32200        3.57135        1        1.385929        0.431365        0.840386
Mo        4.34156        2.11282        4.01201        1        -0.746186        1.280803        -0.107671
Mo        1.93335        4.17537        3.69369        1        1.060452        -0.867204        0.002220
Mo        4.58366        5.41497        3.88474        1        -1.228290        1.253803        0.848955
Mo        2.55869        7.88020        3.59974        1        0.202951        0.609325        -1.031242
Mo        4.42908        9.98153        4.35828        1        -0.464794        -0.247491        0.452900
Mo        8.62040        0.48365        3.90745        1        -1.156150        -0.260318        1.024825
Mo        10.97263        2.36346        3.93063        1        -0.418160        -0.843416        -0.016926
Mo        8.48231        3.94334        3.85487        1        0.910885        -0.454837        -0.522323
Mo        10.96231        5.77953        4.12107        1        -0.414961        0.710849        0.258927
Mo        8.69122        7.76143        3.94475        1        -0.495566        -0.352639        1.303904
Mo        11.19119        9.08527        4.17852        1        -0.920769        1.216124        -1.639519
Mo        14.85818        11.80626        4.07660        1        -1.072506        0.198239        -0.375847
Mo        17.26989        1.79471        3.87225        1        -0.937532        0.375796        0.822150
Mo        15.03463        4.16716        3.50232        1        0.583139        -1.823264        1.733997
Mo        17.16336        6.73831        3.87340        1        0.513582        -0.791625        -0.810336
Mo        14.69696        8.39993        3.89914        1        0.467081        -0.271639        1.134291
Mo        17.21178        10.17149        4.16815        1        -0.174190        -0.048568        -0.820401
Te        0.54585        1.90015        5.42019        2        0.160742        0.162924        -1.132481
Te        3.38295        3.98647        5.88700        2        1.017336        -0.514739        -0.185496
Te        5.52306        11.96512        2.82975        2        1.375234        0.503865        -0.369244
Te        2.77720        2.41422        1.71596        2        -0.331444        -0.684491        0.972549
Te        0.88841        6.54190        5.11006        2        -1.296817        -1.090047        0.641161
Te        3.99606        7.43287        5.72784        2        0.670696        0.750246        0.538132
Te        5.91909        3.99895        2.23267        2        0.831111        -1.308993        -0.019697
Te        2.93266        5.97160        1.80836        2        -0.267351        -0.629142        -0.379093
Te        1.10575        10.07327        4.88329        2        -0.276550        0.154817        -0.062762
Te        3.73036        0.09594        5.88406        2        -0.425521        0.212436        -0.467603
Te        5.59564        7.99532        2.40914        2        0.656749        -0.433093        1.194567
Te        3.12725        10.14192        2.09132        2        -0.879327        0.488659        -0.658119
Te        6.75473        1.79702        5.59183        2        0.564172        0.658333        -1.440974
Te        10.27609        3.94674        5.90026        2        -0.324051        0.128355        0.622056
Te        12.16472        11.69946        3.34226        2        0.150019        0.330760        -0.602743
Te        9.16765        2.00255        1.87290        2        0.204999        0.807745        0.088095
Te        7.16827        5.62622        5.49075        2        -0.890776        0.667120        -0.189970
Te        10.21912        7.68790        6.16800        2        0.108200        -0.951388        -0.293203
Te        12.45011        4.05972        2.33537        2        -0.307523        -0.201977        0.159410
Te        9.33131        6.01559        2.14653        2        -0.994573        -0.916650        -1.602886
Te        7.32546        10.30519        5.21118        2        -0.686831        -0.901291        -0.414297
Te        10.31061        0.56376        5.87133        2        -0.238370        -0.122863        0.007729
Te        12.42719        7.78699        2.35731        2        0.076573        -0.298027        -0.111378
Te        9.05608        9.88074        2.39421        2        0.715858        0.713104        0.705136
Te        13.73775        2.11328        5.09835        2        -0.820224        0.566119        -0.064046
Te        17.05228        4.18935        5.30340        2        -0.451744        0.572105        0.190492
Te        18.58306        0.01179        2.43364        2        0.919559        0.023795        -0.172622
Te        15.18784        1.73781        2.13653        2        0.279237        0.042548        -0.206282
Te        13.46333        5.88806        5.01260        2        1.349602        0.440995        0.474976
Te        16.54415        8.27803        6.01680        2        -0.097806        0.063872        -0.658493
Te        18.68753        4.36012        2.41258        2        -0.476285        -0.011355        0.391100
Te        15.43198        5.83133        1.75397        2        0.558173        2.518878        -0.978893
Te        13.12411        10.09919        5.77132        2        1.343292        -0.595101        -0.021064
Te        16.57759        0.19851        5.95145        2        1.108348        -0.516812        0.669923
Te        19.05589        8.17894        2.34021        2        -1.015527        0.085151        0.990254
Te        15.41523        10.23944        2.09322        2        0.591821        -0.827275        -0.715202
