54
Lattice="19.535457354 0.000008540 -0.000615361 -0.000005198 11.278316666 0.000045896 0.042448411 0.000094922 30.000000000" Properties=species:S:1:pos:R:3:tags:I:1:forces:R:3 energy=-316.33536300 stress= -15.57340 -16.00876 -1.78982 0.43424 -0.07770 0.12695 pbc="T T T"
Mo        2.54696        0.06904        3.80765        1        -0.165636        0.502671        0.337416
Mo        5.68039        2.07298        3.87175        1        -0.197323        -2.091414        0.981092
Mo        2.50695        3.97444        3.80778        1        0.971524        1.065034        1.853886
Mo        5.67544        5.76919        3.82114        1        0.022030        -0.761561        1.168278
Mo        2.65568        7.44916        3.84190        1        -0.956305        0.877950        -0.412939
Mo        5.58369        9.36117        3.87595        1        0.659912        -0.165659        0.635991
Mo        8.95366        11.14830        3.90882        1        -0.788951        0.160516        0.155586
Mo        11.96082        1.73564        4.03936        1        1.140531        0.308250        -0.043949
Mo        8.84212        3.74757        4.13784        1        0.167841        -0.584882        -0.500736
Mo        12.40613        5.50953        4.07565        1        -0.778642        0.535488        -0.355869
Mo        9.06056        7.35490        3.87628        1        -0.522182        -0.350160        1.139812
Mo        12.39740        9.35274        4.05847        1        -1.166118        -0.629238        -0.732102
Mo        15.56328        0.10970        3.89295        1        0.096765        -0.287828        0.192480
Mo        18.70031        1.83690        3.76654        1        0.669753        1.002062        1.508597
Mo        15.44316        3.79900        4.13003        1        -0.611354        0.186879        -0.217563
Mo        18.80993        5.82275        3.76502        1        1.013476        -0.811633        0.906460
Mo        15.67906        7.44175        4.07330        1        -1.352061        0.191820        -0.373527
Mo        18.73570        9.39704        3.71066        1        0.150492        0.190907        0.748428
Te        1.47130        2.13431        5.50233        2        -0.548313        -1.027997        0.233329
Te        4.59311        3.94811        5.67892        2        0.038073        -0.203689        -0.798901
Te        1.48418        2.19305        2.28552        2        -0.901916        -1.963363        -2.069506
Te        4.64056        11.21062        2.10493        2        0.210850        0.871611        0.021677
Te        1.40185        5.86773        5.63703        2        -0.027993        -0.802600        -0.520687
Te        4.58015        7.52789        5.70604        2        0.517834        0.123210        -0.216379
Te        1.60287        5.70745        1.98813        2        -1.021971        0.411289        -0.000781
Te        4.65422        3.72114        2.08085        2        -0.035470        1.220858        -0.178469
Te        1.53241        9.44074        5.44927        2        -0.678106        -0.119593        -0.012727
Te        4.58783        0.04597        5.67811        2        0.039751        0.241234        -0.831613
Te        1.44411        9.35858        2.08977        2        0.205824        0.186428        0.108613
Te        4.69885        7.56808        2.06923        2        -0.076952        -0.125236        -0.657534
Te        7.69562        1.67226        5.77577        2        0.622913        0.578764        -0.854646
Te        11.11351        3.64205        5.76770        2        -0.385981        0.380330        0.399472
Te        7.81300        1.98458        2.14837        2        0.577679        -0.456262        0.893121
Te        11.14371        11.07217        2.28570        2        0.003360        0.213149        -0.410555
Te        7.69186        5.59503        5.79319        2        0.560271        0.381370        -0.697166
Te        11.22447        7.44360        5.73927        2        0.038886        -0.158975        -0.365066
Te        7.87960        5.51853        2.24758        2        0.280762        0.072538        -0.358041
Te        11.05538        3.74660        2.38873        2        -0.249125        -0.192800        -0.060605
Te        7.81967        9.17004        5.53683        2        0.074913        0.525032        0.271408
Te        11.03319        11.07309        5.74593        2        -0.024674        0.157221        0.156738
Te        7.85737        9.18379        2.21230        2        0.132434        0.602712        -0.198362
Te        11.25559        7.35373        2.24883        2        0.594405        0.245841        0.426441
Te        14.27853        1.84355        5.71638        2        0.150933        -0.230484        -0.180339
Te        17.85012        3.84835        5.68943        2        -0.356849        -0.262955        -0.828317
Te        14.11038        2.06089        2.33282        2        0.808002        -0.605482        0.139479
Te        17.78788        0.10333        1.88590        2        -0.725491        -0.307390        0.862571
Te        14.49219        5.61838        5.85850        2        0.156017        0.198863        0.208157
Te        17.90251        7.52785        5.63745        2        -0.285408        0.556177        0.071689
Te        14.47870        5.60424        2.21734        2        -0.070908        0.021566        0.956072
Te        17.44632        3.90026        2.36588        2        0.771226        -0.642115        -1.111032
Te        14.48789        9.42071        5.73897        2        0.872024        0.228222        -0.150733
Te        17.76660        11.20544        5.59482        2        -0.097551        0.417902        -0.692239
Te        14.57533        9.41156        2.29395        2        -0.222687        -0.212595        0.178600
Te        17.51246        7.50059        2.11839        2        0.681391        0.343907        -0.738117
