54
Lattice="19.557416337 0.000456147 -0.025753600 -0.000245476 10.515591813 0.000007040 0.013560576 0.000001770 30.000000000" Properties=species:S:1:pos:R:3:tags:I:1:forces:R:3 energy=-316.64554189 stress= -6.04023 -1.77356 -1.17044 -0.72710 -1.06427 0.33544 pbc="T T T"
Mo        2.07507        10.45578        4.05677        1        0.125609        -0.440213        0.637977
Mo        4.45422        2.00123        4.15634        1        0.374564        -1.217361        -0.054100
Mo        2.30032        3.80796        3.96143        1        -1.350017        -2.373125        0.896823
Mo        4.59945        5.15837        4.18942        1        0.025639        1.285041        -1.078416
Mo        2.10300        7.08960        4.21947        1        -0.152944        0.506574        -2.084697
Mo        4.61833        8.79918        4.13674        1        -0.387354        1.077414        0.496380
Mo        8.72107        10.06137        3.60093        1        -1.413343        2.064139        1.161348
Mo        11.09499        1.64853        3.89634        1        -0.153156        0.503681        -0.255282
Mo        8.79263        3.70100        3.70056        1        -0.203600        -0.223927        0.138942
Mo        11.07904        5.40803        3.61372        1        0.845895        -0.001755        2.302506
Mo        8.68412        7.19236        3.75823        1        -0.196484        -2.301470        -0.174911
Mo        11.05648        8.76500        3.79588        1        0.347301        -0.846495        -0.090799
Mo        15.13437        10.41591        3.83937        1        1.232498        0.482327        -0.220948
Mo        17.56715        1.63648        4.02150        1        0.225129        0.061024        -0.618081
Mo        15.17258        3.25039        3.49414        1        1.120907        0.846523        2.683198
Mo        17.61597        5.36995        4.09258        1        -0.389151        -0.566335        -1.211825
Mo        15.32555        7.11615        3.88027        1        -0.061505        -0.545389        -0.735182
Mo        17.42204        8.72116        4.13442        1        1.469374        0.299013        -0.461826
Te        0.52331        1.85667        5.61501        2        -0.218400        -0.211828        -0.746068
Te        3.87099        3.71583        6.21529        2        -0.210813        -0.942406        0.264492
Te        5.95556        10.47763        2.27171        2        0.390207        0.102587        0.940332
Te        2.66102        1.63246        2.14651        2        0.255805        1.517600        -0.138648
Te        0.47604        5.09497        5.66295        2        0.447176        0.651770        -0.274700
Te        3.94996        7.17031        6.02677        2        0.142920        -1.104281        1.879819
Te        6.21051        3.51734        2.44793        2        -0.637561        0.191457        0.573995
Te        2.80646        5.48326        2.12726        2        0.398680        0.402010        -0.818886
Te        0.47587        8.79327        5.75544        2        0.011871        -0.040689        -0.668378
Te        3.80934        0.11137        6.14263        2        0.265962        0.101651        -0.934426
Te        6.00026        6.96670        2.67246        2        0.823139        0.233106        -1.189253
Te        2.98875        8.85289        2.12219        2        -1.227236        -0.654207        -0.009228
Te        7.20158        1.69401        4.87259        2        0.212699        -0.141071        0.384821
Te        10.75837        3.62902        5.66706        2        -0.752964        -0.108262        -0.197378
Te        12.78949        0.00665        2.38823        2        -0.525248        -0.095309        -0.514167
Te        9.39216        1.65004        1.87719        2        -0.224463        0.098377        -0.181790
Te        7.16379        5.31871        5.34001        2        0.513732        -0.652634        0.242270
Te        10.52406        6.97917        5.81219        2        0.013378        0.085002        -0.874478
Te        12.71672        3.67748        2.27980        2        -0.105215        -1.030794        -0.605378
Te        9.21967        5.38112        1.72150        2        0.055453        -0.174122        -0.479713
Te        7.07543        8.45785        5.52515        2        0.417322        1.649789        -0.000073
Te        10.32129        10.44790        5.72228        2        0.060664        0.134019        0.895398
Te        12.95614        7.09131        2.32519        2        -0.497044        0.052910        -0.203046
Te        9.34187        8.55276        1.63688        2        0.739809        0.457577        -1.277594
Te        13.64379        1.72428        5.24452        2        -0.344742        0.006877        0.052255
Te        16.77906        3.50197        5.84304        2        -0.375942        -0.340024        -0.560953
Te        19.03036        10.42206        2.40344        2        0.794610        -0.173676        0.785447
Te        16.00412        1.47009        1.76846        2        0.205814        0.667243        -0.192403
Te        13.86116        5.10498        5.28617        2        -0.528969        0.596251        -0.524271
Te        17.10906        6.94587        6.15995        2        -0.710302        0.380379        -0.386013
Te        19.30326        3.60172        2.43490        2        -0.235845        -0.152866        0.737678
Te        15.96691        5.22527        1.85464        2        0.344400        0.709074        0.351581
Te        13.53335        8.69231        5.22585        2        -0.160620        0.169761        0.771692
Te        16.89045        0.00577        6.04536        2        -0.407564        0.025178        -0.210943
Te        19.26286        7.00579        2.49462        2        -0.227162        0.371017        0.977009
Te        15.98733        8.89436        1.78105        2        -0.150165        -1.388457        0.786778
