54
Lattice="21.194128261 0.000008540 -0.000615361 -0.000005198 10.639921383 0.000045896 0.042448411 0.000094922 30.000000000" Properties=species:S:1:pos:R:3:tags:I:1:forces:R:3 energy=-310.09435356 stress= -22.60299 -6.64161 -1.81374 -1.87591 -0.12769 -0.27620 pbc="T T T"
Mo        2.87369        10.37090        3.99436        1        0.272217        0.032339        -1.993336
Mo        6.15684        1.75267        4.05921        1        0.358678        0.200765        -0.297347
Mo        2.91623        3.36857        3.83101        1        0.059149        0.492927        0.022845
Mo        6.49051        5.44130        3.95733        1        -0.587000        -0.132405        0.127561
Mo        3.00586        6.82573        3.81945        1        0.229999        0.053833        0.143452
Mo        6.36576        9.00673        3.88484        1        -0.549185        0.432359        -0.568644
Mo        9.61766        0.04356        3.75950        1        1.280163        1.802606        0.017140
Mo        12.93164        1.79374        4.10265        1        0.117835        -0.092954        -0.856754
Mo        9.71215        3.63896        3.92931        1        0.315689        1.112781        -0.068190
Mo        13.20551        5.34875        4.26447        1        -0.509039        -0.013005        -1.621485
Mo        9.86732        7.19934        3.63012        1        -0.982879        0.399827        1.130057
Mo        13.27479        9.09620        3.92608        1        -1.060771        -0.233747        -0.387855
Mo        16.68854        0.13825        4.10578        1        -0.362428        -0.020755        -1.129207
Mo        20.44267        1.63402        3.75311        1        -0.491273        -0.799931        -0.300009
Mo        16.43738        3.64614        4.00933        1        1.614293        0.831308        -0.616004
Mo        20.57938        5.18495        3.82634        1        0.666872        -2.141609        -0.190155
Mo        16.65356        7.26348        3.95928        1        0.182311        -0.400468        0.162721
Mo        20.57593        8.61035        4.25406        1        -0.175683        1.125232        -1.710343
Te        1.51126        1.59274        5.31009        2        -0.024267        0.046510        1.588911
Te        5.09366        3.70105        5.78840        2        0.222265        -0.342539        -1.051367
Te        1.76678        1.52968        2.06635        2        -0.380919        -0.228611        0.467297
Te        5.04001        10.58008        1.99034        2        0.141906        0.431492        1.682759
Te        1.75718        5.13332        5.59446        2        -0.122932        -0.373510        -0.395068
Te        5.34025        7.27524        5.66530        2        -0.435080        -0.804592        -0.339964
Te        1.73699        5.04631        2.04006        2        -0.040495        0.364880        0.502332
Te        5.24504        3.50048        2.24743        2        -0.297909        0.566611        0.163536
Te        1.80559        8.49432        5.66398        2        -0.221929        0.277700        0.202748
Te        4.95593        0.03428        5.81301        2        0.502352        -0.318242        -0.655209
Te        1.67888        8.51942        2.22878        2        -0.383735        0.645960        0.462470
Te        5.27882        7.18617        2.09562        2        0.015391        -0.547912        0.795776
Te        8.65931        1.90417        5.59370        2        -1.215123        -0.686826        0.606147
Te        11.91649        3.61801        5.91799        2        -0.374185        -0.266484        -0.429512
Te        8.33292        1.92333        2.26563        2        0.068196        -0.172394        -0.265688
Te        11.91611        0.19796        1.99781        2        0.270505        -0.493769        1.305955
Te        8.82740        5.68056        5.60631        2        -0.730207        -1.029073        -0.215246
Te        11.88316        7.24419        5.62831        2        0.488029        0.387741        0.069332
Te        8.52241        5.32683        2.07380        2        0.531063        0.276561        0.111251
Te        11.91069        3.51965        2.34100        2        0.462430        0.920228        0.053649
Te        8.58544        9.03392        5.46060        2        -0.230112        -1.124815        0.798401
Te        11.57948        10.58951        5.66499        2        1.461390        0.337813        -0.236331
Te        8.60034        9.04842        2.05792        2        -0.824094        -1.067786        -1.110387
Te        12.18350        7.13309        2.28616        2        0.608724        -0.088612        -0.319163
Te        15.20591        2.01663        5.63344        2        0.282089        -1.257702        1.016029
Te        19.51479        3.39004        5.62545        2        -0.298116        0.164515        -0.214807
Te        15.34150        1.95294        2.24762        2        -0.206822        -0.453842        0.735790
Te        19.07337        10.20529        2.28845        2        0.593921        0.971701        0.945049
Te        15.47151        5.44579        5.80889        2        0.420538        0.355765        0.174365
Te        19.36022        6.70823        5.54072        2        -1.151644        0.853301        2.216089
Te        15.32741        5.52904        2.42980        2        0.028834        -0.284441        -0.725575
Te        18.93634        3.36700        2.26262        2        0.184181        0.404444        0.138249
Te        15.36250        8.94276        5.66566        2        0.574555        0.568669        0.431037
Te        19.08735        0.06478        5.66807        2        0.374024        -0.683030        -0.225291
Te        15.67529        9.19620        2.11841        2        -0.397488        -0.620860        0.954692
Te        19.15600        6.94507        2.46970        2        -0.209453        0.612466        -1.117926
