54
Lattice="19.173937585 0.000456147 -0.025753600 -0.000245476 11.340344112 0.000007040 0.013560576 0.000001770 30.000000000" Properties=species:S:1:pos:R:3:tags:I:1:forces:R:3 energy=-314.11174123 stress= -4.83583 -10.50464 0.52278 -0.60938 -0.44382 0.05850 pbc="T T T"
Mo        2.11017        11.21362        3.76888        1        0.604840        -0.738886        0.345285
Mo        4.32961        1.94148        3.99302        1        1.219221        -0.950004        0.896871
Mo        2.48106        4.09967        3.76092        1        -1.216210        -0.725630        -2.318737
Mo        4.70785        5.99341        3.68189        1        -0.591359        0.377253        0.425999
Mo        2.21344        7.55319        3.69932        1        -0.192303        0.489116        -0.729884
Mo        4.37260        9.43948        4.04297        1        -0.157403        -0.427498        -1.087735
Mo        8.42682        11.17772        3.77167        1        1.194339        0.690183        0.333937
Mo        10.68260        1.79275        4.24189        1        1.020874        0.030667        -0.925413
Mo        8.52012        3.58467        3.98485        1        -0.579694        -0.194960        -0.304842
Mo        10.64669        5.26902        4.16221        1        0.858257        1.982995        -1.874228
Mo        8.65071        7.78965        3.55540        1        0.645834        0.916962        0.614242
Mo        10.91204        9.66120        3.99727        1        -0.807442        0.131839        -0.801852
Mo        14.89021        0.25631        3.90093        1        0.420906        1.073377        -0.405120
Mo        17.17413        1.98777        4.13561        1        2.602586        0.481982        0.904582
Mo        15.15478        3.80186        3.93951        1        -1.397103        -0.013824        -0.871995
Mo        17.19694        5.64278        3.97703        1        1.058435        -0.711687        0.979295
Mo        14.82055        7.28755        3.87584        1        0.133862        -1.342552        0.606368
Mo        17.11096        9.11494        4.17697        1        -0.527564        0.256358        -0.484230
Te        0.91867        1.99053        5.18625        2        0.129202        -0.096223        -0.178655
Te        4.33089        4.14717        5.57216        2        0.132543        -0.738659        1.453658
Te        5.98809        11.26959        2.46385        2        -0.535619        0.342877        0.072503
Te        2.71953        1.84910        1.89813        2        -0.088166        0.330231        0.279572
Te        0.97115        5.60971        5.28119        2        -1.295393        0.472615        0.751953
Te        3.73178        7.43890        5.92370        2        0.975949        0.568227        -1.023609
Te        6.25619        3.75772        2.61468        2        -1.687826        0.070816        -0.690049
Te        2.68475        5.84765        1.70724        2        0.711162        -0.444587        -0.058094
Te        0.60614        9.20407        5.21267        2        -0.449937        0.702633        -0.019988
Te        3.99650        11.30843        5.91346        2        -0.779770        0.511356        -0.461379
Te        6.20364        8.01959        2.30005        2        -0.765887        -0.766524        0.001513
Te        2.64197        9.39185        1.64658        2        0.440302        0.414166        1.607005
Te        7.02295        1.73877        5.52691        2        -0.652059        0.270071        -0.685519
Te        10.13739        3.66969        6.00518        2        -0.046667        -0.747430        3.521636
Te        12.41927        0.18010        2.55559        2        -0.264669        -0.181972        -0.010314
Te        9.13379        1.87233        2.09205        2        -0.033135        -0.315147        -1.175034
Te        7.20491        5.82326        4.98569        2        -0.363929        0.480863        0.402568
Te        10.16158        7.67992        5.77032        2        0.296610        -0.510952        -0.251580
Te        12.09508        3.50234        2.67221        2        1.137536        0.949030        -0.522680
Te        9.00289        5.63738        1.96223        2        0.554222        -0.272825        0.029311
Te        7.01526        9.55667        5.39100        2        -0.294994        -0.992220        -0.313249
Te        10.01963        11.31080        5.98556        2        0.147800        -0.796282        0.611760
Te        12.19988        7.30283        2.63745        2        -0.306637        0.189990        0.654761
Te        9.42326        9.65621        1.67564        2        -0.242160        -0.160031        0.856950
Te        13.39356        2.02742        5.35275        2        -0.233715        -0.705892        0.396484
Te        16.93061        3.71806        6.11346        2        -0.483391        0.843206        -0.452014
Te        18.61806        0.06971        2.83747        2        -0.056494        -1.281725        -0.104281
Te        15.83978        2.15517        1.97328        2        -1.254746        -1.120087        -1.181828
Te        13.42334        5.37575        5.25832        2        -1.087273        0.969333        0.549957
Te        16.45840        7.28026        6.07538        2        0.266259        0.363696        -0.690006
Te        19.00858        3.76580        2.55203        2        -0.424406        0.323016        0.446313
Te        15.51047        5.50970        1.81131        2        -0.138552        0.631246        0.884882
Te        13.39489        9.60112        5.18792        2        0.214328        -0.737929        0.478658
Te        16.50441        0.18281        6.00849        2        0.366666        -1.155694        -0.111894
Te        18.58776        7.41599        2.34186        2        0.167724        0.645359        0.694370
Te        14.96155        9.36618        2.33655        2        1.638396        0.613020        -1.036316
