54
Lattice="19.166863819 0.000008540 -0.000615361 -0.000005198 10.639921383 0.000045896 0.042448411 0.000094922 30.000000000" Properties=species:S:1:pos:R:3:tags:I:1:forces:R:3 energy=-321.13205243 stress= -8.01303 -2.21811 0.25465 1.01384 -0.66382 -0.24697 pbc="T T T"
Mo        2.45998        10.62824        4.10255        1        0.085028        -0.443812        -0.240034
Mo        5.58371        1.60907        3.99120        1        0.205913        0.068348        -0.461837
Mo        2.47402        3.48833        4.09237        1        -1.355533        -0.468130        -0.496634
Mo        5.65922        5.00498        3.92624        1        -0.762609        0.621982        1.555379
Mo        2.42827        6.97578        4.09104        1        0.476838        0.043746        -0.108189
Mo        5.69726        8.68281        3.94935        1        0.267817        0.129642        0.320722
Mo        8.83434        10.55398        3.84213        1        -0.441997        -0.133093        1.453357
Mo        12.06443        1.85875        3.79924        1        -0.158406        -0.400891        0.103932
Mo        8.85329        3.39398        3.94000        1        0.275344        1.147295        0.401859
Mo        12.13681        5.40241        3.82918        1        -1.259896        0.419578        -0.082265
Mo        8.75233        6.99586        3.85723        1        0.086511        0.143799        -0.973621
Mo        11.99928        9.01061        3.84058        1        -0.307934        -0.538376        -1.042023
Mo        15.20993        0.13452        3.85425        1        0.034091        0.224581        -0.211515
Mo        18.36376        1.87992        3.97491        1        0.039240        -0.024643        0.422447
Mo        15.11853        3.82621        3.84265        1        1.318439        -1.593495        -0.923777
Mo        18.44983        5.42520        3.96259        1        -0.605197        0.417357        0.670920
Mo        15.29881        7.25787        3.83440        1        -0.740521        -0.450113        -0.561816
Mo        18.47048        9.04341        4.00882        1        0.049223        -0.729805        -0.164268
Te        1.21798        1.76199        5.85104        2        0.414962        -0.162603        -0.226673
Te        4.51415        3.29446        5.82900        2        0.540209        0.364301        0.071391
Te        1.35216        1.72819        2.26619        2        0.150496        0.167862        0.290877
Te        4.50077        10.42201        2.18923        2        0.168398        0.500336        0.444732
Te        1.33692        5.15953        5.82662        2        -0.285093        0.901799        0.349129
Te        4.62045        6.80926        5.79712        2        0.095875        0.372921        -0.536499
Te        1.31416        5.29815        2.27986        2        0.915205        -0.158145        -0.398940
Te        4.36509        3.38872        2.24221        2        0.918211        -0.498008        -0.770610
Te        1.38646        8.80065        5.83359        2        -0.037747        0.287723        0.105148
Te        4.65637        10.42514        5.74365        2        -0.265037        0.076919        0.429417
Te        1.50318        8.84456        2.32287        2        -0.438246        -0.021810        -0.189697
Te        4.61649        6.88770        2.30146        2        -0.728472        -0.100489        -0.494138
Te        7.73218        1.71541        5.77561        2        0.216750        -0.657615        -0.585647
Te        11.15801        3.62718        5.62749        2        -0.815611        -0.184248        0.060663
Te        7.71773        1.68661        2.19363        2        -0.500773        0.005842        -0.353786
Te        10.80378        10.63439        2.03303        2        0.907931        0.587472        -0.032753
Te        7.74464        5.20860        5.68707        2        0.388627        -0.288885        0.042431
Te        10.85333        7.21193        5.53904        2        0.772277        -0.435945        0.215524
Te        7.65494        5.12396        2.18184        2        0.620406        -0.000546        -0.620636
Te        10.88756        3.65417        2.10489        2        0.282808        -0.547829        -0.107401
Te        7.83453        8.68871        5.70802        2        -0.309432        0.708333        -0.235081
Te        10.98683        0.15411        5.66670        2        -0.172988        -0.341919        -0.521527
Te        7.70089        8.84548        1.98199        2        0.071690        -0.570695        0.938680
Te        10.94315        7.04459        2.00005        2        -0.239472        0.730818        0.743506
Te        14.22657        1.91172        5.61965        2        -0.704529        0.173212        -0.106172
Te        17.17298        3.67906        5.63822        2        0.357261        0.239300        0.412416
Te        14.19015        1.98427        2.07441        2        -0.208953        -0.389931        -0.224979
Te        17.36585        0.14160        2.24903        2        0.087209        -0.256460        -1.057858
Te        14.14609        5.44333        5.59580        2        0.004704        1.213731        1.065181
Te        17.33494        7.30266        5.74139        2        -0.080229        -0.564722        -0.313599
Te        14.05669        5.45576        1.96669        2        0.947957        0.612338        0.054478
Te        17.42150        3.69839        2.15057        2        -0.608154        -0.023967        0.038308
Te        14.06758        9.00380        5.53511        2        0.356325        -0.191323        0.647222
Te        17.21272        0.08862        5.74526        2        0.240789        0.348429        0.027708
Te        14.16134        9.04673        1.97997        2        -0.108875        -0.247959        0.689842
Te        17.49277        7.27849        2.12440        2        -0.174073        -0.091892        0.458515
