54
Lattice="19.173937585 0.000456147 -0.025753600 -0.000245476 10.515591813 0.000007040 0.013560576 0.000001770 30.000000000" Properties=species:S:1:pos:R:3:tags:I:1:forces:R:3 energy=-319.32902858 stress= -3.09629 -1.51420 -0.58269 1.90511 -0.62180 -1.11569 pbc="T T T"
Mo        2.16129        10.45873        3.94380        1        0.413178        0.014449        1.154267
Mo        4.55430        1.53526        4.04978        1        -0.102146        1.240003        -0.772325
Mo        2.16687        3.19503        3.86356        1        0.166530        1.026970        0.643508
Mo        4.46269        5.26183        4.19638        1        0.284661        -0.223862        0.710610
Mo        2.18664        7.12234        3.91340        1        -0.344358        -0.157170        0.415265
Mo        4.57249        8.65336        4.05806        1        -0.169771        0.517251        -0.271126
Mo        8.53415        10.48202        3.69307        1        -0.009141        0.848071        -0.362070
Mo        10.84735        1.97312        4.05531        1        -0.255699        -1.258417        -0.826564
Mo        8.45239        3.65356        3.89533        1        0.553426        -0.629708        -0.486297
Mo        10.75708        5.26297        4.03208        1        0.070210        -0.197842        -0.556175
Mo        8.56817        6.89043        3.70718        1        -0.509087        0.851903        -0.061710
Mo        10.83227        8.93726        4.04109        1        -0.060860        -0.572857        -1.789890
Mo        14.88090        0.17181        3.81258        1        0.000144        -0.411635        0.154616
Mo        17.23127        1.74155        3.98089        1        0.903623        -0.438845        0.442935
Mo        14.96434        3.62733        3.71423        1        -0.268771        0.139771        1.069446
Mo        17.15122        5.22304        3.91547        1        1.671508        0.951042        -1.176014
Mo        14.92071        6.97862        3.65828        1        -0.529046        -0.729326        -0.168718
Mo        17.27306        8.70251        3.99174        1        -0.892591        -0.298114        0.470571
Te        0.53742        1.79980        5.64040        2        0.314249        -0.649400        -1.004463
Te        3.73908        3.35547        6.05399        2        0.381309        0.116319        -0.478037
Te        6.04689        10.48140        2.28659        2        -0.024712        -0.132073        0.535208
Te        2.85738        1.59795        1.91004        2        0.063465        0.115430        -0.174026
Te        0.57115        5.15721        5.47727        2        0.064694        0.341878        -0.898562
Te        3.82446        7.00936        6.06811        2        -0.047835        0.242351        0.351394
Te        6.02455        3.59033        2.50969        2        0.054231        -0.596914        0.321793
Te        3.01264        5.30731        2.09858        2        -1.246878        -0.812732        -0.816603
Te        0.69731        8.69588        5.64263        2        -0.504658        0.169004        -0.549372
Te        4.20432        10.50091        6.04650        2        -1.057131        -1.044421        0.311035
Te        5.94128        6.88161        2.35981        2        0.562925        0.330424        0.616607
Te        2.81727        8.80159        1.98602        2        0.186501        -0.355652        -0.516898
Te        7.10687        1.65756        5.40276        2        -0.877794        0.567179        -0.362391
Te        10.14325        3.51282        6.03156        2        -0.061768        0.761026        0.462799
Te        12.38517        0.25422        2.31734        2        -0.049021        -0.434409        0.920215
Te        9.26291        1.93484        1.82687        2        -0.230586        -0.499404        0.795963
Te        7.02317        5.29387        5.62848        2        -0.182699        0.112077        -0.957384
Te        10.12968        7.05053        5.86713        2        0.148691        0.378917        0.774358
Te        12.44042        3.74324        2.56352        2        -0.133100        -1.073085        -1.060010
Te        9.18013        5.18493        1.72690        2        0.037418        0.180100        0.651908
Te        7.14291        8.68914        5.30321        2        -0.809501        -0.082984        -0.070681
Te        9.89013        0.11379        5.92515        2        1.409543        -0.039011        0.322517
Te        12.23419        7.01490        2.36944        2        0.544200        0.491700        0.224008
Te        9.18279        8.78900        1.74993        2        0.380050        -0.509367        0.474220
Te        13.37145        1.85869        5.36503        2        -0.202006        -0.065834        0.095095
Te        16.76169        3.56310        5.80961        2        -0.936241        -0.860342        1.407076
Te        18.89048        10.38016        2.56955        2        0.066911        0.633274        -0.372530
Te        15.61067        1.87964        1.90734        2        -0.102918        -0.801179        -1.484075
Te        13.27689        5.25849        5.26547        2        0.381741        0.336868        0.425634
Te        16.40209        6.89373        5.88751        2        0.610932        0.458170        -0.099282
Te        18.99623        3.43951        2.35415        2        -0.628119        -0.072023        0.484821
Te        15.60057        5.21862        1.61860        2        -0.037257        0.715943        0.701372
Te        13.34139        8.61999        5.20069        2        -0.246613        1.072781        0.578981
Te        16.55272        10.45540        5.92748        2        0.195056        0.214954        -0.036330
Te        18.81419        6.96448        2.30664        2        0.323062        0.026243        0.792534
Te        15.41612        8.87882        1.93197        2        0.697553        0.071726        -0.985670
