54
Lattice="18.798270284 0.000008540 -0.000615361 -0.000005198 10.852719811 0.000045896 0.042448411 0.000094922 30.000000000" Properties=species:S:1:pos:R:3:tags:I:1:forces:R:3 energy=-317.15535688 stress= -6.41416 -5.62952 -3.63953 0.96116 -1.90157 -0.14939 pbc="T T T"
Mo        2.56370        0.14643        4.16765        1        0.446461        1.453274        -0.436032
Mo        5.54044        1.70937        3.97524        1        0.043378        -1.096325        -0.182321
Mo        2.04892        3.79720        4.19409        1        1.939626        -1.573332        0.062309
Mo        5.57178        5.53279        3.79579        1        -1.140147        0.040103        1.067678
Mo        2.27073        7.04061        4.00091        1        0.306753        1.968739        0.617382
Mo        5.40612        8.94736        3.88988        1        -0.622720        -0.614916        -0.639534
Mo        8.68379        0.02741        3.85688        1        0.265311        -1.156826        -1.020729
Mo        11.93475        1.72225        3.80867        1        0.203767        -0.842500        -0.454652
Mo        8.63199        3.62136        3.93112        1        -0.735591        -1.411979        -0.199007
Mo        11.87926        5.48955        3.80728        1        0.310609        0.799339        0.892852
Mo        8.64486        6.96969        3.78130        1        -0.442268        1.200560        -1.646802
Mo        11.84117        8.95147        3.73796        1        -0.285289        0.827189        0.067110
Mo        14.84318        0.06934        3.82209        1        1.223820        0.702849        0.112873
Mo        17.96066        1.93542        4.05617        1        0.355810        -1.235724        0.058327
Mo        14.60122        3.71338        3.86629        1        1.825581        -0.775748        0.475345
Mo        18.17719        5.69270        4.20133        1        -0.265962        -1.081059        -0.111520
Mo        15.15619        7.05401        3.93864        1        -0.872077        0.601600        0.294886
Mo        17.90424        9.16523        3.97012        1        0.626045        0.119389        -0.372972
Te        1.17384        2.03889        6.11982        2        0.247289        -0.675500        -1.290262
Te        4.65788        3.64152        5.62729        2        -1.005744        0.237672        -0.104641
Te        1.22679        1.74701        2.38215        2        0.646805        1.089685        0.030085
Te        4.46300        10.69102        1.99854        2        0.078431        0.979555        1.508212
Te        1.40346        5.65304        6.06336        2        -0.532834        -0.799968        0.340890
Te        4.40507        7.15141        5.84210        2        0.457193        0.136029        -1.412624
Te        1.17651        5.29048        2.27263        2        0.134276        0.706808        -0.917918
Te        4.25333        3.64939        2.19993        2        0.123929        -0.376302        1.139975
Te        1.34226        9.25305        5.65511        2        -0.342311        -1.237924        0.490525
Te        4.72833        10.64460        5.90578        2        -0.647710        0.737033        -0.850960
Te        1.46494        9.38373        2.32626        2        -1.058747        -1.692106        0.228489
Te        4.01379        7.17070        2.06123        2        2.050696        0.045926        0.114531
Te        7.66730        1.45901        5.91006        2        -0.031150        1.435538        -1.268002
Te        10.80493        3.49239        5.54894        2        0.283603        0.530432        0.395583
Te        7.52195        1.81172        2.15294        2        0.410645        0.062216        0.011993
Te        10.79832        10.74697        1.90770        2        -0.079891        0.649962        0.918831
Te        7.64968        5.39088        5.62910        2        -0.603523        -0.324682        0.985138
Te        10.60794        7.16769        5.45418        2        1.436280        0.316144        1.585852
Te        7.51205        5.30983        2.03581        2        0.519194        -0.467729        -0.940728
Te        10.84719        3.64394        2.30753        2        -0.788989        -0.602622        -1.858706
Te        7.64783        8.80301        5.39746        2        -0.162236        0.931181        0.831987
Te        10.85234        10.72909        5.53605        2        -0.190116        0.255551        0.096369
Te        7.58043        8.87143        1.96278        2        -0.254106        0.462361        1.165384
Te        10.68000        7.33821        2.04754        2        0.412664        -1.456618        -1.194332
Te        13.86537        1.76708        5.74557        2        -0.394680        0.272806        -0.620037
Te        16.91668        3.63326        5.74944        2        -0.884314        1.464378        -0.010160
Te        14.06865        1.86054        1.84773        2        -1.111944        -0.036974        1.092749
Te        17.03584        0.17463        2.13702        2        -0.210147        -0.178821        0.307519
Te        13.81784        5.45074        5.79721        2        -0.038327        0.166252        -0.516741
Te        17.26532        7.48138        5.94768        2        -1.521659        -0.431033        -0.136265
Te        13.89143        5.51054        1.98207        2        -0.096318        0.085849        0.306209
Te        16.94665        3.96121        2.30901        2        -0.090064        -1.292972        0.887604
Te        13.89171        8.99291        5.48954        2        0.268593        -0.375861        0.324961
Te        16.83270        0.11132        5.81331        2        0.086289        -0.132542        -0.920673
Te        14.10790        8.98035        2.02011        2        -0.386026        -0.353972        0.787671
Te        17.15806        7.05674        2.17253        2        0.115264        1.955461        -0.094458
