54
Lattice="19.166863819 0.000008540 -0.000615361 -0.000005198 10.639921383 0.000045896 0.042448411 0.000094922 30.000000000" Properties=species:S:1:pos:R:3:tags:I:1:forces:R:3 energy=-321.12844009 stress= -8.72901 -2.03415 -0.75198 1.72330 0.77241 -0.03344 pbc="T T T"
Mo        2.38462        0.04557        3.86942        1        0.299223        0.045699        0.844705
Mo        5.68098        1.91042        3.75834        1        -0.282749        -0.079641        1.452029
Mo        2.60660        3.68381        3.82313        1        -0.697099        -0.577635        0.550658
Mo        5.62451        5.48307        3.79739        1        -0.284624        -0.360072        0.196068
Mo        2.35044        7.19778        3.83291        1        1.572659        0.301978        0.787907
Mo        5.64447        8.95240        3.80946        1        0.162734        0.266661        1.109233
Mo        8.89716        0.05587        4.01201        1        -0.401154        -0.088059        0.040968
Mo        11.99384        1.56157        3.94607        1        0.528763        1.023553        0.769908
Mo        8.79081        3.68510        3.96651        1        -0.013016        -0.768059        1.187246
Mo        12.04702        5.25837        4.03354        1        0.223813        -0.352279        0.113333
Mo        8.79114        7.13696        3.90758        1        -0.098676        0.350400        -0.555493
Mo        11.96528        8.81179        4.01036        1        0.059977        -0.597122        0.161141
Mo        15.29180        10.56788        4.04583        1        -0.377741        -0.237197        0.043136
Mo        18.47796        1.70126        3.99905        1        -0.539524        -0.129322        -0.447776
Mo        15.22575        3.39099        3.91939        1        -1.338323        0.283174        1.118059
Mo        18.46331        5.32883        3.87098        1        -0.130976        -0.176569        0.400065
Mo        15.16989        6.86974        3.99745        1        0.738132        0.267521        0.092889
Mo        18.31563        8.83771        3.81682        1        0.331854        0.148281        0.414780
Te        1.43527        1.78677        5.68118        2        0.347269        0.617360        0.049847
Te        4.67301        3.69307        5.57389        2        -0.202330        -0.190641        0.111273
Te        1.36794        1.88109        2.16933        2        -0.094954        0.034312        -0.343736
Te        4.46563        0.11305        2.15858        2        0.461145        -0.048324        -0.921456
Te        1.37865        5.37628        5.67145        2        0.264866        -0.202260        -0.263065
Te        4.45304        7.21270        5.67253        2        0.299272        0.081945        -0.781943
Te        1.44933        5.46690        2.16163        2        -0.720452        -0.954823        -1.409983
Te        4.67071        3.62733        1.89603        2        -0.240639        0.424532        0.643970
Te        1.24918        8.82111        5.59515        2        -0.104704        0.815152        0.295645
Te        4.56596        0.11160        5.59097        2        0.058340        -0.023048        -0.178970
Te        1.45393        9.00573        2.02925        2        -1.309379        -0.440988        -0.162725
Te        4.53194        7.28464        2.04658        2        -0.161800        -0.489563        -0.119583
Te        7.68535        1.87106        5.76493        2        0.163254        -0.004948        -0.628657
Te        10.90638        3.45301        5.74574        2        0.158336        -0.104168        -0.208962
Te        7.87080        1.83042        2.22856        2        0.042455        0.184531        -0.728766
Te        10.89865        10.56905        2.18618        2        0.261623        -0.393821        -0.432773
Te        7.58733        5.52557        5.71757        2        0.358074        -0.587956        -0.218111
Te        10.78940        6.99918        5.73134        2        0.605517        0.111965        0.202206
Te        7.79317        5.34362        2.16744        2        -0.216993        0.615807        -0.982147
Te        10.91327        3.49649        2.25339        2        0.420114        -0.042561        0.001034
Te        7.77839        8.87525        5.68301        2        -0.656652        0.477118        -0.000317
Te        10.96397        10.45290        5.82068        2        -0.205990        0.934467        0.239085
Te        7.76324        9.09679        2.04795        2        0.207328        -0.852446        0.699265
Te        10.97400        7.02344        2.23710        2        -0.095288        0.028720        -0.315387
Te        14.11481        1.64872        5.79507        2        0.001768        0.080738        -0.508966
Te        17.36526        3.47186        5.65343        2        0.068769        0.495255        0.402298
Te        14.15803        1.55988        2.10508        2        -0.194638        0.282885        0.832633
Te        17.26748        0.03763        2.15349        2        0.265900        -0.232678        0.035997
Te        14.18657        5.16553        5.89509        2        -0.224555        -0.242593        -0.923486
Te        17.35703        7.02868        5.64887        2        -0.099809        0.153122        0.041040
Te        14.10658        5.17324        2.18492        2        -0.151127        -0.145884        -0.005751
Te        17.30020        3.50677        2.27741        2        0.627567        -0.433839        -1.075246
Te        14.15751        8.68868        5.81680        2        -0.087968        0.280670        -0.519183
Te        17.36963        10.62483        5.91394        2        0.137754        -0.455610        -1.298040
Te        14.10674        8.72348        2.35538        2        0.265658        0.321825        -0.510475
Te        17.24259        6.94332        2.01521        2        0.035033        0.558837        0.758061
