54
Lattice="18.429676749 0.000008540 -0.000615361 -0.000005198 11.703913521 0.000045896 0.042448411 0.000094922 30.000000000" Properties=species:S:1:pos:R:3:tags:I:1:forces:R:3 energy=-317.69802523 stress= -7.58903 -17.69584 -1.99771 0.68829 -0.27640 0.03344 pbc="T T T"
Mo        2.30105        11.62861        3.72933        1        0.202497        0.292183        1.178357
Mo        5.40992        1.93745        4.01145        1        0.068253        0.357548        -1.213605
Mo        2.25377        3.82033        4.00889        1        0.145191        0.638635        0.057611
Mo        5.46958        5.84226        3.88606        1        -0.402638        0.053898        0.148978
Mo        2.41043        7.73213        4.09391        1        -1.215381        -0.386270        -0.277298
Mo        5.27828        9.67230        3.82120        1        0.890236        0.576641        0.180075
Mo        8.53047        11.69377        3.92477        1        -0.549607        -0.241753        0.447543
Mo        11.43622        1.94784        3.88904        1        1.062332        -0.488210        -0.304840
Mo        8.43336        3.95245        3.75095        1        0.629876        -0.327412        -0.013988
Mo        11.54136        5.91081        3.69734        1        0.387111        -0.027519        0.350089
Mo        8.44670        7.75629        3.74104        1        0.318434        1.125506        1.259796
Mo        11.57130        9.91880        4.07761        1        -0.105816        -1.029458        -0.719395
Mo        14.60154        11.69688        4.02316        1        -0.296800        0.299572        0.212877
Mo        17.59813        1.90435        3.99282        1        -0.262365        0.102392        0.628154
Mo        14.49670        3.83010        3.91367        1        0.161100        0.546514        -0.351246
Mo        17.56351        5.89596        4.12309        1        0.614094        -0.371567        -0.145626
Mo        14.55866        7.76829        4.11611        1        -0.093947        0.223454        -0.780519
Mo        17.66288        9.96974        3.89595        1        0.740617        -1.613543        0.381792
Te        1.34248        1.78728        5.68415        2        -0.114175        0.102688        -0.285118
Te        4.42602        3.87542        5.69965        2        0.050428        0.192470        -0.185692
Te        1.22064        1.93011        2.26843        2        0.341166        0.205767        -0.798486
Te        4.45246        0.11315        2.11926        2        -0.181161        -0.407467        -0.087682
Te        1.32684        5.78235        5.86720        2        -0.142706        0.039593        -0.658055
Te        4.57494        7.73231        5.72123        2        -0.240265        0.139140        -0.177418
Te        1.18846        5.86819        2.32783        2        0.300694        -0.298024        0.456612
Te        4.35618        3.99488        2.19940        2        -0.032647        -0.789935        0.368911
Te        1.41231        9.79091        5.61645        2        -0.174269        0.121550        -0.042309
Te        4.32796        0.00676        5.56140        2        0.216793        -0.568132        0.200457
Te        1.45363        9.55105        2.09714        2        -0.647420        0.456279        0.694534
Te        4.21971        7.63793        2.17413        2        1.131558        0.350573        -0.200732
Te        7.61177        1.97295        5.60491        2        -0.275466        0.240822        0.106741
Te        10.66573        3.96581        5.38037        2        -1.502482        0.449598        1.102903
Te        7.48247        1.82084        2.15977        2        -0.187313        0.677625        0.078034
Te        10.56262        0.00610        2.23363        2        0.204760        -0.273479        -0.783206
Te        7.55398        5.77430        5.60457        2        0.194216        0.393807        -0.270516
Te        10.56985        7.77774        5.61175        2        -0.438569        0.065375        -0.563656
Te        7.50720        5.96670        2.02508        2        -0.411284        -0.762891        -0.218174
Te        10.61266        3.88091        2.02406        2        -0.487252        0.091526        0.001090
Te        7.49508        9.68044        5.61308        2        -0.365387        -0.010960        -0.927308
Te        10.56169        0.04252        5.75626        2        -0.330039        0.411141        0.270055
Te        7.42154        9.97971        2.00669        2        -0.071810        -1.188572        0.918467
Te        10.67021        8.02146        2.18730        2        -0.342889        -0.036864        -0.307849
Te        13.48563        2.03182        5.71479        2        0.205140        -0.641072        -0.196977
Te        16.49777        3.92901        5.72139        2        0.471504        -0.423636        0.033457
Te        13.57414        1.88877        2.18022        2        0.056277        -0.156049        0.272702
Te        16.60294        0.04682        2.21141        2        0.068569        0.261710        -0.392403
Te        13.36397        5.73982        5.67786        2        0.947107        0.395883        -0.245081
Te        16.73944        8.02396        5.77542        2        -0.220031        -0.361601        -0.215693
Te        13.72949        5.83166        2.10844        2        -0.050329        0.307283        0.428624
Te        16.70018        3.78445        2.19435        2        -0.359559        0.666367        0.662539
Te        13.61080        9.75525        5.83297        2        0.218742        0.140100        -0.014746
Te        16.67485        11.70163        5.79339        2        -0.030792        0.280139        -0.087345
Te        13.63033        9.77621        2.31600        2        0.242834        -0.244062        0.162638
Te        16.69945        7.80400        2.36438        2        -0.366594        0.420461        -0.130930
