54
Lattice="20.707852593 0.000456147 -0.025753600 -0.000245476 10.309403738 0.000007040 0.013560576 0.000001770 30.000000000" Properties=species:S:1:pos:R:3:tags:I:1:forces:R:3 energy=-311.35999194 stress= -13.29988 -1.44719 -0.13944 2.03037 -0.39688 -0.85713 pbc="T T T"
Mo        2.57976        0.29188        3.81335        1        -0.960974        -1.173225        0.528123
Mo        4.93339        1.81707        4.15118        1        -1.270226        -1.520378        -0.266651
Mo        2.26397        3.74941        3.88202        1        -0.428280        -0.218331        0.756749
Mo        4.74445        4.75805        3.83570        1        0.828226        1.790882        1.918160
Mo        2.17375        7.30883        3.84078        1        0.722655        -0.409330        0.774036
Mo        4.79813        8.67881        3.94965        1        -0.573958        -0.235125        1.228656
Mo        9.06132        9.92582        3.85616        1        1.006914        1.715941        1.071746
Mo        11.75784        1.61757        4.10242        1        0.675318        0.925957        0.117076
Mo        9.25521        3.03612        4.06477        1        -0.426900        1.907242        0.044820
Mo        11.90091        4.79588        4.15072        1        -0.649356        0.459839        -0.912991
Mo        9.51311        6.63970        4.12896        1        -2.167482        1.874770        -0.141867
Mo        11.84105        8.60564        4.09152        1        -1.412601        1.006284        -0.670923
Mo        16.16885        0.01921        3.64334        1        -0.015399        -0.067634        0.202270
Mo        18.51659        1.58698        3.67638        1        0.819198        -0.040310        2.644401
Mo        16.23672        3.46396        3.58089        1        -1.738844        0.240443        1.264941
Mo        18.48241        5.05018        3.81979        1        0.556808        -1.020182        -0.507628
Mo        16.18135        6.94475        3.67765        1        -0.751046        0.297981        -0.342173
Mo        18.77115        8.99754        3.92653        1        0.550369        -1.088159        -1.456726
Te        0.80280        1.81423        5.14066        2        -1.315509        0.024525        0.846678
Te        3.83157        3.17342        6.03280        2        -0.083416        2.149661        0.541076
Te        6.30239        10.20264        2.42373        2        1.729943        0.447256        -0.373765
Te        3.25738        2.13027        2.08496        2        -0.040062        -0.507994        -1.856858
Te        0.31229        5.26709        5.42009        2        0.703017        0.138401        -0.954571
Te        4.05853        6.94192        5.95055        2        -0.288265        -0.745480        -1.705961
Te        6.56077        3.17679        2.66735        2        1.445008        0.977816        -1.429914
Te        3.01396        5.45406        1.94642        2        -0.546034        0.462631        -0.405677
Te        0.53733        8.86970        5.68693        2        0.337771        -0.516720        -1.415519
Te        4.10173        0.01716        6.04955        2        0.081378        -0.552248        -0.448804
Te        6.59873        6.96159        2.38226        2        -0.473789        -0.862154        0.879909
Te        3.23729        9.00929        1.74892        2        -0.548999        -1.039492        0.919614
Te        7.32619        1.65278        5.38766        2        1.257885        -0.910414        0.706306
Te        10.99320        3.30085        6.15128        2        -0.007557        -0.268874        -0.084098
Te        13.18904        10.28711        2.48520        2        1.283628        -0.086143        -0.882152
Te        10.16163        1.65204        2.08786        2        -1.096412        -0.897849        -1.325519
Te        7.37432        5.01086        5.36878        2        0.585304        0.167050        -0.209465
Te        11.24420        6.77156        6.03105        2        0.591913        -0.250687        0.585155
Te        13.45766        3.41836        2.22227        2        -0.367747        -0.096014        1.077526
Te        9.87887        5.13743        2.19650        2        0.772712        -2.279474        -1.030069
Te        7.64211        8.46123        5.60959        2        -0.245520        -0.032982        -0.516186
Te        11.02955        10.25618        5.98751        2        -0.939720        -0.562707        0.562418
Te        13.37471        6.86028        2.81067        2        0.489185        -0.765190        -0.634171
Te        9.99976        8.44941        1.91803        2        0.281657        -0.570691        0.971900
Te        14.32909        1.72926        5.23215        2        1.009932        0.082744        -0.120427
Te        17.91769        3.39425        5.76731        2        -0.361472        -0.941896        -0.175790
Te        20.67529        0.07547        2.43550        2        -0.611630        -0.264029        -0.215079
Te        16.81632        1.78962        1.67738        2        -0.300201        -0.717983        -0.911300
Te        14.43633        5.16041        5.28179        2        0.779297        -0.639534        -0.173307
Te        17.95814        6.89513        5.57008        2        -0.073221        0.701626        1.384733
Te        20.10722        3.35682        2.33690        2        0.788703        0.544134        -0.447362
Te        16.81739        5.28664        1.67564        2        -0.002261        -0.605587        0.026855
Te        14.41550        8.75243        5.22761        2        0.574034        -0.258366        0.213512
Te        17.76992        10.13318        5.99153        2        -0.667308        1.752152        -0.772172
Te        20.18962        6.78842        2.56872        2        0.788698        1.393561        -0.325742
Te        17.13139        8.50981        1.62926        2        -0.311990        1.061118        1.420529
