54
Lattice="20.707852593 0.000456147 -0.025753600 -0.000245476 10.309403738 0.000007040 0.013560576 0.000001770 30.000000000" Properties=species:S:1:pos:R:3:tags:I:1:forces:R:3 energy=-315.23450827 stress= -15.95017 -4.14515 -2.81797 -0.97064 0.13235 0.14477 pbc="T T T"
Mo        2.18373        10.25328        3.70117        1        0.065473        0.222295        0.525996
Mo        5.01686        1.64958        3.95187        1        -0.996437        0.446440        0.056659
Mo        2.41256        3.14052        4.08009        1        -0.636770        -1.087228        -2.273953
Mo        4.95381        5.21195        4.06495        1        -0.702495        0.364058        0.755960
Mo        2.08679        7.06794        3.97789        1        0.433470        0.504463        0.375914
Mo        4.63284        8.57849        3.94107        1        0.497984        -0.336852        0.215442
Mo        9.32060        0.16702        3.91788        1        -0.378642        -0.720932        -0.120006
Mo        11.89961        1.50202        3.88749        1        -0.079195        1.806212        0.319839
Mo        9.34129        3.52218        3.93631        1        0.560237        0.161149        0.163385
Mo        11.88065        5.28507        3.86990        1        -0.334289        -0.256059        -0.110139
Mo        9.22435        6.92689        3.75259        1        0.221739        0.335240        -0.529004
Mo        11.73477        8.64155        3.75522        1        -0.243187        -0.720472        1.221971
Mo        16.10669        10.13961        3.91964        1        -0.399971        1.354543        -0.613796
Mo        18.55364        1.63885        4.01618        1        0.195262        0.398228        0.320737
Mo        16.10283        3.34711        3.89102        1        0.466579        -0.462982        -0.864532
Mo        18.68411        5.07778        3.99883        1        0.249696        0.160591        1.619399
Mo        16.22465        6.97916        3.78693        1        -0.596651        -2.045659        1.794090
Mo        18.67210        8.59877        3.92013        1        -1.285925        -0.168052        0.152049
Te        0.54969        1.68377        5.42402        2        0.005225        -0.734318        -0.185674
Te        4.12679        3.44227        5.98378        2        0.980073        -0.236423        0.291214
Te        6.82078        10.25899        2.54613        2        -0.907309        0.642998        -0.075573
Te        3.18568        1.53311        1.84051        2        0.216413        1.048430        0.586532
Te        0.69461        5.02585        5.22335        2        -0.272526        0.713915        0.467595
Te        3.93259        6.91619        6.02249        2        0.328649        0.045050        -0.800869
Te        6.75688        3.54590        2.88763        2        -0.387345        -0.373661        -0.576198
Te        3.02634        5.17617        2.28828        2        -0.387526        -0.934012        -0.707071
Te        0.42655        8.80049        5.37928        2        0.092363        -0.695398        -0.115464
Te        3.89069        10.29432        5.78707        2        0.221386        0.395820        0.546171
Te        6.38971        7.03507        2.43594        2        0.399828        -0.386670        -0.042889
Te        2.80590        8.39685        1.83860        2        0.632226        0.677806        -0.135389
Te        7.37884        1.73624        5.45805        2        1.111712        -0.297685        -0.179689
Te        11.22512        3.50235        5.97139        2        -0.047818        -0.177891        -1.528230
Te        13.41661        10.19078        2.35760        2        0.900732        0.976418        -0.353923
Te        10.03972        1.89099        1.87879        2        -0.033905        -0.756190        0.662485
Te        7.69329        5.30438        5.30268        2        -0.418534        -0.043019        0.376746
Te        11.04922        6.96551        5.75894        2        -0.082055        0.036204        0.112116
Te        13.60499        3.51805        2.49328        2        -0.255155        -0.568942        -0.057166
Te        10.07130        5.10675        1.80734        2        -0.124338        0.843294        0.907515
Te        7.45766        8.64294        5.39971        2        0.298535        0.031283        -0.281814
Te        11.26213        0.04767        5.92905        2        -0.706125        -0.707838        -0.214481
Te        13.29029        7.06561        1.95092        2        -0.157046        -0.666231        1.257373
Te        9.77049        8.77556        1.80667        2        0.434258        -0.303087        0.555553
Te        14.49340        1.68383        5.45909        2        -0.285467        -0.611937        -0.559781
Te        17.70596        3.44527        5.99089        2        0.710999        -0.519800        -0.126129
Te        20.09780        0.04544        2.25818        2        0.341564        -0.233272        0.405817
Te        16.83849        1.69164        1.86032        2        -0.162030        -0.596822        1.003934
Te        14.55808        5.09962        5.20684        2        -1.008324        1.143349        0.399496
Te        17.84324        6.79348        6.02664        2        0.365792        0.324885        -1.342323
Te        20.46646        3.32859        2.73483        2        -0.246322        0.017708        -0.128781
Te        17.08607        5.04991        2.01721        2        -1.041672        0.526017        -1.179765
Te        14.36935        8.46758        5.45626        2        0.423297        0.089582        -0.918094
Te        17.88603        10.17642        5.91916        2        -0.102527        0.471951        0.460711
Te        20.17536        6.87201        2.45834        2        0.839966        -0.080588        0.022761
Te        16.57492        8.53961        1.89188        2        1.288154        1.000553        -1.523823
