54
Lattice="19.173937585 0.000456147 -0.025753600 -0.000245476 10.515591813 0.000007040 0.013560576 0.000001770 30.000000000" Properties=species:S:1:pos:R:3:tags:I:1:forces:R:3 energy=-315.72467578 stress= -0.89715 -0.05178 -0.74098 -0.92637 -1.56338 0.16025 pbc="T T T"
Mo        2.13904        0.04838        3.41834        1        -0.062847        0.082312        1.714802
Mo        4.51656        1.86763        3.96519        1        -0.676969        -0.170933        -1.199476
Mo        2.23717        3.46095        4.04436        1        -0.080689        0.720771        -2.329733
Mo        4.61038        5.56768        4.05102        1        -0.561791        -1.003685        -0.999448
Mo        2.09069        7.12220        3.82578        1        0.929694        -0.289996        1.167936
Mo        4.31062        8.84281        3.91049        1        1.623625        -0.876516        -0.346288
Mo        8.53390        0.10006        3.75805        1        -0.162995        -1.887431        0.826652
Mo        10.81079        1.57925        4.06826        1        0.125054        1.561356        -0.375572
Mo        8.26263        3.40173        4.00477        1        3.014493        -0.885850        -0.068766
Mo        10.92494        5.23947        4.14446        1        -0.812686        -0.380470        0.033941
Mo        8.51985        7.23293        3.71292        1        -0.108335        -0.597402        0.972311
Mo        10.75784        8.75832        4.18427        1        1.003863        -0.139836        -2.072590
Mo        14.90388        10.27240        3.87203        1        -1.031381        1.890283        -1.006828
Mo        17.30842        1.56292        3.79247        1        -0.117240        0.438749        -0.466576
Mo        14.98984        3.20736        3.94497        1        -0.554815        -0.091667        -1.679626
Mo        17.32207        5.36488        4.09148        1        0.349811        -0.102224        0.906661
Mo        15.08402        7.18310        3.99299        1        -0.022680        -1.383517        -1.039635
Mo        17.23176        8.89406        3.96077        1        0.969802        -0.942531        -0.471183
Te        0.60885        1.66882        5.11571        2        -0.812232        -0.137483        0.731237
Te        4.02683        3.75361        5.99777        2        0.271421        -1.047501        -0.120639
Te        5.91776        10.38504        2.05395        2        0.228759        0.794308        1.147792
Te        2.71836        1.87645        1.68524        2        0.616994        0.694426        0.488273
Te        0.63973        5.37079        5.56606        2        0.231013        -0.397731        -0.496873
Te        3.86997        7.05706        6.06546        2        -0.369813        0.983272        -0.708945
Te        6.31883        3.63882        2.34913        2        -2.562560        -0.012755        -0.037891
Te        2.73601        5.23339        2.03455        2        0.517712        0.016730        0.147133
Te        0.61960        8.99475        5.16333        2        -0.567231        -0.158291        0.470539
Te        3.67791        10.50361        5.70084        2        -1.030241        1.320375        1.048341
Te        6.00870        7.21245        2.31015        2        0.358539        -0.566266        0.233509
Te        2.79553        8.68276        1.78837        2        -0.179402        -0.396975        -1.865959
Te        6.69228        1.29983        5.54718        2        0.966587        2.800469        0.007125
Te        9.95263        3.51646        6.17719        2        0.704455        -0.487401        -1.381553
Te        12.42310        10.30641        2.47394        2        -0.050004        0.485545        0.629419
Te        9.06397        1.66793        1.86671        2        0.661453        1.674685        -0.204748
Te        7.11218        5.32486        5.45276        2        -0.802642        0.716851        -0.056907
Te        10.01458        7.02727        5.97689        2        -0.041156        -0.576434        0.528548
Te        12.36301        3.29993        2.50920        2        0.396819        0.552661        0.383315
Te        9.19049        5.16295        2.03778        2        0.489245        0.344549        0.534480
Te        6.83232        9.10241        5.37716        2        0.125259        -2.598900        -0.313147
Te        10.29867        10.49282        6.02056        2        -0.931858        0.159833        1.234752
Te        12.52325        7.07098        2.64541        2        0.145936        -0.707746        0.141653
Te        9.34792        8.86183        1.78503        2        -0.062799        -0.061903        0.539627
Te        13.48995        1.86350        5.58865        2        -1.311541        -1.437512        0.251732
Te        16.70185        3.35904        5.82733        2        1.156466        0.396131        1.068912
Te        18.60561        10.41791        1.83339        2        0.293471        0.241288        1.408194
Te        15.37939        1.64658        1.83322        2        0.245621        -0.491287        0.344832
Te        13.42840        5.11636        5.55586        2        -0.096091        0.347549        -0.445863
Te        17.04310        7.13677        6.09391        2        -0.899280        0.130376        -0.489620
Te        18.92232        3.63958        2.42812        2        -0.186681        -0.368780        0.554611
Te        15.60593        5.06868        2.17918        2        -0.696982        1.277497        -1.148319
Te        13.46579        8.45149        5.59117        2        -0.734524        1.438141        0.699929
Te        16.56707        0.09077        5.83952        2        0.564338        -0.286593        1.452223
Te        18.87076        7.06959        2.46338        2        -0.396927        -0.169029        -0.347408
Te        15.56917        8.70848        1.83617        2        -0.045666        -0.425153        -0.009392
