54
Lattice="19.173937585 0.000456147 -0.025753600 -0.000245476 10.927967962 0.000007040 0.013560576 0.000001770 30.000000000" Properties=species:S:1:pos:R:3:tags:I:1:forces:R:3 energy=-314.38168040 stress= -0.56908 -4.86159 1.76261 -1.73159 -0.54892 0.86708 pbc="T T T"
Mo        2.15729        0.12925        3.72496        1        0.746017        0.386084        -2.259234
Mo        4.56269        1.86884        3.72785        1        -1.521395        -0.356422        1.800003
Mo        2.19161        3.37958        3.52153        1        0.239940        0.746473        1.306914
Mo        4.42438        5.50087        3.86150        1        -0.372374        0.224494        0.277455
Mo        2.25938        7.28320        3.66719        1        0.329082        0.900457        -0.177165
Mo        4.49685        9.03203        3.95280        1        -0.583261        0.336746        0.516919
Mo        8.54910        10.84699        3.87987        1        0.256221        0.479955        0.057765
Mo        10.63900        1.87161        4.28921        1        -0.143394        1.019195        0.329659
Mo        8.45553        3.75789        3.98771        1        0.683439        0.319929        -1.965324
Mo        10.69075        5.43850        4.09621        1        0.998359        1.675427        -1.309793
Mo        8.36927        7.17138        4.04105        1        0.750616        0.632684        0.099550
Mo        10.84559        8.95948        4.28938        1        -0.230479        -0.183120        -0.513331
Mo        14.96301        0.26411        4.14879        1        0.396002        0.034679        -0.145026
Mo        17.03956        1.94294        4.05200        1        2.457595        -1.056264        -0.537130
Mo        14.77768        3.57401        3.64927        1        0.372613        -0.366054        2.529127
Mo        17.16736        5.06421        3.74149        1        0.330214        1.043061        2.009667
Mo        15.09948        7.04779        3.88469        1        -0.985271        -0.646664        -1.335355
Mo        17.49283        9.29943        3.94278        1        -0.122814        -1.428628        -0.774374
Te        0.65423        1.94849        5.27086        2        -0.119165        -0.049185        -0.326989
Te        3.74173        3.89734        5.84827        2        -0.318469        -1.403675        -0.809021
Te        6.13705        10.83134        2.49290        2        -0.346261        -0.074116        -0.529348
Te        3.04878        1.80030        1.62530        2        -0.839470        -0.579168        -1.047931
Te        0.96072        5.42430        5.06682        2        -1.283653        -0.554438        0.238841
Te        3.72110        7.31724        5.99886        2        0.421687        0.227953        -1.210651
Te        6.11244        3.54401        2.42441        2        0.208881        1.363598        -0.897418
Te        2.70247        5.36499        1.75488        2        0.503630        0.466500        -0.282063
Te        0.95372        9.31130        5.23049        2        -1.145210        -1.275472        0.759439
Te        3.75692        0.27492        5.79297        2        0.653971        -0.687704        0.020191
Te        5.95567        7.24708        2.37554        2        0.328777        0.262596        0.368460
Te        2.81603        9.11046        1.71580        2        0.136868        0.400649        0.640950
Te        6.82094        1.87636        5.06117        2        1.044210        -0.527417        1.748045
Te        10.20045        3.94726        6.07707        2        -0.523136        -1.943271        1.501468
Te        12.38889        0.06555        3.18903        2        -0.252382        -0.886281        -0.962601
Te        9.36829        2.02528        1.93351        2        -0.854150        -0.734072        0.801853
Te        6.78339        5.32841        5.44274        2        0.139721        0.935428        0.197261
Te        10.31055        7.18500        6.23698        2        -0.495678        0.444812        -1.057002
Te        12.23098        3.47317        2.68116        2        -0.345548        0.907306        -0.696040
Te        8.83832        5.62081        1.94749        2        0.849334        -0.719237        0.714503
Te        6.92684        9.21624        5.45767        2        -0.231154        -0.652242        -0.091878
Te        9.96453        0.08612        6.17657        2        0.274795        -0.775272        -0.160969
Te        12.14834        7.14343        2.29206        2        0.187530        0.404407        1.320784
Te        9.14041        9.03024        2.08366        2        0.538134        -0.307530        0.342172
Te        13.11734        1.89200        5.54666        2        0.995819        0.174875        -0.023876
Te        16.34252        3.61042        5.92213        2        0.243372        0.429959        -0.140344
Te        18.75888        10.92400        2.22834        2        0.540584        0.579817        0.465051
Te        15.63210        1.67607        1.91758        2        -1.086294        0.152184        -0.831503
Te        13.55965        5.52817        5.47465        2        -1.059746        -0.413522        -0.462980
Te        16.98244        6.97832        5.62476        2        0.725585        0.858362        0.763615
Te        18.73807        3.78649        2.23114        2        0.841204        -1.786205        -0.749303
Te        15.39733        5.31056        1.80137        2        -0.195837        0.780650        -1.168323
Te        13.88562        8.97070        5.47222        2        -0.932519        0.374512        0.154939
Te        17.24576        10.86863        5.83181        2        -1.116666        1.029922        2.438732
Te        18.81055        7.22566        2.45879        2        -0.124200        0.047961        0.277574
Te        15.52919        9.21681        2.29879        2        -0.971286        -0.223538        -1.189636
