54
Lattice="20.272644424 0.000008540 -0.000615361 -0.000005198 11.703913521 0.000045896 0.042448411 0.000094922 30.000000000" Properties=species:S:1:pos:R:3:tags:I:1:forces:R:3 energy=-307.26259887 stress= -22.16442 -21.95656 -3.89218 -0.66780 0.91111 0.79555 pbc="T T T"
Mo        2.28409        11.68360        3.78097        1        1.209764        1.688013        -1.646506
Mo        5.72177        1.91989        3.52847        1        0.999615        -0.135275        0.485804
Mo        2.61347        4.28503        3.63479        1        0.303610        -0.701107        0.107751
Mo        6.45008        5.59754        3.59939        1        -1.734667        1.067215        0.540278
Mo        2.64423        7.92556        4.10663        1        0.235554        0.176883        -0.497955
Mo        5.82499        9.76339        4.06401        1        0.479489        -0.345765        -0.935680
Mo        9.32067        11.50350        4.03649        1        -0.564857        -0.039999        -0.786881
Mo        12.57590        1.93993        4.22554        1        1.597010        -1.404706        -1.120782
Mo        9.52901        3.62935        3.83900        1        -1.229278        0.314416        -0.486074
Mo        12.71219        5.74417        4.12832        1        0.349797        1.095156        0.162545
Mo        9.26080        7.51346        4.07341        1        0.718693        0.214627        -1.219406
Mo        12.64247        9.52297        4.24486        1        0.509532        1.500897        -0.791253
Mo        16.10787        0.21243        4.10677        1        -0.175232        -0.345522        0.383812
Mo        19.46330        1.96243        4.05075        1        0.230877        0.348344        -0.914695
Mo        15.98349        3.96176        3.89352        1        -0.069600        -0.271985        1.092502
Mo        19.48372        5.88177        3.69762        1        -0.418848        1.542257        0.377295
Mo        16.21316        7.74108        4.23343        1        -1.486309        1.021550        -1.701448
Mo        19.37317        9.96720        3.76083        1        0.485994        0.350982        0.985471
Te        1.68101        2.20910        5.42575        2        -0.767745        0.119007        -0.360401
Te        5.00613        4.10890        5.38763        2        -0.664490        -0.979756        -0.792006
Te        1.31436        2.32918        1.95104        2        -0.004750        -0.498891        1.295880
Te        4.48648        11.37833        1.95759        2        0.434345        0.672565        1.188603
Te        1.26259        5.95142        5.43861        2        0.998980        -0.114640        0.945637
Te        5.14112        7.57174        5.67352        2        -0.566201        0.245074        -0.874803
Te        1.43234        6.49616        2.18739        2        0.252953        -1.852171        -0.844814
Te        4.96417        3.99649        1.93440        2        -0.472078        -0.179116        -0.313234
Te        1.34864        9.94792        5.46709        2        -0.355931        -0.693414        1.109481
Te        4.49276        0.32806        5.38105        2        0.481013        -1.043460        0.057083
Te        1.37304        9.63326        2.11222        2        -0.143037        0.814405        0.348399
Te        5.03472        7.68010        2.24745        2        -0.223261        0.445804        0.640837
Te        7.86531        1.75084        5.54928        2        0.547928        -0.023377        -1.208808
Te        11.41183        3.75779        5.73838        2        0.401919        0.672756        1.065750
Te        8.38316        1.66218        2.01091        2        -0.381343        0.042770        1.273749
Te        11.65221        11.43794        2.40991        2        -0.262792        0.307794        0.664044
Te        8.26565        5.38182        5.56071        2        0.607244        0.384620        0.219607
Te        11.50835        7.73457        5.89764        2        -0.360054        -0.837068        -0.233586
Te        8.63914        5.62240        1.96783        2        0.048768        -0.086104        0.888330
Te        11.93709        3.82249        2.45859        2        -1.145354        -0.038835        -1.348977
Te        8.12907        9.49306        5.70159        2        -0.142651        0.511069        -0.178158
Te        11.47369        0.01427        5.82068        2        -0.252219        -0.764878        0.089090
Te        8.06703        9.58567        2.22593        2        0.258832        0.077029        1.359011
Te        11.55861        7.74498        2.39631        2        0.083018        -0.403843        0.738585
Te        14.80692        2.02344        5.86123        2        0.552308        0.289191        -0.672988
Te        18.44826        4.07101        5.50627        2        -0.575572        -0.482564        0.715437
Te        14.77998        1.94867        2.26159        2        0.246334        -0.008105        1.099116
Te        18.12464        0.17804        2.19610        2        0.497571        0.205890        0.600630
Te        15.06142        5.88382        5.77523        2        -0.390130        -0.738550        0.029684
Te        18.45182        7.96685        5.50912        2        0.972301        -0.366794        0.879304
Te        14.92893        5.90212        2.27239        2        -0.007439        0.262782        0.725638
Te        18.26204        3.87153        2.35462        2        -0.085273        -0.297837        -1.005500
Te        14.98921        9.77847        5.87716        2        0.220915        -0.083238        -0.425716
Te        18.41964        0.10971        5.85482        2        -0.217039        0.045456        -1.101406
Te        15.06554        9.88556        2.55035        2        -0.466265        -0.730049        0.318735
Te        18.28822        8.03459        2.28163        2        -0.567078        -0.941305        -0.935838
