54
Lattice="20.707852593 0.000456147 -0.025753600 -0.000245476 10.309403738 0.000007040 0.013560576 0.000001770 30.000000000" Properties=species:S:1:pos:R:3:tags:I:1:forces:R:3 energy=-313.20573975 stress= -15.93534 -2.83015 -0.17997 -0.58527 -0.44681 0.30352 pbc="T T T"
Mo        2.38095        0.17042        4.00201        1        0.048395        -1.901428        0.112307
Mo        4.73663        1.48346        3.79564        1        1.106954        0.889185        -0.661812
Mo        2.17852        3.43344        4.05157        1        1.251264        0.518727        -0.629477
Mo        4.74338        5.01939        3.86243        1        -0.183891        0.393907        -1.297288
Mo        2.26487        7.04397        3.98848        1        1.445483        0.028650        -0.629281
Mo        4.94529        8.56890        3.86213        1        -0.745151        -0.921968        -1.117960
Mo        9.27847        9.89962        3.18645        1        -1.144403        1.858545        1.122206
Mo        11.72455        1.55944        3.68917        1        -0.915187        1.338938        1.839396
Mo        9.14284        3.12028        3.65917        1        -0.188220        0.962612        -1.753480
Mo        11.75851        5.07913        3.92288        1        1.429897        -0.496835        0.369030
Mo        9.54053        6.54199        3.45533        1        -1.991200        1.247472        -0.606881
Mo        11.60954        8.64287        3.62234        1        0.317852        -0.191910        0.816762
Mo        15.94654        0.47506        3.94340        1        0.616982        -1.471551        1.503907
Mo        18.55396        1.91125        4.33596        1        0.030507        0.020412        -0.545289
Mo        16.11423        3.59171        3.99372        1        -0.165388        -0.212480        1.728418
Mo        18.82168        5.47833        4.48082        1        -1.381360        -1.486992        0.150336
Mo        16.06346        6.82623        4.30159        1        0.812955        -0.408185        -0.737158
Mo        18.63143        8.76954        4.45033        1        0.151408        -0.663325        -0.812677
Te        0.91270        1.63279        5.61735        2        -1.180663        1.034863        1.366996
Te        4.24528        3.29676        5.77698        2        0.298492        -0.401734        0.794695
Te        6.41117        10.02537        1.93820        2        -0.149352        0.315605        0.722244
Te        2.70855        1.81030        2.00603        2        0.319041        0.129420        -1.008556
Te        0.89555        5.35634        5.52429        2        -1.077690        -0.787900        1.179035
Te        4.45593        6.75045        5.88897        2        -0.642478        0.361624        -0.565694
Te        6.26807        3.25806        2.12332        2        0.235168        -0.110338        0.395929
Te        2.55624        5.15434        1.90118        2        0.752582        0.452432        1.175834
Te        0.89378        8.68252        5.65317        2        -0.353392        0.168240        0.227022
Te        4.45425        10.18980        5.87276        2        -0.493497        0.024011        0.498762
Te        6.35835        6.62950        2.29564        2        0.195347        0.365695        -0.400504
Te        2.78858        8.75271        1.91847        2        0.509635        -0.442855        0.699837
Te        7.52060        1.42223        4.84240        2        -0.457188        -0.348707        0.189559
Te        10.76262        3.33421        5.69341        2        0.530842        -0.407414        0.373577
Te        13.62885        0.25727        2.34037        2        0.091575        -0.947122        -0.583457
Te        10.11137        1.73726        1.55161        2        -0.403512        -1.082088        -0.182693
Te        7.49385        5.08619        4.91850        2        0.373025        -0.604190        0.284601
Te        10.93143        6.86674        5.72574        2        0.127331        0.488946        -0.303084
Te        13.75590        3.44249        2.36535        2        -0.761663        0.657342        0.315227
Te        10.46249        4.83800        1.71337        2        -1.069595        -0.047331        -0.931084
Te        7.64367        8.34030        4.91780        2        0.138306        0.499065        -0.297129
Te        10.40610        10.28949        5.61949        2        1.463888        -0.279613        -0.974546
Te        13.63245        6.89121        2.71510        2        0.060258        -0.084671        -0.122097
Te        9.99898        8.33969        1.26006        2        0.630317        -0.916530        0.581902
Te        14.05777        1.95948        5.29991        2        0.847478        -0.553673        0.230858
Te        17.88273        3.59721        6.30733        2        -0.265564        0.056289        -0.570487
Te        20.38850        0.14609        2.94959        2        -0.617104        -0.193510        -0.605129
Te        16.95992        1.95794        2.07638        2        0.809835        -0.499625        -0.466893
Te        14.35114        5.22866        5.69750        2        -0.002178        -0.174032        -0.657200
Te        17.80559        7.06091        6.45409        2        -0.048568        0.019543        -0.778813
Te        20.37896        3.47716        2.90669        2        -0.701648        0.363301        -0.197925
Te        17.28106        5.16209        2.24850        2        -0.408235        1.376319        0.602833
Te        13.92556        8.90536        5.25608        2        1.191683        -0.247844        -0.041790
Te        17.83096        0.14700        6.18918        2        -1.089224        0.861412        0.900178
Te        20.25122        7.03465        2.97914        2        1.139132        0.546527        -1.277566
Te        16.99978        8.53137        2.33102        2        -0.482746        0.901330        0.598441
