54
Lattice="19.173937585 0.000456147 -0.025753600 -0.000245476 11.134156037 0.000007040 0.013560576 0.000001770 30.000000000" Properties=species:S:1:pos:R:3:tags:I:1:forces:R:3 energy=-315.98057703 stress= -2.92678 -11.57293 -2.35463 -0.64617 3.65206 0.63733 pbc="T T T"
Mo        2.23200        11.03834        3.90686        1        0.347017        0.408916        0.311049
Mo        4.33639        2.20473        4.21541        1        0.172246        -0.212230        0.952771
Mo        2.10264        3.86862        4.15031        1        -1.816006        0.766826        -2.165457
Mo        4.37048        5.46057        4.21290        1        0.218292        1.100949        1.385911
Mo        2.24947        7.38592        3.97512        1        -0.682002        0.433184        0.948653
Mo        4.51648        9.10816        4.14804        1        0.120544        -0.425460        0.046669
Mo        8.60391        0.14260        3.58321        1        -0.357779        1.021577        0.930930
Mo        10.87824        1.79074        3.75216        1        0.420036        0.540534        0.330528
Mo        8.38931        3.56774        3.90833        1        1.395019        0.602891        -2.392344
Mo        10.83354        5.13430        3.69665        1        0.231772        0.776220        0.945607
Mo        8.47661        7.03098        3.74526        1        0.431446        0.080759        0.082541
Mo        10.82552        9.54327        3.74921        1        1.038546        -0.001865        1.970263
Mo        15.06255        11.09137        3.61703        1        -0.320065        -0.521538        -0.980294
Mo        17.27469        1.65548        4.11668        1        0.194605        0.670637        -2.526933
Mo        15.11061        3.52784        3.66025        1        0.313128        -0.471392        -0.210996
Mo        17.22668        5.87441        4.12196        1        -1.558530        -0.322758        1.107853
Mo        14.96264        7.60581        3.81773        1        0.249767        -0.333842        -0.768217
Mo        17.29668        9.24917        4.13094        1        -0.163582        0.417273        0.327241
Te        0.49534        1.78032        5.45180        2        0.839432        0.156600        0.361797
Te        3.42576        3.82837        6.27927        2        1.940854        -0.205365        0.859846
Te        5.98699        0.00552        2.84871        2        -1.071926        0.587336        -0.102734
Te        2.73967        2.16606        2.18953        2        -0.518266        -0.980387        -0.770566
Te        0.44629        5.85086        5.49394        2        0.463770        -0.253549        0.340644
Te        3.91853        7.48760        6.20073        2        -0.082863        -0.596550        -0.707459
Te        5.91160        3.81299        2.66371        2        -0.104605        -0.433443        -0.565953
Te        2.69040        5.66208        2.03621        2        0.033510        -0.696410        0.337875
Te        0.58568        9.43574        5.56634        2        0.396090        -0.411920        -0.286270
Te        3.95404        0.03238        5.85451        2        0.128575        0.107361        0.864130
Te        5.85354        7.30097        2.53141        2        0.612617        -0.262000        0.361989
Te        2.84738        9.23887        2.08216        2        -0.134810        -0.118555        -0.812543
Te        6.83559        1.89985        5.30760        2        0.685070        -0.340573        0.312983
Te        10.25905        3.58273        5.84174        2        0.430537        0.045787        -0.583828
Te        12.50515        11.08340        2.02367        2        -0.296247        0.103393        1.040503
Te        9.32730        1.94553        1.59129        2        -0.851728        -0.113737        0.908205
Te        7.23417        5.35437        5.67574        2        -0.747431        0.720850        -0.710170
Te        10.42432        7.22827        5.64338        2        -0.325509        0.258902        -1.074766
Te        12.48692        3.68137        2.08889        2        -0.030387        -0.518726        0.381347
Te        8.91984        5.42038        1.70379        2        0.428732        -0.418001        0.707356
Te        7.20969        9.16372        5.07359        2        0.163550        -0.014940        -0.022521
Te        10.04103        0.24271        5.82248        2        0.793884        -1.036351        -0.633538
Te        12.34928        7.35453        2.46656        2        -0.233072        0.326125        0.321637
Te        9.15032        9.38156        1.88135        2        -0.809349        -1.373885        -1.475074
Te        13.44334        1.92031        5.02822        2        -0.441922        -0.734264        0.261391
Te        16.71601        3.76053        5.90839        2        -0.502442        0.014832        -0.589750
Te        19.07109        11.11501        2.59769        2        -1.593453        -0.154328        -0.189352
Te        15.81575        1.68530        1.68986        2        0.143997        0.419693        0.719823
Te        13.42903        5.41581        4.99471        2        0.075877        0.250929        -0.181491
Te        16.28737        7.65921        6.26262        2        0.645630        -0.378737        -1.808150
Te        18.71202        3.70758        2.85416        2        0.092377        0.662464        -0.161738
Te        15.53103        5.54628        1.92716        2        0.432372        0.527650        0.489430
Te        13.32864        9.40435        5.05424        2        -0.192964        0.132480        0.091273
Te        16.45173        0.02613        5.85941        2        -0.334294        -0.905941        1.959832
Te        18.82406        7.40418        2.70820        2        0.784723        0.545137        -0.886649
Te        16.04805        9.07901        1.74427        2        -1.095927        0.579525        0.936558
