54
Lattice="20.707852593 0.000456147 -0.025753600 -0.000245476 10.309403738 0.000007040 0.013560576 0.000001770 30.000000000" Properties=species:S:1:pos:R:3:tags:I:1:forces:R:3 energy=-310.94070910 stress= -11.81960 -1.72788 -1.08897 -1.26058 0.39007 1.99439 pbc="T T T"
Mo        2.37779        9.53540        3.94158        1        -0.887693        2.800328        1.704639
Mo        4.88888        2.04227        3.92376        1        0.691917        -1.264999        -1.661569
Mo        2.41058        3.50777        3.76870        1        -1.466314        -1.225675        4.093798
Mo        4.83501        5.23937        4.03001        1        -0.669313        -0.930041        1.490956
Mo        2.44650        6.75854        3.89208        1        -1.707453        -0.256906        -2.029970
Mo        4.79412        8.34067        4.06646        1        0.702905        1.000545        0.212130
Mo        9.02778        0.02440        4.04370        1        0.785100        -0.453786        -0.227884
Mo        11.66935        1.58024        3.78536        1        0.103612        0.547866        0.827926
Mo        9.00036        4.22236        3.70820        1        0.986705        -1.151322        1.740780
Mo        11.67343        5.36895        3.70538        1        -0.139822        0.375889        -0.346679
Mo        9.02756        6.91977        3.81190        1        1.280502        0.547708        0.114133
Mo        11.70537        8.93701        3.86865        1        0.824395        -0.321174        1.936686
Mo        16.20930        10.14935        3.80492        1        -1.183779        -0.325671        1.582688
Mo        18.59144        1.24534        3.90486        1        1.647897        0.279888        -1.311068
Mo        15.85549        2.85956        3.92657        1        -0.837284        0.101047        -1.115265
Mo        18.68551        5.49171        3.95927        1        0.859458        -0.427135        -0.947607
Mo        16.16906        7.00693        4.05948        1        -0.427528        0.588276        -0.618420
Mo        18.75333        8.52928        3.92419        1        0.288851        -0.856735        0.442439
Te        0.61012        1.59680        5.14247        2        0.533610        -0.931654        -0.299722
Te        3.99942        3.22415        5.97888        2        -0.479631        2.339514        0.220208
Te        6.58623        10.11468        2.88618        2        -0.794410        0.709856        -0.652946
Te        3.02290        1.73733        1.92992        2        0.559152        -1.336800        0.426287
Te        0.74196        5.05174        5.44120        2        -0.104695        -0.143931        -0.240386
Te        3.83868        6.98643        6.09976        2        0.792293        -1.159192        0.433024
Te        6.67004        3.58440        2.30459        2        -1.106889        -0.333973        0.522888
Te        3.06129        4.95572        1.96438        2        1.308570        2.656362        -2.924861
Te        0.45888        8.12323        5.37202        2        0.743221        1.318271        0.304329
Te        4.35473        0.18736        5.94125        2        -0.441392        -1.324987        -1.021262
Te        6.44536        6.61579        2.48580        2        0.454314        1.926225        -0.824133
Te        3.34531        8.60271        1.80924        2        0.235088        -1.699449        -0.514693
Te        7.46788        2.05042        5.30226        2        0.482934        0.404782        -0.373656
Te        11.06873        3.63450        5.71438        2        -0.480494        -0.155759        -1.079886
Te        13.73099        0.19615        2.41871        2        -1.036437        -0.685983        -0.041692
Te        9.68959        2.02287        2.01037        2        0.015754        -0.491695        0.230352
Te        7.28631        5.55052        5.43882        2        0.201510        -1.118352        0.285668
Te        11.33640        6.97454        5.83209        2        -0.880849        0.615023        -0.835370
Te        13.17948        3.51013        2.20843        2        0.299050        0.047152        0.555778
Te        9.91281        5.54597        1.57342        2        0.521973        0.030753        0.544545
Te        7.76958        8.60427        5.80274        2        -0.370712        0.182196        -0.752886
Te        10.74884        0.27449        6.04147        2        0.572407        -0.735563        -1.033546
Te        13.58405        7.20202        2.36870        2        -0.408809        -0.422101        0.581999
Te        9.99089        8.95533        1.95973        2        -0.822775        -0.623298        -0.513567
Te        14.01845        1.70182        5.43961        2        0.853235        -0.400098        -0.147915
Te        17.80405        3.39688        5.43238        2        0.939189        -0.288907        1.895903
Te        20.55828        9.98021        2.30440        2        -0.540682        -0.003101        0.560648
Te        16.94387        1.48504        1.87844        2        0.030384        0.559747        -0.886775
Te        14.68011        5.11149        5.45405        2        -0.552073        -0.423412        -0.679100
Te        18.05701        6.86822        6.09601        2        -0.759584        0.352232        -0.469576
Te        20.19881        3.18210        2.79726        2        -0.030431        1.027908        -0.113524
Te        16.72778        4.98982        2.18856        2        -0.074185        0.374136        0.275363
Te        14.34359        8.49442        5.51610        2        0.524523        0.949603        -0.347485
Te        17.92589        10.22703        5.95340        2        -0.677120        -1.049674        0.660115
Te        20.49354        6.57310        2.24015        2        -0.337423        0.714503        0.562977
Te        16.99443        8.40470        1.90749        2        -0.012428        0.101726        -0.178933
