54
Lattice="18.429676749 0.000008540 -0.000615361 -0.000005198 11.278316666 0.000045896 0.042448411 0.000094922 30.000000000" Properties=species:S:1:pos:R:3:tags:I:1:forces:R:3 energy=-316.34332256 stress= -3.49934 -10.69003 -3.63497 2.97576 0.85711 0.10296 pbc="T T T"
Mo        2.27791        11.17369        4.15224        1        -0.622850        0.713549        -1.164660
Mo        5.57458        1.66028        3.69052        1        -2.447234        0.660247        0.465770
Mo        2.31914        3.58568        4.06061        1        -0.417181        0.075098        -0.987230
Mo        5.42754        5.56762        3.67650        1        -0.378574        0.693940        1.396969
Mo        2.38347        7.53858        4.02845        1        0.100448        -0.417361        -0.262964
Mo        5.40965        9.34455        3.85191        1        -0.622023        0.298038        -1.123372
Mo        8.49756        0.00990        3.52577        1        0.626304        -0.190334        2.464226
Mo        11.42699        2.06082        4.07283        1        0.941904        1.206612        -0.997354
Mo        8.26154        3.87699        3.93519        1        1.841685        -1.938132        -0.398569
Mo        11.55578        5.75726        4.05483        1        0.054170        -0.129688        -0.187015
Mo        8.33664        7.56059        3.44823        1        0.691176        -0.507120        1.930438
Mo        11.71193        9.45074        3.43265        1        -1.486321        0.483877        1.163688
Mo        14.52581        0.01379        3.86093        1        0.495790        0.303802        0.904217
Mo        17.63512        1.88881        4.11192        1        1.176334        -1.063980        0.776714
Mo        14.69778        3.82146        4.26149        1        0.081140        0.594645        -0.178544
Mo        17.64993        5.65145        4.11175        1        -0.574849        -0.394935        0.806204
Mo        14.59621        7.49346        4.01653        1        1.140997        1.670100        1.886441
Mo        17.62594        9.28795        4.13087        1        -0.112656        0.425540        -0.194073
Te        1.42622        1.86871        5.96996        2        -0.619240        -0.498555        -0.660314
Te        4.54803        3.57805        5.43349        2        0.866089        0.163597        0.554224
Te        1.27980        1.72723        2.23431        2        -0.272939        0.163151        1.127084
Te        4.12153        0.02388        2.10391        2        0.712109        -1.015519        0.194864
Te        1.39559        5.59158        5.74777        2        0.247440        0.175758        0.365380
Te        4.58525        7.41546        5.68356        2        -0.310346        -0.001808        -0.732105
Te        1.27580        5.48959        2.41034        2        0.376263        0.751535        -0.591041
Te        4.19386        3.65208        2.01548        2        0.769984        -0.229968        0.525410
Te        1.27818        9.35234        5.88395        2        0.367868        -0.524691        0.030550
Te        4.50780        11.13263        5.64606        2        0.139479        0.326335        0.170157
Te        1.16864        9.31532        2.32441        2        0.787707        0.200123        0.046088
Te        4.40273        7.58768        2.03025        2        -0.670389        -0.557195        0.498692
Te        7.43196        1.55150        5.52235        2        0.932913        0.961726        0.173329
Te        10.30118        3.63479        6.05185        2        -0.147318        1.070594        -1.688399
Te        7.53778        1.87541        1.96560        2        -0.039987        1.060532        -0.936163
Te        10.65673        0.40343        2.05501        2        0.822358        -0.764272        -1.129747
Te        7.54371        5.70980        5.63682        2        -0.885325        0.829423        -0.855747
Te        10.47114        7.90347        5.33188        2        -0.203246        -1.072577        -0.265707
Te        7.38248        5.50159        1.89716        2        0.180668        0.138893        -0.251318
Te        10.62029        4.04400        2.26813        2        -0.803651        -0.923121        0.323068
Te        7.58934        9.35759        5.33379        2        -0.091864        0.271254        0.595700
Te        10.64002        11.21090        5.36537        2        -0.851277        -0.593191        0.212575
Te        7.37222        9.54652        1.90310        2        -0.593878        -0.653091        -1.000969
Te        10.49144        7.42821        1.86016        2        0.916156        0.165812        0.269270
Te        13.26335        2.12508        6.03173        2        1.439492        -0.731935        -0.863690
Te        16.78963        3.80411        6.02315        2        -0.233119        -0.288397        -0.578578
Te        13.73741        2.22785        2.38978        2        -1.048861        -1.064020        -0.129914
Te        16.71642        0.03895        2.13132        2        -0.197004        -0.182776        1.516897
Te        13.57099        5.64694        5.92519        2        -0.261339        0.564455        -0.221411
Te        16.51795        7.56194        6.07035        2        0.441451        -0.394300        -1.389374
Te        13.81049        5.78945        2.37914        2        -1.397514        -2.304930        -1.054475
Te        16.75435        3.62594        2.35301        2        -0.524155        1.288476        0.141332
Te        13.40992        9.36239        5.55146        2        0.382756        0.596177        0.013544
Te        16.59355        11.10530        5.78744        2        -0.701642        1.213517        -0.312890
Te        13.90950        9.39822        1.97545        2        -0.216478        -0.118691        -0.032734
Te        16.70755        7.51459        2.34691        2        0.153621        -0.506542        -0.373618
