54
Lattice="20.272644424 0.000008540 -0.000615361 -0.000005198 11.703913521 0.000045896 0.042448411 0.000094922 30.000000000" Properties=species:S:1:pos:R:3:tags:I:1:forces:R:3 energy=-304.57000614 stress= -19.91567 -17.90770 1.23500 2.25806 0.61274 -1.17062 pbc="T T T"
Mo        2.59640        11.57145        4.19349        1        -1.076105        0.513491        -0.388422
Mo        5.83226        1.89523        4.29097        1        0.839025        -0.098721        0.897094
Mo        2.64432        3.94578        4.60377        1        0.717317        -1.119007        -0.540943
Mo        5.72885        6.07523        4.06167        1        1.123282        0.096597        0.605906
Mo        2.86342        7.92701        4.02807        1        -0.883287        -0.972881        1.485592
Mo        5.67082        10.01838        3.89461        1        2.256216        -2.257176        -0.747715
Mo        9.13187        11.43790        3.91227        1        1.853466        1.277568        -0.073443
Mo        12.74088        2.05638        3.47586        1        -0.204578        -0.378768        -0.407702
Mo        9.22183        3.63406        4.13211        1        -0.333935        1.382562        -0.487471
Mo        12.50708        5.93572        3.66292        1        0.896841        -1.304201        -0.495412
Mo        9.39163        7.85624        3.81436        1        -0.196648        -0.476177        -0.964268
Mo        12.75507        9.87932        3.24983        1        1.485129        -2.065981        0.475716
Mo        16.24391        0.10819        3.43084        1        -0.300589        -0.735205        0.363890
Mo        19.39777        1.95524        3.98302        1        -0.003618        1.655973        1.300081
Mo        16.09807        4.15454        3.90536        1        -1.359154        -2.159956        0.833203
Mo        19.60665        5.81462        4.06942        1        -0.988527        1.152354        1.264206
Mo        15.99425        7.49491        3.73282        1        0.983687        0.527681        -0.824184
Mo        19.57152        9.57815        4.09623        1        1.024747        -0.535180        -0.630839
Te        1.07132        1.97704        5.89564        2        0.798845        -0.482337        0.010984
Te        5.06611        4.04177        6.06740        2        -0.591753        -0.101930        -0.467258
Te        1.64351        2.20566        2.66019        2        -0.534514        -0.752260        0.034597
Te        4.68107        0.27233        2.43847        2        -0.603386        0.097166        -0.842914
Te        1.39557        5.83202        5.95614        2        0.321601        0.907207        0.439529
Te        4.93104        8.30941        5.88491        2        -0.254493        -1.663732        -0.742773
Te        1.72928        5.67987        2.75418        2        0.040561        0.442404        -1.176870
Te        4.84894        3.84151        2.66491        2        -0.706634        0.488516        -0.000828
Te        1.59893        9.56553        5.94050        2        -0.581356        0.360584        -1.079446
Te        4.70748        11.47057        5.82741        2        -0.054746        1.879068        1.141444
Te        1.51039        9.42641        2.28738        2        -0.004321        1.276534        0.443284
Te        4.85436        7.92381        2.13049        2        -0.174124        0.053655        0.687080
Te        8.38338        1.57613        5.87626        2        -0.595610        0.343092        -0.239955
Te        11.59769        3.77727        5.29634        2        0.532112        0.353153        0.929105
Te        8.02199        1.83059        2.57410        2        -0.608368        -0.198958        -1.211710
Te        11.40795        0.03317        2.06348        2        -0.819300        0.930624        -1.366460
Te        8.21668        5.87572        5.67352        2        0.030989        0.138055        -0.632117
Te        11.85845        8.00353        5.13715        2        -0.826599        0.645863        0.804869
Te        7.93971        5.90864        2.33169        2        0.305002        -0.331325        0.376030
Te        11.21220        3.94397        2.03620        2        0.038355        -0.033765        0.110772
Te        8.14287        9.54648        5.42766        2        -0.525777        0.131829        1.189815
Te        11.90671        11.53945        5.14055        2        -0.847328        0.860564        0.903754
Te        8.04476        9.79358        2.04195        2        -0.240908        -0.361949        0.469119
Te        11.60036        7.88561        1.73229        2        -0.574424        -0.343242        0.620800
Te        14.66622        1.89271        5.32129        2        1.614351        0.152309        -0.336460
Te        18.04926        4.40011        5.91104        2        0.493712        -1.088755        -0.602294
Te        15.39666        2.34644        1.82478        2        -0.810247        -1.062113        0.969648
Te        18.87854        0.06364        2.33701        2        -0.852979        -1.211429        -1.562528
Te        14.83675        5.76125        5.52582        2        -1.110216        1.090240        0.516862
Te        18.06394        7.90630        5.71647        2        0.590601        -0.867693        -0.640930
Te        14.74200        5.59271        2.08843        2        0.046666        1.161089        -0.587610
Te        18.19718        4.21063        2.44931        2        2.142626        -1.123365        -1.364489
Te        15.09500        9.59267        5.06454        2        -0.852135        1.284293        0.260955
Te        18.15451        11.33737        5.43200        2        -0.354828        1.810660        0.874966
Te        15.13773        9.58890        1.74701        2        0.190172        0.271888        0.440035
Te        18.62282        7.60502        2.29676        2        -0.467517        0.434069        -0.045793
