54
Lattice="20.272644424 0.000008540 -0.000615361 -0.000005198 10.639921383 0.000045896 0.042448411 0.000094922 30.000000000" Properties=species:S:1:pos:R:3:tags:I:1:forces:R:3 energy=-314.32819842 stress= -17.04932 -4.09461 0.18271 -3.32818 -0.73866 0.36362 pbc="T T T"
Mo        2.52111        10.58386        3.63206        1        1.009618        -1.009496        -0.767421
Mo        6.01174        1.81473        3.67667        1        0.012924        -0.078440        0.225287
Mo        2.80237        3.30314        3.54150        1        -0.930317        0.823000        -0.084274
Mo        6.22542        5.21836        3.74066        1        -1.751420        0.313036        0.612823
Mo        2.82105        6.95060        3.65768        1        -1.470151        0.464433        -0.121462
Mo        6.16829        8.79146        3.67841        1        -0.492565        -0.616622        -0.629517
Mo        9.22990        0.04544        3.77926        1        1.159948        -0.798292        2.466543
Mo        12.42018        1.84050        4.27326        1        0.420100        0.621326        0.023326
Mo        9.42603        3.62942        4.00788        1        -1.532562        0.552227        -0.681554
Mo        12.64419        5.51874        4.24784        1        0.162419        -0.737093        -1.207362
Mo        9.54234        7.07804        3.98110        1        -0.325058        -0.984641        0.072081
Mo        12.50263        8.82292        4.15164        1        1.159387        -0.360605        0.101947
Mo        15.95716        0.14509        4.23203        1        0.243909        0.916468        -1.172090
Mo        19.49762        1.57540        4.02446        1        -0.525245        0.822370        0.088618
Mo        15.93462        3.63093        4.13368        1        0.739468        0.868685        1.260259
Mo        19.38166        5.22215        3.97894        1        1.453420        0.503777        -0.135247
Mo        16.07255        7.30135        4.19351        1        1.029059        0.673917        -0.784025
Mo        19.42469        8.88469        3.80351        1        0.172276        -1.093297        0.950862
Te        1.58819        1.57788        5.47741        2        0.018296        0.646555        0.112144
Te        4.79873        3.60283        5.35630        2        0.695801        -1.070745        0.701596
Te        1.29157        1.67741        1.90703        2        -0.041191        -0.225177        0.473585
Te        4.97848        10.55403        1.99605        2        -0.701574        0.123329        -0.418647
Te        1.94788        5.08825        5.45852        2        -1.332366        0.293268        -0.447223
Te        4.95089        7.06590        5.34028        2        0.278897        -0.110324        0.931779
Te        1.52253        5.26449        1.90199        2        -0.258750        -0.647470        0.876564
Te        5.00843        3.46660        1.79677        2        -0.007606        0.115236        0.430239
Te        1.48126        8.78800        5.36596        2        0.424093        -0.235569        0.058096
Te        4.95503        10.55656        5.32867        2        -0.800781        0.338790        0.337796
Te        1.23642        8.65113        1.92140        2        0.666801        0.561299        0.661270
Te        4.92573        6.89395        1.99147        2        0.777140        0.675890        -0.568815
Te        8.01564        1.97863        5.54588        2        0.119103        -1.405021        0.402302
Te        11.33326        3.70564        5.95331        2        0.601021        -0.195004        -0.134686
Te        8.26281        1.73147        2.13148        2        0.017631        1.497532        -1.156032
Te        11.70010        10.59546        2.41405        2        -1.191612        0.915567        -0.975361
Te        8.22774        5.32041        5.85652        2        -0.006402        0.274769        -1.321249
Te        11.47996        7.15916        6.07302        2        -0.137883        -0.002391        -0.801898
Te        8.21114        5.34444        2.12405        2        2.104500        -0.194748        -0.240550
Te        11.49293        3.66777        2.33280        2        0.889800        -0.121400        0.537711
Te        8.15477        8.78267        5.49487        2        0.132455        0.876872        0.886367
Te        11.21564        10.57173        5.79698        2        -0.227693        0.431998        0.222814
Te        8.48801        8.75231        2.13640        2        -0.491764        0.097076        -1.076100
Te        11.68172        7.06560        2.16970        2        0.037797        0.132956        1.022742
Te        14.79240        2.05706        5.93251        2        -0.544463        -0.801140        0.485954
Te        18.25255        3.53400        5.81891        2        0.378945        -0.338217        -0.352135
Te        14.51712        1.97392        2.61216        2        0.947987        -0.663641        -1.099581
Te        18.17109        10.59439        2.25621        2        -0.603767        0.627561        -0.035716
Te        14.89561        5.71784        5.87602        2        -0.174918        -1.453698        0.661293
Te        18.80477        7.16248        5.79182        2        -1.374649        -0.407866        -0.217106
Te        15.19788        5.43564        2.39875        2        -1.579714        0.651301        -0.194634
Te        18.12001        3.36979        2.48502        2        0.161864        0.074323        -0.861737
Te        14.73414        9.17279        5.86931        2        -0.088795        -1.124720        0.504621
Te        18.21955        10.56360        5.86156        2        0.590885        -0.034821        -0.754577
Te        14.86285        9.02765        2.40151        2        -0.127086        -0.173364        0.602938
Te        18.13777        7.02992        2.23182        2        0.369774        0.015300        0.556798
