54
Lattice="19.173937585 0.000456147 -0.025753600 -0.000245476 11.134156037 0.000007040 0.013560576 0.000001770 30.000000000" Properties=species:S:1:pos:R:3:tags:I:1:forces:R:3 energy=-316.41385272 stress= -4.88233 -11.80309 -1.19415 3.11772 -0.88603 -0.73855 pbc="T T T"
Mo        2.06989        10.75731        4.06221        1        0.493281        1.853513        -0.671728
Mo        4.35651        1.72923        4.38212        1        -0.522753        0.231016        -0.821659
Mo        2.10144        3.98320        4.08873        1        0.908844        -1.300392        -1.795202
Mo        4.37279        5.49292        4.21433        1        0.978231        -1.327818        -1.165387
Mo        2.19703        7.45318        3.79045        1        -0.424488        -0.329295        0.639167
Mo        4.50466        9.61403        4.08141        1        -0.002358        -1.577587        -0.422979
Mo        8.60895        11.07688        3.84669        1        -0.146550        1.295294        -0.217522
Mo        10.95845        1.85348        4.12370        1        -0.939503        -0.678803        -1.202452
Mo        8.45566        3.78824        3.81092        1        0.581859        -0.360272        -0.467035
Mo        10.82983        5.36176        4.00764        1        -0.765006        0.638545        -1.540366
Mo        8.61602        7.48924        3.71292        1        -0.970411        0.676881        -0.352135
Mo        10.87312        9.42024        3.76716        1        0.323355        -1.018141        1.208459
Mo        15.04729        11.02828        3.63844        1        -0.417761        0.156137        -0.298308
Mo        17.15181        1.94264        3.93909        1        0.911643        -0.290044        -1.141841
Mo        14.91046        3.80968        3.72748        1        1.032977        -0.359577        -0.087667
Mo        17.22698        5.62639        4.03526        1        -0.105941        0.467253        0.297824
Mo        14.93242        7.30423        3.86276        1        0.095504        0.416920        -1.573131
Mo        17.23711        9.24598        3.80743        1        0.222379        -0.673415        1.218125
Te        0.77597        1.78899        5.26978        2        -1.038933        0.413270        0.121821
Te        3.74776        3.65217        6.24395        2        0.208953        0.241617        -0.220433
Te        5.91399        0.16146        2.57624        2        0.390838        0.019928        -0.209324
Te        2.78196        1.77253        2.17972        2        -0.136013        0.285453        0.985144
Te        0.59086        5.60510        5.34727        2        -0.960343        1.094827        0.977609
Te        3.86824        7.39938        5.83683        2        -0.057179        1.325094        1.253664
Te        5.87949        3.69907        2.62508        2        -0.136189        0.041512        0.408318
Te        2.83276        5.54450        1.97849        2        -0.103925        -0.003734        0.086964
Te        0.71591        9.26078        5.62998        2        -0.987784        -1.098654        0.035084
Te        3.74402        10.88700        6.21603        2        0.075514        1.046120        0.396153
Te        5.75979        7.52056        2.60094        2        0.741115        -0.142498        0.431971
Te        2.69211        9.31389        2.00239        2        0.541270        -0.204191        -1.150457
Te        6.91753        1.82732        5.28140        2        0.800434        0.288060        0.293463
Te        10.09888        3.65757        5.91589        2        0.268462        -0.157266        0.681977
Te        12.50378        11.09606        2.46166        2        -0.056286        0.667307        -0.529761
Te        9.31733        1.89545        1.79548        2        -0.144914        0.144853        1.825827
Te        7.14273        5.74038        5.41370        2        -0.592320        -0.393527        -0.291959
Te        10.28782        7.36936        5.73036        2        0.391230        0.483911        0.112953
Te        12.52490        3.63043        2.54529        2        -1.273153        0.190744        -0.392917
Te        8.96933        5.68646        1.85308        2        0.604996        -0.721775        0.040898
Te        7.06519        9.38368        5.35338        2        -0.066889        -0.249812        0.002565
Te        10.40886        10.92651        5.91430        2        -0.219905        0.786375        -0.056242
Te        12.48400        7.55174        2.24403        2        -0.304953        -0.838892        0.881947
Te        8.96303        9.53799        1.80012        2        0.223617        -1.249519        -0.432245
Te        13.56608        1.68747        5.31103        2        -0.188912        0.434669        -0.225868
Te        16.54926        3.64327        5.82917        2        0.203955        0.734619        0.881162
Te        18.81016        11.01374        2.45860        2        0.244980        0.806702        -0.032244
Te        15.44819        1.89551        1.75434        2        0.579820        -0.162733        0.716689
Te        13.25336        5.47763        5.26471        2        0.924139        0.143557        0.163687
Te        16.78255        7.65340        5.98094        2        -0.536407        -0.914083        -0.917226
Te        18.85002        3.91991        2.52224        2        -0.091526        -0.694729        0.035872
Te        15.82596        5.50127        1.74416        2        -0.938726        0.326155        0.920038
Te        13.38685        9.21019        5.20797        2        0.157964        0.073985        -0.105392
Te        16.75328        11.10912        5.69444        2        -0.116581        0.209760        0.721743
Te        18.74887        7.51288        2.34308        2        0.503664        -0.660554        0.352610
Te        15.51828        9.11049        1.72751        2        -0.163072        -0.121381        0.598398
