54
Lattice="20.707852593 0.000456147 -0.025753600 -0.000245476 11.134156037 0.000007040 0.013560576 0.000001770 30.000000000" Properties=species:S:1:pos:R:3:tags:I:1:forces:R:3 energy=-308.43587959 stress= -13.18134 -8.66984 -3.03127 0.35354 -0.83918 -0.67908 pbc="T T T"
Mo        2.48021        0.68775        3.85111        1        -1.174518        -0.494632        0.122745
Mo        4.85176        1.97677        4.32633        1        -0.633030        0.612523        -0.457423
Mo        2.32247        3.73970        3.99807        1        0.158723        0.342936        0.296083
Mo        4.72155        5.45829        4.51411        1        0.570518        -1.083506        -1.304953
Mo        2.25721        7.24229        3.97322        1        0.856222        -0.377264        2.790819
Mo        4.78238        8.44518        4.36686        1        -1.179961        2.454469        -1.061367
Mo        9.42177        11.05587        4.14218        1        -0.874094        2.486048        -1.101572
Mo        11.67268        1.68504        4.11131        1        1.073731        1.573805        -0.703943
Mo        9.34621        3.66100        3.92565        1        -0.066018        0.682896        0.303334
Mo        11.69265        5.60150        3.69015        1        0.269484        -1.151202        0.520821
Mo        9.18337        7.16986        3.72574        1        0.850352        0.127088        -0.748033
Mo        11.69694        9.63016        3.76016        1        0.489546        1.104006        1.339514
Mo        16.06451        10.85914        3.69205        1        0.186616        -0.948995        -1.024067
Mo        18.52448        1.35452        3.72972        1        1.286634        1.502291        -0.804129
Mo        15.98629        4.01627        3.58616        1        1.888713        1.540867        -0.132486
Mo        18.73246        5.32561        3.84379        1        -0.118987        1.107528        -0.459377
Mo        16.06723        7.50983        3.56903        1        0.810250        -0.724705        0.272777
Mo        18.54037        9.45640        3.94142        1        0.359092        -0.580081        -1.278735
Te        0.70502        2.20439        5.32003        2        -0.496202        -2.015210        0.098692
Te        3.72342        3.57253        6.36147        2        0.772267        -0.065967        -1.132037
Te        6.12436        10.72861        3.13623        2        -0.258261        0.834824        -0.582724
Te        3.22600        2.35455        1.78600        2        0.420740        -1.086015        1.545892
Te        0.47570        5.51574        5.62927        2        0.390867        0.159503        -1.225330
Te        3.81495        7.08924        6.34032        2        -0.760655        0.211508        0.495365
Te        6.52333        3.73322        3.04609        2        -0.095740        -0.151902        -0.292276
Te        3.18915        5.50295        2.25854        2        0.616189        0.804104        -0.985395
Te        0.94768        9.56157        5.38413        2        -0.161541        0.070352        -0.851977
Te        3.94408        10.86744        5.85759        2        0.473894        0.044149        0.006997
Te        6.26136        7.18763        2.68989        2        0.683703        -0.985621        -0.616459
Te        3.07130        9.36005        2.27366        2        0.202690        0.023009        1.003649
Te        7.50111        1.93206        5.43274        2        0.773111        -0.320955        0.149659
Te        11.30855        3.87342        5.92545        2        -0.382693        -0.485355        -1.432775
Te        13.51429        0.12205        2.23972        2        -0.761604        -0.017509        1.027256
Te        10.03356        1.88438        2.00333        2        -0.522888        -0.682004        0.926590
Te        7.79623        5.69573        5.35994        2        -0.248572        -0.945610        0.473906
Te        11.31328        7.49844        5.50356        2        -0.725995        0.306206        0.113878
Te        13.43437        4.06414        2.26154        2        -0.110249        -0.435650        0.063599
Te        9.77409        5.34969        1.73859        2        -0.030082        0.272645        0.844614
Te        7.63359        9.14959        4.91346        2        0.369106        -0.250404        1.680989
Te        11.27291        11.13020        6.03045        2        -0.027760        -0.457237        0.598985
Te        12.90170        7.78174        2.31998        2        1.082994        -1.359397        -0.375308
Te        9.69622        9.60121        2.03252        2        -0.135104        -1.518419        -0.901100
Te        14.91777        1.92548        4.77702        2        -1.860326        -0.347347        1.128146
Te        18.06077        3.49254        5.57239        2        -0.639899        -0.009803        0.111217
Te        20.22727        11.06163        2.23213        2        -0.370968        -0.034967        0.790526
Te        16.57195        1.89073        2.09666        2        0.218823        -0.769208        -1.930724
Te        14.56915        5.64216        5.03814        2        -0.972087        0.603273        0.144811
Te        17.83778        7.34200        5.66972        2        -0.102061        0.368925        -0.706252
Te        20.23759        3.53482        2.47726        2        0.432626        0.154359        0.334197
Te        17.29550        5.68433        1.57315        2        -1.044242        -0.214492        1.378088
Te        14.31715        9.32498        5.23969        2        0.659949        -0.098558        -0.801610
Te        17.77539        0.04204        5.76208        2        -0.346571        -1.064165        1.525844
Te        20.58928        7.46497        2.89759        2        -1.916209        0.059334        -0.383292
Te        16.89257        9.07035        1.58669        2        0.123085        1.253407        1.216174
