54
Lattice="18.798270284 0.000008540 -0.000615361 -0.000005198 10.639921383 0.000045896 0.042448411 0.000094922 30.000000000" Properties=species:S:1:pos:R:3:tags:I:1:forces:R:3 energy=-316.33997529 stress= -3.16300 -1.04322 -3.64267 -0.05125 1.23423 0.87886 pbc="T T T"
Mo        2.62997        0.11300        3.91961        1        -0.894521        0.243622        -0.228480
Mo        5.56235        1.45521        3.97940        1        -1.658305        0.553295        -0.431212
Mo        2.53359        3.38546        3.97742        1        -0.671047        1.719519        1.889362
Mo        5.70124        5.02599        3.71800        1        -1.672177        1.196850        1.678590
Mo        2.37486        7.09849        3.93578        1        0.202673        0.593966        -0.519778
Mo        5.48562        8.75849        3.78812        1        1.519343        1.767095        -0.381536
Mo        8.72906        10.57710        3.95796        1        -0.205603        -0.423336        1.108768
Mo        11.59840        1.53766        4.02614        1        0.257952        0.915050        1.055300
Mo        8.58244        3.65210        3.98899        1        -0.187995        -0.875791        -1.174584
Mo        11.78509        5.20024        3.80521        1        0.087452        0.806410        0.240567
Mo        8.47067        7.09854        4.10351        1        0.153322        -0.064435        -1.909112
Mo        11.63990        8.79245        4.02906        1        -0.672384        0.578181        0.625576
Mo        14.73004        0.02326        4.11891        1        1.050375        1.178574        -1.456264
Mo        17.96649        1.98199        3.94526        1        1.650350        -1.903898        -0.764378
Mo        14.91324        3.76580        3.88801        1        0.001556        0.554940        1.221471
Mo        18.21507        5.36576        3.75105        1        -0.820166        0.359567        1.374165
Mo        14.96102        7.12899        3.84010        1        -0.489599        1.168753        0.032091
Mo        18.16675        9.15540        3.88274        1        0.999943        -3.136115        -1.623531
Te        1.40364        1.69996        6.00641        2        -0.046351        0.597269        -1.777274
Te        4.64620        3.27914        5.72817        2        -0.328465        0.628880        -0.256281
Te        1.38849        1.90942        2.21113        2        -0.782446        -1.029707        -0.480472
Te        4.60221        10.44179        1.78710        2        -0.212617        0.431169        1.619548
Te        1.30825        5.26346        5.67894        2        0.737689        0.174313        -0.020414
Te        4.54794        7.06595        5.47102        2        -0.474349        -1.797059        1.042999
Te        1.63086        5.27749        2.15451        2        -0.926094        -0.274829        -0.426532
Te        4.39461        3.37336        2.12726        2        1.047734        -1.079637        -0.641907
Te        1.45308        9.07955        5.70281        2        -0.200402        -0.937135        -0.238438
Te        4.44224        10.45558        5.80097        2        0.966245        -0.161881        -0.057709
Te        1.45879        9.14416        2.17563        2        0.153585        -1.149677        -0.456220
Te        4.50517        6.86650        2.07145        2        -0.095365        0.450635        0.077570
Te        7.66040        1.72789        5.70761        2        0.049709        -0.083183        0.245821
Te        10.64136        3.62931        5.67327        2        0.391546        -0.657088        0.514194
Te        7.42586        1.71366        2.24283        2        1.997892        0.174981        -0.694853
Te        10.73170        10.47544        2.14366        2        -0.320699        0.436593        -0.182028
Te        7.37875        5.29749        5.75749        2        0.815753        -0.112435        0.715672
Te        10.56555        7.10600        5.82361        2        0.214630        -1.169986        -0.501675
Te        7.64954        5.27590        1.96483        2        0.571541        0.277234        0.530793
Te        10.59795        3.15132        2.19471        2        0.070955        1.638554        -0.342906
Te        7.36907        8.86619        5.94684        2        0.696969        0.027252        -1.695707
Te        10.74712        10.38943        6.08798        2        -0.723425        0.985891        -1.369378
Te        7.86638        8.91743        2.00545        2        -1.602555        -0.641922        1.173589
Te        10.60366        7.10923        2.16889        2        0.086394        -0.980191        0.606933
Te        13.66493        1.99133        5.75803        2        0.859254        -0.329910        -0.074537
Te        17.08305        3.66375        5.69445        2        -0.809063        1.059326        0.181489
Te        13.77069        1.99928        2.32956        2        -0.130833        -1.548203        -0.374873
Te        17.03516        0.03740        2.06926        2        -1.122270        1.151341        0.380398
Te        13.80382        5.59706        5.71681        2        0.223831        -1.146712        -0.738144
Te        17.15057        7.34584        5.66605        2        -0.262910        -1.085732        -1.045452
Te        13.91308        5.43254        1.88044        2        -0.244771        -0.019772        1.214936
Te        16.99651        3.64228        2.09803        2        -0.146257        0.074568        -0.535485
Te        13.65460        8.91633        5.83174        2        1.183810        -0.603149        -0.251227
Te        17.09161        10.63746        5.53978        2        -1.810919        2.097212        2.692740
Te        13.57101        9.06702        2.28644        2        1.948374        -0.940712        -0.642275
Te        17.20680        7.19665        1.96241        2        -0.401664        0.315716        1.085054
