54
Lattice="18.429676749 0.000008540 -0.000615361 -0.000005198 11.491115093 0.000045896 0.042448411 0.000094922 30.000000000" Properties=species:S:1:pos:R:3:tags:I:1:forces:R:3 energy=-311.99465342 stress= -3.09109 -11.29804 -0.22831 1.85015 -1.48568 -0.14571 pbc="T T T"
Mo        2.59913        11.48664        3.95184        1        -1.004975        -0.334445        1.662470
Mo        5.32764        1.88958        3.69614        1        -1.250444        -1.595758        0.446432
Mo        2.07128        3.89707        3.71686        1        2.202584        -0.889991        0.241191
Mo        5.36791        5.60259        3.67576        1        0.355028        1.299559        -0.030658
Mo        2.66403        7.72030        4.09335        1        -2.518929        -0.554742        -1.934439
Mo        5.31519        9.63658        4.00993        1        0.897000        -1.012854        -0.117041
Mo        8.42227        11.47753        4.00188        1        -0.084096        0.386981        0.380424
Mo        11.68623        2.05936        3.78159        1        -1.305895        -1.194500        1.283599
Mo        8.39717        3.75986        3.84055        1        0.767884        0.245376        -1.149590
Mo        11.41518        5.92076        3.62592        1        0.687004        -0.913843        1.659985
Mo        8.47274        7.61622        3.83176        1        -1.205483        0.209700        -0.192377
Mo        11.38703        9.17549        3.93784        1        0.870408        1.877174        -0.722966
Mo        14.63538        0.09030        4.32462        1        -0.275118        -0.289351        -2.057539
Mo        17.80001        2.05825        4.07694        1        -1.227170        -0.769361        -0.265625
Mo        14.37777        3.79040        4.01798        1        1.159148        1.233526        -1.700102
Mo        17.37712        6.00860        3.91155        1        2.376614        -0.748288        -2.511370
Mo        14.68374        7.62732        4.03827        1        1.074190        1.690503        -2.529046
Mo        17.78925        9.48177        4.30096        1        0.041101        -0.221124        0.703560
Te        1.42318        1.92755        5.71202        2        0.707513        0.438592        -0.006722
Te        4.59845        3.71416        5.43257        2        -2.588265        0.903855        0.422373
Te        1.44160        1.72072        2.31486        2        -1.361515        0.386023        -1.552438
Te        4.43647        11.38383        1.97010        2        -0.205401        0.027620        0.642244
Te        1.26340        5.61946        5.45752        2        -0.195084        1.597852        0.796180
Te        4.64252        7.37967        5.70427        2        0.436402        0.602777        -0.068525
Te        1.03287        6.09214        1.88798        2        0.587519        -0.576669        1.846340
Te        4.19156        3.68560        1.99675        2        0.051643        0.921851        -0.328563
Te        1.75655        9.55957        6.03212        2        -0.739025        -0.039962        -1.313763
Te        4.54186        0.01374        5.79039        2        0.106763        0.518147        -0.457405
Te        1.37336        9.59312        2.45074        2        0.155332        -0.416660        0.022617
Te        4.38345        7.80707        1.86685        2        0.089209        -0.554615        1.834700
Te        7.19458        2.05922        5.51773        2        1.906253        -1.049374        1.033505
Te        10.48467        4.02120        5.67165        2        0.171365        -0.448927        -1.467892
Te        7.33264        1.72182        2.09828        2        1.750891        0.610462        -0.781223
Te        10.66279        11.41649        2.41328        2        -0.481122        -0.048952        -0.906851
Te        7.35391        5.48515        5.62475        2        0.355315        1.084717        -0.874866
Te        10.27409        7.56597        5.68839        2        1.173099        -1.116410        0.641856
Te        7.45148        5.80783        1.97848        2        0.237424        -0.716477        0.413552
Te        10.59252        3.72561        2.04758        2        -0.445627        0.928108        -0.094201
Te        7.65967        9.57487        5.85981        2        -1.277066        -0.234327        -1.199721
Te        10.53997        11.10015        5.72683        2        0.023373        1.166333        -0.201159
Te        7.36323        9.70819        2.27658        2        0.597178        -0.712725        -0.245096
Te        10.47413        7.68872        1.91031        2        -0.530346        0.093263        -0.434810
Te        13.43781        1.97059        5.71261        2        0.162141        0.319924        2.074494
Te        16.60302        4.04517        5.54742        2        -0.257978        -0.739475        1.373993
Te        13.82866        1.85043        2.16660        2        -0.301365        -0.457210        0.387891
Te        16.75357        11.35420        2.74475        2        0.266531        1.113391        -1.352825
Te        13.51697        5.93549        5.47936        2        -1.600608        -1.771631        1.731059
Te        16.70757        7.44252        5.89746        2        -0.621267        1.724244        1.163706
Te        13.86903        5.87528        2.04387        2        -1.551144        -0.283216        0.696019
Te        16.43606        3.99997        2.26175        2        1.083483        -0.787350        -0.118178
Te        13.55973        9.45137        5.55112        2        -0.297586        0.165963        2.256153
Te        16.75544        0.28861        6.10051        2        0.174908        -0.603038        -0.749140
Te        13.63214        9.60936        2.26142        2        -0.070237        0.024850        0.733644
Te        16.55706        8.03737        2.13441        2        0.918837        -0.479973        0.901293
