54
Lattice="19.174335959 0.000456436 -0.025753600 -0.000245188 11.746062056 0.000007040 0.013560858 0.000001769 30.000000000" Properties=species:S:1:pos:R:3:tags:I:1:forces:R:3 energy=-308.16107897 stress= -5.49095 -10.37900 -3.13480 -0.88604 -1.63653 -0.11026 pbc="T T T"
Mo        2.13633        0.08463        3.88973        1        0.088806        1.457819        -0.036744
Mo        4.36227        1.64926        4.00823        1        -0.699517        -0.694735        0.203841
Mo        2.01746        3.77262        3.67410        1        0.917084        -0.687246        -0.348067
Mo        4.91123        5.00023        3.64555        1        -2.206683        -0.701746        0.378355
Mo        2.03412        8.50081        3.89669        1        0.043578        0.703337        -0.491365
Mo        4.40731        10.24493        4.03572        1        0.275333        -0.223751        -0.229523
Mo        8.56686        0.07179        3.65015        1        1.319084        -0.823220        1.683787
Mo        11.22256        2.10749        4.07917        1        -2.185114        -0.488429        -0.338514
Mo        8.46697        3.69469        3.92979        1        -0.111940        -0.422185        1.523851
Mo        10.88016        5.68090        3.99562        1        -1.015020        -0.440733        0.859511
Mo        8.29241        7.49615        3.79565        1        1.206985        0.792169        0.376392
Mo        10.92732        9.40853        3.86747        1        -1.585098        -1.480365        0.625240
Mo        14.80954        11.37524        3.96096        1        1.258953        0.580673        0.189463
Mo        17.09627        1.87037        4.25802        1        0.056758        0.623847        0.242269
Mo        15.25711        4.28217        3.64743        1        1.070108        -2.819943        -0.902117
Mo        17.34181        6.39446        3.99928        1        0.032666        1.782046        1.701509
Mo        14.92276        8.15135        3.72946        1        1.631912        0.616770        -0.323042
Mo        17.41674        10.20744        4.12662        1        -2.637745        -1.184434        0.134190
Te        0.70480        2.23091        5.44963        2        -1.065283        -0.770043        -0.370746
Te        3.73691        3.49868        5.78919        2        0.372168        1.460383        -0.798864
Te        6.18507        11.69533        2.39714        2        -1.087376        -0.126951        0.329883
Te        2.55743        1.88136        1.59678        2        -0.025910        0.379959        2.134443
Te        0.79695        6.12235        4.83356        2        0.436036        0.207088        0.336304
Te        4.09281        8.19338        5.59115        2        -1.020171        -0.796182        0.532845
Te        5.54123        3.07683        2.13479        2        1.630563        1.029541        -1.258227
Te        2.86268        6.06213        2.15625        2        -0.118815        -0.503241        0.835297
Te        0.54528        10.11895        5.47042        2        0.956710        -0.293589        0.523134
Te        3.88338        0.12106        6.29653        2        -0.336310        -0.682293        -2.092528
Te        5.62246        7.62303        3.03822        2        0.799773        0.142731        -0.754880
Te        2.69950        10.15295        1.86320        2        0.162412        -0.407314        0.548849
Te        6.96049        1.81975        5.49868        2        0.513766        -0.457673        -1.005554
Te        10.28039        3.74902        5.99213        2        -0.068944        0.327601        -0.464186
Te        12.26753        11.32254        2.65031        2        0.743600        1.170678        -0.111753
Te        9.37656        1.98079        2.10298        2        0.327913        0.384293        -1.538963
Te        6.88286        5.61714        5.28930        2        0.754727        -0.356802        0.941811
Te        10.02740        7.59253        5.89109        2        0.474004        0.004130        -0.901891
Te        12.66577        3.92066        2.63512        2        -0.288508        -0.244789        -0.408239
Te        8.82057        5.53120        2.15342        2        0.821424        0.502800        -1.921248
Te        7.14567        9.56935        5.05056        2        -0.155975        1.821395        0.229165
Te        10.38954        11.59892        5.67644        2        -0.227134        -0.157937        -0.612841
Te        12.46617        7.28211        2.56266        2        -0.478570        1.962450        -0.555244
Te        9.07074        9.72486        1.68422        2        0.278746        -0.427945        1.765241
Te        13.63846        1.82583        5.04394        2        0.738496        0.600862        0.451925
Te        16.54104        4.46148        5.97250        2        0.603502        -0.661673        -0.193621
Te        18.61053        0.24701        2.58388        2        1.087651        0.832728        -0.100147
Te        15.44809        1.74215        2.10112        2        -0.150852        0.258751        0.546621
Te        13.85700        5.93908        4.96031        2        -2.074670        0.826539        1.739249
Te        16.47976        8.00259        6.01074        2        0.360147        0.708673        -0.929170
Te        18.07052        4.17165        2.95427        2        1.457860        -2.101757        -1.254883
Te        15.86057        6.24213        1.92414        2        -0.998409        0.559757        -1.668885
Te        13.45030        9.55379        5.46887        2        -0.806910        0.404875        -0.004053
Te        16.72989        0.34113        6.32219        2        -0.522479        -1.226889        -0.993067
Te        18.81928        8.03432        2.23308        2        0.089328        0.674404        1.006760
Te        15.93705        10.27967        1.80736        2        -0.644442        -1.637507        0.781278
