54
Lattice="19.173937585 0.000456147 -0.025753600 -0.000245476 11.340344112 0.000007040 0.013560576 0.000001770 30.000000000" Properties=species:S:1:pos:R:3:tags:I:1:forces:R:3 energy=-312.17263971 stress= -4.96895 -10.51821 -1.66803 1.72089 0.67405 -1.79376 pbc="T T T"
Mo        1.94674        0.03478        4.00710        1        1.380659        -0.088368        0.562342
Mo        4.37272        1.50661        4.37629        1        0.142360        1.582693        -1.381282
Mo        2.37161        3.77924        3.75242        1        0.203577        -0.114618        -0.516547
Mo        4.10904        6.06326        4.48381        1        1.799372        -1.040569        -0.807622
Mo        2.13806        8.17452        4.19112        1        -0.490088        -0.682784        -0.387016
Mo        4.37194        9.65236        4.45608        1        0.759999        0.088947        -0.458856
Mo        8.57638        0.39064        3.91393        1        0.175863        -1.117700        -0.322969
Mo        10.76865        1.95129        3.89467        1        0.547295        0.888112        1.713088
Mo        8.59468        3.80827        3.97125        1        -0.931359        0.146073        -0.668739
Mo        11.18376        5.59659        3.95523        1        -2.315430        -0.864676        -1.090976
Mo        8.70144        7.36728        4.11051        1        -0.676474        -0.563221        -1.667196
Mo        11.12105        8.82573        3.73267        1        1.039466        0.590812        0.073012
Mo        14.86804        0.13052        3.62092        1        0.546881        -0.927124        -0.776362
Mo        17.35546        1.88829        3.75866        1        -1.024523        1.107734        1.103356
Mo        14.95364        3.57465        3.40106        1        0.259441        -0.815294        0.834339
Mo        17.12200        5.40682        3.70368        1        0.292254        0.312406        -0.766775
Mo        14.74934        7.65041        3.57970        1        -0.314695        0.840376        1.151723
Mo        16.88248        9.17142        3.88195        1        1.269994        1.207715        3.287995
Te        0.61249        2.16401        5.20138        2        -0.125681        -0.451458        0.299585
Te        3.84899        3.85477        5.98930        2        -0.259596        -0.922748        0.403452
Te        5.98870        0.03907        2.63286        2        -0.612901        -0.076918        0.788053
Te        3.07271        1.85343        1.96180        2        -0.616056        -0.414611        0.735891
Te        0.89889        5.80320        4.98330        2        -0.801893        -0.008483        0.229925
Te        3.81769        7.75616        6.39075        2        -0.515086        1.033124        0.622570
Te        5.70688        3.85389        2.61072        2        -0.027829        -0.149451        1.035817
Te        2.93202        6.15458        2.22962        2        -1.216949        -0.106349        -0.860625
Te        0.31941        9.70495        5.55825        2        0.216004        -0.085833        -0.129617
Te        3.78002        0.08905        6.57711        2        -0.420749        -0.463638        -1.616411
Te        5.81468        7.56692        2.89183        2        0.381260        0.302260        0.643827
Te        2.90506        9.63791        2.15827        2        -0.065745        0.396355        -0.033524
Te        7.04037        1.88495        5.34703        2        -0.779252        0.465308        0.906690
Te        10.35154        3.62537        5.99436        2        0.349366        0.575713        -0.702596
Te        12.42825        0.22863        2.55147        2        -0.782005        -1.415938        -0.997047
Te        8.74961        2.05763        1.90316        2        0.697755        0.396306        -0.326429
Te        6.68507        5.60910        5.50811        2        1.576659        0.390609        0.076184
Te        10.73569        7.32352        5.85714        2        -0.428363        0.145629        0.889141
Te        12.29141        3.41910        2.15889        2        0.387521        0.873523        0.093085
Te        9.22668        5.56884        2.01501        2        -0.338563        0.520721        0.660336
Te        7.41242        9.54466        5.21327        2        -0.745347        -0.369822        0.246688
Te        10.38982        11.14819        5.76321        2        0.363157        0.237879        -0.769378
Te        12.45939        7.39654        1.86575        2        -0.757603        0.012836        0.889161
Te        9.02791        9.47196        2.08574        2        0.313505        -0.467590        0.965306
Te        13.49352        1.79210        5.25557        2        -0.552740        0.772935        -0.190703
Te        16.48816        3.75930        5.66360        2        0.171731        -1.016951        -0.249977
Te        18.65799        11.25192        2.43741        2        0.874071        -0.232715        0.284104
Te        15.77899        1.72850        1.62952        2        -0.400451        0.170157        -0.582055
Te        13.60536        5.44445        4.95457        2        0.473229        0.247783        0.342944
Te        16.76096        7.13798        5.72019        2        -0.913109        0.621454        -0.363263
Te        18.96579        3.76435        2.39177        2        -0.013692        0.075183        0.111404
Te        15.26248        5.73052        1.69012        2        0.956230        -0.823509        0.180745
Te        13.38825        9.29757        5.42870        2        0.230417        0.116192        -1.146564
Te        16.38945        11.16001        5.68740        2        0.864094        0.801163        0.413775
Te        18.64439        7.80659        2.70668        2        1.922393        -1.622592        -0.932627
Te        15.74700        9.56802        1.72088        2        -2.075782        -0.052645        -1.757032
