54
Lattice="18.429676749 0.000008540 -0.000615361 -0.000005198 11.065518238 0.000045896 0.042448411 0.000094922 30.000000000" Properties=species:S:1:pos:R:3:tags:I:1:forces:R:3 energy=-321.38938767 stress= -2.32113 -8.58764 -0.40545 -0.27032 -0.97460 0.25431 pbc="T T T"
Mo        2.21330        0.10291        3.88622        1        0.851064        -0.219521        -0.201261
Mo        5.31789        1.96982        3.87916        1        0.992843        -0.605363        0.798126
Mo        2.30650        3.73989        3.82561        1        0.173798        0.234219        0.879235
Mo        5.27831        5.47995        4.03921        1        1.453658        0.845139        -1.253134
Mo        2.38134        7.55813        3.95642        1        0.060508        0.027404        -0.385464
Mo        5.45871        9.20400        3.96694        1        -0.595502        0.004691        0.075308
Mo        8.45449        11.05031        3.90322        1        -0.179115        -0.736340        0.728587
Mo        11.65338        1.70347        3.90497        1        -0.053123        0.899679        0.125594
Mo        8.53142        3.38017        3.99542        1        0.008388        1.176199        0.526113
Mo        11.41059        5.47065        3.92493        1        0.134196        -0.377424        0.214999
Mo        8.50682        7.28625        3.86821        1        -0.789744        0.135252        0.812918
Mo        11.57472        9.17877        3.83244        1        -0.841366        0.075597        -0.205795
Mo        14.67480        0.00715        3.92804        1        0.360371        -0.554963        -0.415731
Mo        17.68879        1.95230        3.88588        1        -0.225539        0.077301        0.135291
Mo        14.61651        3.70445        3.94579        1        -0.893247        -0.534405        0.426513
Mo        17.62407        5.65808        3.95900        1        0.363537        -0.831900        -0.050330
Mo        14.55132        7.37764        3.98032        1        0.067396        0.635186        0.783038
Mo        17.75747        9.21555        3.90668        1        -0.276402        0.329582        0.205198
Te        1.34446        1.88706        5.62991        2        -0.357634        0.894691        0.558565
Te        4.37310        3.72009        5.70188        2        -0.928473        -0.558833        0.780911
Te        1.22952        1.95869        2.07511        2        0.349487        -0.035028        -0.283877
Te        4.33126        0.09042        2.21449        2        0.277275        -0.475677        -0.366923
Te        1.42504        5.69512        5.67525        2        -0.786076        -0.490535        -0.357838
Te        4.42318        7.42374        5.79393        2        -0.155265        0.053610        -0.140876
Te        1.29004        5.65810        2.10239        2        -0.119046        0.264096        0.743681
Te        4.34830        3.80081        2.08447        2        0.041816        -0.169067        -0.140895
Te        1.34093        9.46168        5.74191        2        -0.046906        -1.116718        0.020207
Te        4.42543        11.05422        5.68566        2        -0.587386        0.523964        -0.403695
Te        1.36328        9.31915        2.08636        2        -0.175911        -0.373611        0.030303
Te        4.48208        7.38886        2.20671        2        -0.428421        -0.050847        -0.071935
Te        7.35113        1.69856        5.82299        2        0.193721        0.168507        -0.715976
Te        10.61378        3.42744        5.80374        2        -0.167260        0.538787        -0.742337
Te        7.45320        1.76434        2.17704        2        -0.379093        0.023320        -0.707655
Te        10.54822        11.03422        2.09172        2        -0.089114        -0.147761        -0.007916
Te        7.50311        5.44245        5.73798        2        0.061814        -0.362820        -0.681939
Te        10.54038        7.43651        5.65106        2        -0.222660        -0.509925        0.116818
Te        7.47511        5.25641        2.22037        2        -0.175073        0.462748        0.649540
Te        10.55298        3.52629        2.12377        2        0.013253        0.098956        0.464938
Te        7.50719        9.10331        5.71908        2        0.260698        0.337647        -0.230683
Te        10.57594        11.01239        5.61573        2        -0.290694        -0.252254        0.356909
Te        7.42025        9.16107        2.18612        2        0.541872        0.116175        -0.611684
Te        10.45459        7.31420        2.09933        2        0.670993        -0.117531        -0.471394
Te        13.75657        1.76722        5.73081        2        -0.530130        0.366144        -0.050633
Te        16.63778        3.74294        5.69442        2        0.501158        0.232135        0.231034
Te        13.65733        1.79514        2.11567        2        0.267293        0.143297        0.122553
Te        16.80323        0.07709        2.10435        2        -0.581744        -0.482323        0.427686
Te        13.41294        5.56767        5.72999        2        0.677667        -0.423635        -0.017366
Te        16.59402        7.44151        5.78978        2        0.386643        0.042921        -0.342556
Te        13.59255        5.53702        2.27487        2        -0.612710        -0.055451        -0.767318
Te        16.51858        3.74461        2.09437        2        1.066228        0.384153        0.282160
Te        13.45191        9.28752        5.70498        2        1.181913        -0.221604        0.067453
Te        16.82272        0.01640        5.65961        2        -0.610922        0.146572        -0.067111
Te        13.69759        9.16072        2.14858        2        -0.215861        0.444840        -0.269028
Te        16.59066        7.42048        2.22114        2        0.327583        0.014100        -0.593193
