54
Lattice="19.174335959 0.000456436 -0.025753600 -0.000245188 11.952133320 0.000007040 0.013560858 0.000001769 30.000000000" Properties=species:S:1:pos:R:3:tags:I:1:forces:R:3 energy=-311.83142613 stress= -5.55364 -15.37718 0.65681 0.27331 -0.16679 -0.75324 pbc="T T T"
Mo        1.99570        0.61977        4.16278        1        0.035679        0.752065        0.166244
Mo        4.68237        2.50858        4.08432        1        -0.149720        -0.660608        0.279969
Mo        2.05245        4.15791        4.05614        1        1.328972        -0.761052        -0.812954
Mo        4.51101        5.74084        3.82965        1        0.785161        0.316223        0.720997
Mo        2.09383        7.62176        4.27798        1        -0.241055        0.600184        -2.498974
Mo        4.92908        9.45423        3.95979        1        -0.345312        0.390156        -0.050689
Mo        8.56327        0.07449        3.83895        1        0.452074        -0.845482        -1.174226
Mo        10.99359        1.71300        3.77396        1        -0.290731        -0.302135        -0.030436
Mo        8.65315        3.58154        3.70357        1        0.007397        -0.491988        -0.312547
Mo        10.76043        5.77308        4.05071        1        -0.436365        0.025997        -0.220080
Mo        8.37016        8.32803        3.81790        1        0.192259        0.064418        0.340208
Mo        10.77722        10.25043        3.91425        1        0.670772        -0.700714        -0.791105
Mo        15.28795        11.87787        3.51366        1        0.010482        0.010447        -1.159075
Mo        17.11119        2.44091        4.17937        1        0.181796        -1.282386        1.216997
Mo        14.88292        4.44334        3.84132        1        -0.327572        -1.499921        -0.467240
Mo        17.13612        5.96348        4.14741        1        -0.788561        -0.628284        -1.286024
Mo        14.88720        7.77952        3.84252        1        0.233668        -0.156839        -1.022039
Mo        17.17897        9.66651        3.90326        1        0.074701        -0.164855        1.079356
Te        0.40161        2.34889        5.60985        2        0.349323        -0.727855        -0.453876
Te        3.99221        4.14269        6.01435        2        -0.301951        0.392621        -0.056598
Te        5.91547        0.03734        2.87951        2        -0.437463        -0.050898        0.124063
Te        2.89555        2.32514        2.18410        2        -0.905643        -0.568783        -0.145979
Te        0.43586        5.84621        5.23620        2        -0.151477        0.548276        1.502694
Te        4.14114        7.65342        5.83055        2        0.857839        -0.058956        0.881647
Te        6.10161        3.85080        2.25016        2        -0.294114        0.285471        0.082670
Te        2.48966        6.02667        2.05543        2        0.291890        -0.047291        0.394291
Te        0.51273        10.11764        5.11630        2        0.556834        -0.180497        0.009437
Te        3.93314        0.50400        5.82432        2        -0.152243        -0.236732        -0.189025
Te        6.04433        8.07209        2.19488        2        -0.116668        -1.043741        -0.640282
Te        2.51630        10.05667        2.68896        2        0.571647        -0.081379        0.685888
Te        7.40917        1.80396        5.43864        2        -1.174924        1.533053        0.512613
Te        10.55899        3.67149        5.63002        2        -0.379941        -0.150338        0.776335
Te        12.37475        11.82023        2.23088        2        0.568970        -0.066877        0.349954
Te        9.18869        1.71829        1.68526        2        -0.069087        0.511411        1.047238
Te        7.09364        5.92981        4.93721        2        0.515674        -0.271720        0.393139
Te        10.54859        8.00525        5.61185        2        -1.042320        0.413796        -0.390738
Te        12.26535        3.84394        2.52146        2        0.557880        0.904336        0.017788
Te        8.91272        5.88054        2.17906        2        0.411487        0.211598        -0.198334
Te        7.17377        9.90225        5.55757        2        -0.213260        0.405627        0.119596
Te        10.33712        0.05552        5.82196        2        0.600528        0.103501        0.668408
Te        12.22329        7.90745        2.75483        2        0.134823        0.172748        0.178899
Te        8.86441        10.17701        1.88263        2        0.698541        -0.504698        0.154391
Te        13.85939        1.99729        4.95049        2        -0.834730        -0.480710        0.046484
Te        16.32155        4.11232        6.08536        2        0.542290        0.525953        0.324265
Te        17.98941        0.06987        2.42702        2        -0.122565        0.037071        0.404097
Te        15.57493        2.17813        2.14547        2        -0.705838        1.278984        -1.918529
Te        13.28801        5.94123        5.44505        2        0.289098        0.201706        -0.472380
Te        16.59862        7.83858        5.91686        2        -0.230264        0.810423        0.573614
Te        18.72747        3.93867        2.64797        2        -0.068031        0.510784        -0.224055
Te        15.56952        5.97825        1.79265        2        0.058546        0.347255        0.826693
Te        13.73320        10.12087        4.93145        2        -0.886610        -0.523123        -0.214251
Te        16.67196        11.77417        5.71627        2        0.360710        0.392649        0.482644
Te        18.78160        7.77779        2.79764        2        0.130647        0.114942        -0.540990
Te        15.74039        9.47128        1.67612        2        -0.762040        0.609796        0.883506
