54
Lattice="20.272644424 0.000008540 -0.000615361 -0.000005198 11.703913521 0.000045896 0.042448411 0.000094922 30.000000000" Properties=species:S:1:pos:R:3:tags:I:1:forces:R:3 energy=-311.37482462 stress= -22.14378 -23.01476 0.11232 0.84628 -0.04244 0.11966 pbc="T T T"
Mo        2.51467        0.06363        4.18497        1        0.165100        0.470462        0.398324
Mo        6.14727        1.81679        4.15411        1        -0.776166        0.840775        0.821145
Mo        2.53647        3.94332        4.13129        1        -0.188937        -0.514076        0.026340
Mo        5.96389        5.92206        4.03058        1        -0.189916        -0.576025        0.562581
Mo        2.56297        7.92257        3.83113        1        0.066786        -0.272479        0.466472
Mo        5.94635        9.64533        4.13566        1        0.032361        0.497414        -0.304549
Mo        9.38871        11.64450        4.18251        1        -0.399997        0.221572        0.057390
Mo        12.73318        1.83184        3.78554        1        0.262670        0.532758        0.554197
Mo        9.37923        3.76407        4.31160        1        -0.359743        -0.072658        -1.747058
Mo        12.67643        5.84597        3.76009        1        0.516329        -0.475428        -0.060923
Mo        9.43589        7.77807        4.03985        1        -0.409595        -0.296359        -0.441105
Mo        12.69219        9.60459        3.76418        1        -0.101796        0.373368        0.488072
Mo        16.10188        0.06393        3.78861        1        -0.415347        0.388109        -0.002099
Mo        19.51278        1.91841        3.77543        1        -0.237959        0.562919        -0.024075
Mo        16.06465        3.93442        3.73641        1        -0.619111        -0.305792        0.456312
Mo        19.35624        5.92259        3.80822        1        0.499423        0.121778        -0.619963
Mo        16.09297        7.98154        3.57401        1        -0.416920        -1.210116        -0.526249
Mo        19.38326        9.85875        3.69401        1        -0.302011        0.010461        0.270299
Te        1.16714        2.01089        5.80156        2        0.755235        -0.023497        -0.401585
Te        4.82934        3.91791        5.83693        2        0.108615        -0.015170        -0.502628
Te        1.61154        1.97434        2.33516        2        -0.005167        0.136237        -0.005339
Te        4.79964        0.08022        2.58355        2        0.218657        -0.718674        -0.569253
Te        1.32429        5.92264        5.57978        2        -0.142665        0.579162        0.211956
Te        4.70185        7.76569        5.68618        2        -0.078919        0.037983        0.179335
Te        1.47929        5.90722        2.30426        2        -0.006521        -0.268926        -0.438657
Te        4.81423        3.89959        2.52438        2        0.459739        -0.388260        -0.314040
Te        1.23443        9.71779        5.54263        2        0.115007        0.046728        0.444499
Te        4.91028        11.56792        5.93620        2        -0.273630        0.213826        -0.609693
Te        1.40228        10.06914        2.31114        2        0.849541        -0.594359        -0.912302
Te        4.98839        7.76383        2.23109        2        -0.481066        0.456695        0.218252
Te        8.23950        1.85748        6.06681        2        0.335264        -0.067715        -0.899110
Te        11.76961        3.85639        5.58810        2        0.221821        -0.170940        0.014790
Te        8.29834        1.80025        2.43794        2        -0.040541        0.457499        0.557051
Te        11.41544        11.63983        2.25357        2        0.225519        -0.251290        -0.099787
Te        8.25669        5.83681        5.74363        2        -0.104969        0.210702        0.333029
Te        11.66756        7.59562        5.56506        2        0.300206        0.750627        0.313957
Te        8.21296        5.77772        2.45244        2        0.368273        -0.201080        0.047921
Te        11.48965        3.83579        2.17676        2        -0.262682        -0.232522        0.738301
Te        8.21583        9.65734        5.79420        2        0.228714        -0.107497        0.107168
Te        11.74607        11.56969        5.62992        2        0.131313        -0.075439        -0.260419
Te        8.22672        9.77542        2.47907        2        -0.101923        -0.191451        -0.248799
Te        11.53876        7.69748        2.06057        2        -0.335579        0.205234        0.333873
Te        14.95930        1.93265        5.57373        2        0.126016        0.162071        -0.802198
Te        18.33715        3.92617        5.34794        2        -0.350091        -0.096449        0.980451
Te        14.91353        2.01494        2.00753        2        0.038599        -0.281454        0.585930
Te        18.30515        0.11318        2.05943        2        0.023533        -0.139608        -0.349946
Te        15.06791        6.02884        5.36020        2        -0.294856        -0.270168        -0.199661
Te        18.16803        7.96429        5.25020        2        0.534791        -0.230295        1.341780
Te        14.87948        5.81991        1.98450        2        0.198341        0.344206        0.277447
Te        18.26448        3.85154        2.13088        2        0.567966        0.247393        -0.656487
Te        14.98734        9.69386        5.36945        2        -0.080170        0.474198        0.430446
Te        18.33936        0.10457        5.45317        2        -0.235435        -0.499963        0.257172
Te        14.89310        9.91898        2.05444        2        -0.061032        -0.038319        -0.494061
Te        18.38649        7.82127        1.92767        2        -0.049222        0.234107        0.043708
