54
Lattice="20.324373841 0.000456147 -0.025753600 -0.000245476 10.309403738 0.000007040 0.013560576 0.000001770 30.000000000" Properties=species:S:1:pos:R:3:tags:I:1:forces:R:3 energy=-312.23571458 stress= -10.85166 -1.73415 -2.32244 0.64414 2.06633 -1.78678 pbc="T T T"
Mo        2.42306        10.05583        3.76264        1        -0.184004        -0.100092        -0.531580
Mo        4.82525        1.45391        4.36317        1        0.623777        0.739024        -0.082795
Mo        2.40357        3.37431        3.76073        1        0.356557        0.170694        0.860681
Mo        4.89201        5.25697        4.01674        1        -0.221632        0.030691        -0.077599
Mo        2.51673        6.75541        3.46577        1        -0.935179        -0.049194        2.021876
Mo        4.94946        8.50742        4.00887        1        -1.088602        -0.419081        0.786666
Mo        9.17341        10.07403        4.02638        1        -0.909260        1.575437        2.553488
Mo        11.40465        1.90547        4.25212        1        0.611521        -0.456897        -0.644549
Mo        8.93467        3.79440        4.31273        1        0.176986        -0.820627        -2.668677
Mo        11.35385        5.25047        4.05232        1        -0.496589        -0.369001        -1.415179
Mo        8.98003        6.89635        3.96579        1        -0.453072        -0.228193        -1.172750
Mo        11.57394        8.67947        3.90687        1        -0.492328        -0.336426        1.582691
Mo        15.85022        0.24707        3.94667        1        -0.819883        -1.876843        -1.964457
Mo        18.34394        1.27637        3.89785        1        0.406154        -0.760230        -2.729709
Mo        15.98994        3.60504        3.47487        1        -1.549171        -1.029409        0.000026
Mo        18.16349        5.49611        3.77885        1        0.693901        -1.075867        0.331291
Mo        15.70737        7.20977        3.88307        1        0.072118        -0.731599        0.673556
Mo        18.16651        8.71523        3.89852        1        1.357449        -0.520416        -1.033576
Te        0.60537        1.44465        5.16644        2        0.345337        0.089008        0.647620
Te        4.09978        3.52807        6.03481        2        -0.574314        -0.921719        -0.838872
Te        6.50399        0.06968        2.66618        2        0.440151        -0.326157        0.202058
Te        3.59262        1.59860        2.11076        2        -1.132633        0.137416        -0.957180
Te        0.46889        5.30376        4.79738        2        0.802092        0.069584        0.391714
Te        3.80229        6.64408        5.96031        2        0.005902        1.338597        -0.974710
Te        6.64147        3.51825        2.80805        2        -0.310116        -0.280110        0.089854
Te        3.46642        5.00400        1.76579        2        -0.451003        -0.429284        -0.144088
Te        0.54641        8.73362        5.36947        2        0.097714        -0.834090        -0.441157
Te        3.82711        9.94799        5.97915        2        0.093861        0.515802        1.071439
Te        6.44420        6.99148        2.28751        2        0.685608        -0.682407        0.974856
Te        3.42930        8.54781        1.78802        2        -0.281547        0.141825        -0.683313
Te        7.34867        1.50402        5.73556        2        0.366638        0.314772        -0.253401
Te        10.64728        3.48382        6.23550        2        0.867348        0.501787        0.376937
Te        13.42939        10.22042        2.61301        2        -1.034911        0.823225        -0.418423
Te        9.52518        1.80757        2.30095        2        0.503935        0.432717        0.685979
Te        7.27490        5.33583        5.78517        2        -0.129914        0.106739        -0.427899
Te        10.64826        6.98318        5.98567        2        0.982323        0.323029        -0.068683
Te        13.06823        3.36444        2.28787        2        -0.551387        0.030090        0.655728
Te        9.69219        5.15742        1.77958        2        -0.192580        0.279463        2.273016
Te        7.23576        8.53420        5.82927        2        0.803840        0.011145        -1.331185
Te        10.96895        0.06095        6.20174        2        -0.227958        -0.263890        -1.281282
Te        12.68051        6.88456        1.99356        2        0.284790        -0.059684        1.169830
Te        9.62492        8.68786        2.00778        2        0.371250        -1.241668        -1.413246
Te        14.34404        1.88162        5.26291        2        -0.960249        1.017933        1.023351
Te        17.71783        3.26656        5.35713        2        -0.017233        1.994407        2.471184
Te        20.18562        9.94349        2.17579        2        -0.387010        0.666343        0.449233
Te        16.48674        1.67648        1.61480        2        0.536859        0.493620        1.160975
Te        13.89926        5.08542        4.90526        2        1.513117        0.699193        0.676948
Te        17.75622        7.05927        5.89751        2        -1.121728        -1.102607        -0.150684
Te        19.99482        3.06087        2.77060        2        0.197857        1.554692        -1.278844
Te        16.43922        5.55675        1.81749        2        -0.569456        -0.043490        -1.049157
Te        14.09051        8.79797        5.66832        2        0.403121        -0.693938        -1.137083
Te        17.43737        10.19784        5.94247        2        0.538010        0.608747        1.522115
Te        19.68088        6.78730        2.01997        2        0.470308        0.660378        0.008965
Te        16.28588        8.75842        1.82466        2        0.470406        0.320414        0.535882
