54
Lattice="19.173937585 0.000456147 -0.025753600 -0.000245476 10.309403738 0.000007040 0.013560576 0.000001770 30.000000000" Properties=species:S:1:pos:R:3:tags:I:1:forces:R:3 energy=-319.27527974 stress= 2.73532 2.22695 1.61777 0.00575 -0.58987 -0.02542 pbc="T T T"
Mo        2.10054        0.14237        3.73557        1        -0.009180        -0.981001        -0.846375
Mo        4.50624        1.71950        3.97179        1        -0.856833        0.492409        -0.464241
Mo        1.87065        3.49089        3.80253        1        1.547878        -0.013666        -1.138067
Mo        4.55825        5.04084        3.87656        1        -2.237788        -0.192926        -0.826720
Mo        2.20627        6.86222        3.54610        1        -0.701553        0.445850        0.511155
Mo        4.42872        8.40487        3.83109        1        0.197404        1.585093        0.248959
Mo        8.54896        10.29012        3.71580        1        0.468092        -0.602435        1.664381
Mo        10.99198        1.81355        3.94112        1        -1.318772        -0.586505        0.980784
Mo        8.60559        3.43921        3.67141        1        -0.366223        -0.627345        0.602203
Mo        10.85866        5.23760        4.05449        1        0.102712        -0.905000        0.200619
Mo        8.53574        6.85813        3.88407        1        0.700451        -0.184660        -0.286613
Mo        10.99441        8.62130        4.12319        1        -0.950331        0.068285        0.254720
Mo        14.89962        10.29439        3.95432        1        0.466648        -0.335679        0.447077
Mo        17.18671        1.58717        4.09253        1        0.881015        0.616955        0.261350
Mo        14.86661        3.40496        3.99982        1        1.505354        0.345985        -0.976893
Mo        17.27244        5.27595        4.12803        1        0.265106        -0.086809        -0.328022
Mo        14.93225        6.82544        4.09627        1        0.823269        0.931832        -0.652618
Mo        17.37196        8.53056        4.12398        1        -1.620322        -0.031137        -1.849362
Te        0.62784        1.66043        5.43854        2        -0.804572        0.377312        0.170967
Te        3.54650        3.52070        5.81864        2        0.935321        -0.874426        0.847674
Te        6.08451        0.04413        2.46572        2        -0.223641        -0.325365        -0.635517
Te        2.82294        1.78291        1.80996        2        -0.028222        0.485510        0.074665
Te        0.62718        5.42152        5.39614        2        -0.233465        -0.818453        -0.123338
Te        3.67569        6.75135        5.74331        2        0.512731        0.337538        1.056397
Te        5.88901        3.47939        2.10446        2        0.781876        -0.765207        0.675132
Te        2.74664        5.13804        1.68933        2        0.265189        -0.642411        0.117340
Te        0.61125        8.58197        5.27224        2        0.809636        -0.083072        0.377263
Te        3.68485        10.14895        5.77019        2        0.735294        0.610744        0.889410
Te        6.03067        6.79533        2.52813        2        1.436445        0.523448        -1.538206
Te        2.86409        8.77719        1.62400        2        -0.288705        -0.556452        0.586321
Te        6.96682        1.75701        5.35740        2        -0.071643        -0.039795        -0.438465
Te        10.11843        3.39258        5.94767        2        0.163604        0.384912        -0.387500
Te        12.51811        0.12766        2.44648        2        -0.143963        -1.039709        0.269688
Te        9.17713        1.61139        1.84559        2        0.687482        0.691535        -1.388995
Te        6.94440        5.02550        5.15058        2        -0.093172        0.211599        1.168114
Te        10.21229        6.73127        6.15520        2        -0.164854        1.145574        -0.955344
Te        12.56988        3.47782        2.51207        2        -0.387889        0.530220        -0.251651
Te        9.17782        5.12739        1.76047        2        0.503567        0.546251        0.447588
Te        6.88346        8.68825        5.29098        2        0.094878        -0.749653        0.166372
Te        10.08055        0.09134        5.96720        2        0.363891        -0.335933        -0.588478
Te        12.61180        6.88230        2.70297        2        -0.568462        0.043890        -0.704986
Te        9.41610        8.42356        1.86910        2        -0.174824        0.682854        0.451702
Te        13.35353        1.79253        5.60739        2        -0.236422        -0.416309        -0.391197
Te        16.71766        3.41757        5.99107        2        -0.104111        0.033685        0.673710
Te        18.71599        10.27281        2.48252        2        0.565982        0.278775        -0.552585
Te        15.57419        1.63473        2.03772        2        -0.299090        1.016885        -1.082463
Te        13.43918        5.11267        5.60297        2        -0.892697        0.364999        0.179834
Te        16.67380        6.95039        6.16678        2        0.037089        -0.755160        0.160673
Te        18.67583        3.37296        2.40323        2        -0.122699        0.289008        0.375334
Te        15.67998        5.29897        2.01120        2        -0.593661        -0.941284        0.198997
Te        13.45209        8.71474        5.62493        2        -0.738727        -0.504136        0.088958
Te        16.69011        10.18243        6.03383        2        -0.383084        0.784128        0.980485
Te        18.82245        6.85859        2.33148        2        -0.326444        -0.002005        0.241515
Te        15.58275        8.60976        1.95687        2        0.095554        -0.415993        1.028995
