54
Lattice="18.798270284 0.000008540 -0.000615361 -0.000005198 10.852719811 0.000045896 0.042448411 0.000094922 30.000000000" Properties=species:S:1:pos:R:3:tags:I:1:forces:R:3 energy=-320.16193271 stress= -4.56084 -4.14737 0.75207 1.57227 0.64896 -0.10410 pbc="T T T"
Mo        2.41687        10.74225        3.89041        1        -0.315631        0.711296        -0.647289
Mo        5.46074        1.73287        3.77715        1        -0.750795        -0.081290        -0.596700
Mo        2.29001        3.70653        3.80885        1        0.356415        0.280731        0.451606
Mo        5.59234        5.41196        3.86735        1        -0.106384        -1.002902        0.622141
Mo        2.52515        7.28231        3.94258        1        -1.011180        -0.046383        -0.391686
Mo        5.59210        9.10048        4.02049        1        1.082974        -0.099914        -1.336248
Mo        8.68553        10.80504        3.97536        1        -0.256398        0.174190        -1.115571
Mo        11.88758        1.74560        3.76886        1        -0.215174        -0.591329        -0.183387
Mo        8.58520        3.48680        4.00273        1        0.274878        0.163030        -1.120348
Mo        11.82746        5.36082        4.22132        1        -0.137523        -0.234800        -1.071419
Mo        8.57121        7.06449        4.01208        1        0.731238        0.660303        0.577775
Mo        11.78211        9.03642        4.12892        1        -1.179574        -0.926407        -0.503156
Mo        14.91327        0.09686        3.93817        1        0.179195        -0.459762        0.176116
Mo        18.08175        1.90294        3.76487        1        -0.380254        0.232039        0.690865
Mo        14.91373        3.69899        3.76966        1        0.511626        0.528761        0.990099
Mo        17.89497        5.55480        3.94224        1        0.889202        0.417381        0.495241
Mo        14.81383        7.39259        3.99842        1        0.470359        -1.419271        2.009400
Mo        18.05355        9.11949        3.85468        1        -0.197215        -0.045161        1.225165
Te        1.31858        1.78305        5.58397        2        0.215091        0.373729        -0.088668
Te        4.32733        3.55272        5.56140        2        0.585838        0.316883        -0.158215
Te        1.42075        1.85725        2.11328        2        -0.142140        -0.668690        -0.625717
Te        4.36651        10.58233        2.02218        2        0.822015        1.104290        0.478598
Te        1.30617        5.63770        5.68438        2        -0.150289        -1.112631        -0.185334
Te        4.63793        7.24576        5.63970        2        -0.331728        -0.370882        1.083583
Te        1.20922        5.61801        2.13495        2        0.388453        -0.393446        0.264337
Te        4.44716        3.68002        1.96852        2        -0.068729        -0.140237        0.871808
Te        1.31018        9.05386        5.63920        2        0.208074        -0.066852        0.571423
Te        4.50428        0.02127        5.66051        2        -0.595948        0.132204        0.441206
Te        1.37162        8.87912        2.08208        2        -0.211463        0.928774        0.121409
Te        4.63623        7.28237        2.24301        2        -0.135828        -0.030028        -0.890698
Te        7.38908        1.67049        5.65476        2        0.651020        0.353194        0.306513
Te        10.75423        3.33373        5.64211        2        -0.199298        0.516207        0.677135
Te        7.62642        1.71470        2.07853        2        -0.015757        0.051609        0.500169
Te        10.78844        10.60239        2.11309        2        -0.140839        0.933143        0.395618
Te        7.56245        5.23600        5.83011        2        -0.131913        0.183424        -0.416376
Te        10.70355        7.07061        5.97756        2        -0.165822        0.496358        -0.648290
Te        7.66034        5.30783        2.13324        2        0.102599        0.065220        0.137041
Te        10.77138        3.59487        2.14187        2        -0.114882        0.340346        0.765319
Te        7.76122        9.02022        5.81487        2        -0.699690        -0.230822        -0.301433
Te        10.71297        0.03323        5.63103        2        0.575007        0.594978        1.336610
Te        7.74741        9.06164        2.17302        2        -0.702142        -0.864599        0.434348
Te        10.76616        7.18720        2.42179        2        -0.262187        -0.520146        -0.149601
Te        13.89768        1.95529        5.55855        2        -0.169496        -0.474308        0.604880
Te        16.92586        3.57190        5.60446        2        0.546876        0.558038        -0.112498
Te        14.09595        1.85502        2.00874        2        -1.039838        -0.169153        -0.154518
Te        16.97334        0.06185        2.15219        2        0.173433        -0.053928        -0.738102
Te        14.02281        5.23668        5.98455        2        -0.543585        1.016107        -1.412530
Te        16.93534        7.31392        5.79049        2        0.089670        0.496552        -0.481462
Te        13.71941        5.65515        2.30519        2        0.183860        -0.807598        -0.644978
Te        17.07488        3.90171        2.04522        2        -0.544562        -1.068068        -0.309168
Te        13.80645        9.11603        5.78127        2        0.826318        0.602154        0.960348
Te        17.03907        0.22049        5.69471        2        0.059826        -0.771238        -0.569133
Te        13.71756        9.07401        2.34205        2        0.543051        0.751157        -1.514999
Te        16.79848        7.40330        2.23108        2        0.466027        -0.317892        -0.785241
