54
Lattice="18.429676749 0.000008540 -0.000615361 -0.000005198 14.470293080 0.000045896 0.042448411 0.000094922 30.000000000" Properties=species:S:1:pos:R:3:tags:I:1:forces:R:3 energy=-299.89580632 stress= -3.31546 1.42022 2.31560 -0.43357 -0.23870 -0.11603 pbc="T T T"
Mo        0.63266        1.20526        3.63624        1        -0.757557        0.514032        1.927870
Mo        6.05533        4.29060        3.70518        1        -1.627054        0.658063        0.904068
Mo        3.49790        6.64040        3.76125        1        1.821868        -1.638387        -0.627999
Mo        6.79551        6.30031        4.05922        1        -0.359023        0.478503        -0.048246
Mo        0.27553        9.79006        3.65153        1        -0.488526        -0.741040        0.739482
Mo        3.26809        14.31926        4.33997        1        -0.888693        -0.437589        -0.522086
Mo        7.28535        1.49734        3.73421        1        -1.462534        -1.233242        0.056322
Mo        12.24128        1.30770        3.94381        1        -0.451683        0.479134        1.666077
Mo        8.84721        4.05688        4.01695        1        1.560396        -0.208659        0.577895
Mo        12.37384        4.58229        4.73440        1        -1.581405        0.486705        0.091945
Mo        10.95875        6.58111        4.83579        1        1.104762        -1.929904        -0.189303
Mo        13.67160        11.99967        4.10281        1        0.534623        0.599394        0.966346
Mo        14.81223        14.19410        3.92066        1        -0.660191        -0.632118        -0.044450
Mo        17.29049        3.38827        3.67040        1        0.577032        -0.208212        0.412785
Mo        15.08431        5.60337        4.29034        1        -0.790448        -0.913661        -0.488990
Mo        17.66785        6.43250        3.48754        1        -1.413571        3.278456        -0.774086
Mo        15.17886        7.72225        4.44116        1        0.548754        0.668946        0.559452
Mo        17.64872        12.89746        3.49539        1        0.967665        -0.375329        1.545135
Te        0.74059        4.98219        4.73606        2        3.122351        -1.576319        1.538990
Te        4.72271        5.73135        5.90809        2        0.455879        -0.353600        -0.040712
Te        1.37845        3.24079        2.30836        2        -0.198499        0.521893        -0.807775
Te        1.72727        13.92170        2.22961        2        0.671142        -0.756056        -1.571562
Te        2.54802        8.60372        4.90792        2        -0.728427        1.684909        0.834940
Te        1.77601        11.95262        4.67707        2        -0.557976        -0.168188        0.675641
Te        1.44702        7.34236        2.07435        2        -0.872818        0.558869        0.186866
Te        4.61046        5.33335        1.64765        2        -0.029149        -0.057609        -0.493258
Te        17.33610        11.01525        5.75745        2        -0.089021        0.383494        -0.644531
Te        2.27047        1.55687        5.89176        2        -0.649012        0.129034        -0.000381
Te        0.10592        11.27070        1.53229        2        0.834932        -0.371560        -1.030248
Te        5.35471        8.01862        2.19856        2        0.229304        -0.751036        0.461631
Te        7.47374        2.87575        5.83253        2        -1.518833        -0.456580        1.698419
Te        10.66774        2.81159        6.05174        2        0.947124        0.037871        -0.720575
Te        7.51408        3.14484        1.82939        2        1.258119        0.920786        -1.981954
Te        9.39766        0.24279        3.28231        2        1.512704        -0.212158        0.028919
Te        8.56054        5.85645        6.10903        2        0.935818        0.857331        0.250023
Te        12.31231        8.61220        3.35417        2        0.437834        -0.177812        0.235097
Te        9.32148        6.26346        2.77232        2        -0.751346        1.713331        -1.526527
Te        11.18297        3.26861        2.62578        2        -1.135950        0.104328        -1.246380
Te        5.76482        13.80647        4.34205        2        0.516550        -0.449975        0.466734
Te        12.81688        14.14214        5.93593        2        0.704684        -0.562375        0.100268
Te        4.61876        1.88971        2.86383        2        0.018040        -0.610039        -0.289849
Te        11.10561        12.04422        3.99686        2        0.022421        -0.710207        -0.046279
Te        14.66698        2.69179        5.07989        2        -0.682066        -0.355949        -0.838976
Te        16.91629        4.21001        6.29010        2        -0.930187        0.260793        0.297652
Te        13.09338        0.35727        1.82910        2        1.071965        -0.447389        -0.903960
Te        16.80861        0.60927        1.94946        2        -0.057724        0.443898        0.408099
Te        13.29557        6.43385        6.44707        2        0.251137        0.425112        0.138750
Te        17.60957        7.75257        5.92931        2        -0.406553        0.257854        -0.842860
Te        12.80920        5.84825        2.33940        2        0.909412        0.462029        0.890365
Te        16.39722        5.05802        1.74551        2        -0.968194        -1.166615        -0.276969
Te        14.39206        10.23678        6.13465        2        0.567533        0.508543        -0.798180
Te        17.26846        0.41690        5.55378        2        -0.352692        -0.516665        -0.842250
Te        15.56642        11.68780        2.26397        2        -1.258767        0.549527        0.082275
Te        16.39355        8.43735        2.15528        2        0.112710        1.004967        -0.098443
