54
Lattice="19.904050889 0.000008540 -0.000615361 -0.000005198 11.491115093 0.000045896 0.042448411 0.000094922 30.000000000" Properties=species:S:1:pos:R:3:tags:I:1:forces:R:3 energy=-313.20776599 stress= -19.27793 -19.84175 -2.64348 2.06072 -0.62846 0.38010 pbc="T T T"
Mo        2.45911        11.38231        4.05030        1        0.841244        0.861550        -0.017459
Mo        5.80309        1.79952        3.88927        1        0.320373        0.631684        -0.344782
Mo        2.55195        3.82706        4.05280        1        -0.714310        0.501856        -0.127243
Mo        5.70701        5.74553        3.99811        1        0.813679        0.365431        0.937082
Mo        2.46368        7.62144        4.09071        1        0.238785        1.150186        0.851225
Mo        5.51846        9.39690        3.88183        1        1.432416        1.319453        -0.043284
Mo        9.04681        0.05680        3.88725        1        0.007041        -0.536111        -0.980603
Mo        12.69920        1.95931        3.66005        1        -2.042781        0.197763        0.397385
Mo        9.00357        3.74946        3.91023        1        0.363057        0.334194        0.555720
Mo        12.45286        5.72998        3.87654        1        0.226547        -0.232424        0.449369
Mo        8.97693        7.64560        3.64489        1        1.158912        -0.045932        0.591594
Mo        12.53513        9.61338        3.78193        1        -1.283610        -0.330468        -0.360278
Mo        15.79328        11.48196        3.74712        1        0.240279        0.213482        0.727716
Mo        19.24253        2.01249        3.86566        1        -1.210226        -0.053546        1.756259
Mo        15.98889        3.86992        4.12728        1        0.049711        -0.406040        -0.549017
Mo        19.15786        5.71476        4.07110        1        -0.155101        0.172783        0.879145
Mo        15.88828        7.60077        4.03617        1        -0.305366        0.733716        0.001576
Mo        19.42221        9.73737        3.98233        1        -1.666137        -0.946388        0.797750
Te        1.49040        1.91067        5.74653        2        -0.262848        -0.111771        -0.320818
Te        4.74777        3.73955        5.67222        2        0.112900        0.025614        0.106561
Te        1.39513        1.91610        2.30191        2        1.390042        0.006008        -0.592275
Te        4.51069        11.42421        2.20732        2        0.222802        0.020927        0.046566
Te        1.35680        5.75954        5.88223        2        0.384121        -0.374236        -0.592533
Te        4.61234        7.73863        5.86351        2        0.207351        -0.850530        -0.600827
Te        1.27924        5.98122        2.39273        2        0.836669        -1.498450        -0.822634
Te        4.68227        3.89707        2.30291        2        -0.210559        -0.606627        -0.408876
Te        1.57533        9.62672        5.92978        2        -0.560582        -0.248310        -0.653897
Te        4.91201        11.41449        5.63083        2        -1.268322        -0.044039        0.262260
Te        1.47173        9.51984        2.28007        2        0.702585        0.051557        -0.561972
Te        4.57839        7.56754        2.26871        2        -0.646718        -0.722823        -0.526202
Te        7.91258        1.75947        5.69450        2        0.381435        0.458960        -0.340231
Te        11.29652        3.65161        5.49684        2        0.500337        0.515867        -0.283317
Te        8.09534        1.96132        2.13790        2        -0.866756        -0.553277        -0.110526
Te        11.40995        0.13244        1.99861        2        -0.098495        -0.506815        0.569659
Te        8.15601        5.77786        5.70012        2        -0.654220        0.012996        -1.103331
Te        11.21937        7.73626        5.53683        2        0.185037        -0.174442        -0.931622
Te        7.85854        5.67711        2.18735        2        -0.159156        -0.199898        -0.099309
Te        11.18555        3.82740        2.07019        2        0.654728        0.252503        0.641924
Te        7.87528        9.38536        5.37542        2        0.117822        0.685246        0.366534
Te        11.37402        0.06367        5.36226        2        0.315769        0.091690        0.411020
Te        7.70299        9.72780        2.00230        2        0.486092        -0.555081        0.860312
Te        11.49084        7.61858        2.08732        2        -0.550870        0.096909        0.187717
Te        14.70876        1.87757        5.50766        2        0.247799        -0.149405        0.489177
Te        18.18014        3.70387        5.87960        2        -0.212133        0.417115        -0.905394
Te        14.84209        2.05810        2.09892        2        0.889960        0.008552        0.081326
Te        18.19384        0.07390        2.19011        2        -0.276269        -0.168408        -0.096047
Te        14.70717        5.79731        5.90015        2        0.007673        -0.282501        -1.299399
Te        18.24746        7.78473        5.66984        2        -0.612696        0.043952        0.070933
Te        14.90132        5.63892        2.37942        2        -0.575294        0.477083        -0.096874
Te        18.21934        3.97028        2.20979        2        -0.718456        -0.409301        0.504147
Te        14.50890        9.49594        5.58417        2        1.066361        0.453587        0.033091
Te        17.98433        0.05517        5.52270        2        0.153019        0.224206        0.081327
Te        14.69769        9.59887        2.13314        2        0.568313        -0.729110        -0.092120
Te        18.12336        7.64705        2.33742        2        -0.063549        0.429718        0.205127
