54
Lattice="19.174335959 0.000456436 -0.025753600 -0.000245188 11.952133320 0.000007040 0.013560858 0.000001769 30.000000000" Properties=species:S:1:pos:R:3:tags:I:1:forces:R:3 energy=-309.15169460 stress= -7.91148 -15.35978 -3.80551 -1.05803 1.30784 1.00565 pbc="T T T"
Mo        1.73248        11.71968        3.96563        1        1.837366        0.745704        -0.707543
Mo        4.43657        1.75161        4.18450        1        0.418704        -1.129142        -1.679959
Mo        1.82603        3.05952        3.79708        1        -0.216698        0.558401        0.718210
Mo        4.81374        6.69746        3.82656        1        0.744707        1.158027        0.148716
Mo        2.08496        8.19991        3.88857        1        -0.053472        0.296059        -1.643323
Mo        4.73829        10.20085        3.77948        1        -0.984919        -0.443158        1.349666
Mo        8.79726        0.24591        3.52693        1        -0.025545        0.270798        0.215445
Mo        11.06676        2.46759        4.07300        1        -1.792436        -0.060572        -1.075965
Mo        8.72885        4.00022        3.95505        1        -0.626571        1.330566        0.356388
Mo        10.92090        5.63596        4.11892        1        1.019293        0.681160        0.730141
Mo        8.45859        7.77755        3.79175        1        0.620188        0.256793        0.897936
Mo        10.65914        9.99796        4.21154        1        -0.568027        -0.243430        -0.912936
Mo        14.95462        11.45596        3.82845        1        -0.852945        0.848845        0.330287
Mo        16.94458        1.77681        4.17724        1        0.607035        -0.530472        -0.010845
Mo        15.28981        4.06726        3.55862        1        -0.888901        -0.148136        0.285058
Mo        17.24183        6.29840        4.12370        1        -1.457959        -0.055052        -1.440188
Mo        14.82109        8.10077        3.86145        1        2.231158        0.478307        0.055225
Mo        17.15309        9.89351        4.02605        1        -0.466296        -0.460017        -0.768800
Te        0.40142        1.63127        5.59595        2        0.062981        0.020628        -0.638707
Te        3.70568        3.90803        5.39722        2        -0.199176        0.785552        0.131593
Te        6.18924        0.20980        2.58962        2        -0.542297        0.025493        -0.707339
Te        2.93652        1.51225        1.87268        2        -0.501754        0.096291        1.429845
Te        0.52452        5.73222        4.91227        2        1.973509        0.498693        0.023381
Te        3.83704        8.41132        5.81293        2        0.991209        -0.456067        -0.353006
Te        5.94645        4.16281        2.88766        2        0.147500        -0.145204        0.285757
Te        2.87580        6.12294        2.21474        2        -0.872172        -0.349175        0.497566
Te        0.42614        9.73771        5.46195        2        1.247549        0.609792        0.140784
Te        3.81312        11.84965        5.94618        2        -0.319339        -0.244051        -0.490377
Te        6.15728        8.08377        1.94134        2        -0.752536        0.222972        1.116478
Te        2.83390        10.08405        1.97078        2        -0.921438        -0.643609        -0.117214
Te        7.26754        1.77324        5.19413        2        -0.492206        0.751232        0.535581
Te        10.32106        4.03145        6.26595        2        -0.073911        -0.207594        -1.381014
Te        12.29594        11.65618        2.72076        2        -0.389808        0.649595        -0.074012
Te        9.15021        2.42906        1.91115        2        0.891174        -0.798061        -0.365532
Te        7.10469        6.14835        5.28256        2        -0.484989        -0.880718        0.966877
Te        10.38276        7.92931        5.87612        2        -0.771679        -0.879117        -0.358212
Te        12.63495        4.08609        2.44737        2        -0.389807        0.154905        0.376957
Te        9.44382        6.16280        1.95728        2        -0.524311        -1.084739        -0.246128
Te        7.08230        10.02499        5.21750        2        1.031281        -0.091362        -0.420952
Te        10.21907        0.37023        5.69265        2        0.686190        -0.495436        0.684612
Te        12.25325        7.84564        2.83329        2        -0.809518        0.198083        -0.480812
Te        8.90969        9.84593        2.07092        2        1.031141        0.798416        0.118273
Te        13.48700        2.00571        5.01226        2        1.576746        -0.057639        0.270583
Te        16.60787        4.02019        5.81926        2        0.196829        0.013243        0.264267
Te        18.61439        0.27323        2.42941        2        -0.460132        -0.987632        0.749672
Te        15.32090        1.69488        2.03782        2        0.368085        -0.120012        0.085557
Te        13.83874        6.14754        5.20594        2        -0.851165        -2.226520        0.436486
Te        17.30225        8.09632        6.19400        2        -1.664771        -0.516439        -1.074544
Te        18.39280        3.88580        2.77845        2        -0.518474        -0.026772        -0.340503
Te        15.56026        6.12763        1.78253        2        0.313591        0.275258        1.169313
Te        13.26089        9.71293        5.25311        2        0.161866        1.108294        0.699733
Te        16.43012        11.83957        6.07528        2        0.171156        -0.392002        -0.619599
Te        18.60313        8.05793        2.35079        2        0.288535        0.154397        0.812758
Te        15.20386        9.68857        1.80912        2        0.862716        0.693986        0.022697
