54
Lattice="22.299908866 0.000008540 -0.000615361 -0.000005198 10.639921383 0.000045896 0.042448411 0.000094922 30.000000000" Properties=species:S:1:pos:R:3:tags:I:1:forces:R:3 energy=-301.16839548 stress= -24.56478 -9.60031 1.42838 0.46733 2.03327 -1.03100 pbc="T T T"
Mo        2.83668        0.08066        4.21977        1        -0.155999        -0.231534        -0.366788
Mo        6.71474        1.83762        3.73104        1        -0.991768        0.589010        0.461181
Mo        2.81294        3.45241        4.06024        1        -0.170184        0.579518        0.116728
Mo        6.66583        5.39573        3.80269        1        0.234497        -0.822048        -0.021547
Mo        3.22568        7.19772        3.76507        1        0.391812        -1.469877        0.818113
Mo        6.75210        8.90553        3.61690        1        -0.057157        -1.158670        0.251916
Mo        9.96126        10.52100        3.73541        1        1.398830        -0.062943        -0.402141
Mo        13.41701        1.67254        3.88095        1        -0.348707        0.200663        -0.531579
Mo        10.44629        3.47867        3.88728        1        -1.754371        -1.697597        -1.414188
Mo        14.22033        5.07780        3.63711        1        -0.352123        0.227293        1.844316
Mo        10.88773        7.03615        3.58962        1        -0.528393        -0.359681        1.138582
Mo        13.96361        9.09375        3.63349        1        0.517906        -0.676191        1.149353
Mo        17.81886        0.42027        4.33270        1        -0.789245        -0.395392        -0.353426
Mo        21.28557        1.85593        4.35152        1        0.805328        1.221016        0.261371
Mo        17.15538        3.37671        4.26493        1        0.110191        0.592804        0.270995
Mo        21.25865        5.36651        4.11827        1        0.248313        0.247469        0.748196
Mo        17.49327        6.88145        4.10510        1        0.859581        1.211774        0.691692
Mo        21.70901        8.97476        4.10235        1        -0.037069        -0.659082        0.022259
Te        1.48044        1.85811        5.91115        2        0.055254        -0.228931        -0.294912
Te        5.22145        3.56590        5.47990        2        0.728942        0.128644        0.534067
Te        1.44171        1.77776        2.39933        2        -0.028069        -0.106809        0.685188
Te        5.05090        0.20807        2.50215        2        0.175770        -0.871550        -1.516731
Te        1.62388        5.51497        5.48302        2        -0.189921        -0.361602        -0.131301
Te        5.53821        7.15310        5.42457        2        0.262497        0.379763        0.171823
Te        1.83197        5.21958        2.23806        2        -0.230167        0.428075        -0.071853
Te        5.11291        3.60488        2.35241        2        0.328019        -0.036851        -0.762708
Te        2.06772        8.71319        5.83672        2        -0.363633        0.407675        -0.100316
Te        5.56870        10.57357        5.46254        2        -0.168598        0.317858        0.738519
Te        1.82927        8.83618        2.39559        2        -0.795333        1.164802        -0.620100
Te        5.61225        6.96203        1.90291        2        -0.241355        0.967298        0.351763
Te        8.87341        1.71607        5.47028        2        0.346982        0.040125        0.596168
Te        12.38255        3.50255        5.61290        2        1.583055        0.148592        0.442565
Te        8.84941        1.85263        2.15238        2        0.563721        -0.363359        -0.636962
Te        12.25363        10.53727        1.93788        2        0.398801        0.335221        0.767234
Te        9.31689        5.27795        5.26619        2        -0.862384        1.559259        1.508224
Te        13.12574        6.95335        5.40563        2        -0.275230        0.695657        -1.026881
Te        9.29945        5.22167        2.12193        2        -0.195412        0.438344        -0.522559
Te        12.43691        3.52981        2.08861        2        1.093170        -0.076477        -0.416441
Te        9.10909        8.62471        5.38913        2        -0.099918        -0.182294        -0.432994
Te        12.23747        10.38521        5.40447        2        0.046116        0.113315        0.035815
Te        9.49496        8.52633        1.89695        2        -1.168004        0.884039        -0.335590
Te        13.67593        7.09762        1.92999        2        -1.402301        -0.284303        -0.588378
Te        15.46562        1.67124        5.77066        2        1.085131        0.000448        -0.119080
Te        19.83357        3.72872        5.84034        2        -0.033344        -0.457708        -0.263878
Te        15.75380        1.75824        2.47683        2        0.633139        0.158252        -0.141657
Te        20.74758        0.21613        2.48675        2        -1.249463        -0.840738        -1.097538
Te        16.07433        5.31918        5.94387        2        0.464371        -0.325428        -1.171704
Te        19.98176        7.32043        5.59678        2        0.201126        -0.899416        0.234594
Te        16.64764        5.17169        2.31421        2        -0.781601        -0.219035        -0.933584
Te        19.53032        3.73132        2.64732        2        0.896871        -1.194369        0.095257
Te        16.40658        9.04540        5.56679        2        -0.345317        -0.211268        0.113965
Te        20.14748        10.48231        5.87964        2        0.149600        0.957322        -0.211365
Te        16.66807        9.22700        2.37984        2        0.145276        -0.345637        0.549622
Te        20.33940        7.13559        2.36285        2        -0.022874        0.555028        -0.126730
