54
Lattice="18.429676749 0.000008540 -0.000615361 -0.000005198 10.852719811 0.000045896 0.042448411 0.000094922 30.000000000" Properties=species:S:1:pos:R:3:tags:I:1:forces:R:3 energy=-319.77533974 stress= -0.54491 -2.84070 -0.02651 -0.70528 -0.76508 -0.10980 pbc="T T T"
Mo        2.12753        0.03759        3.96033        1        0.424961        0.570912        -0.062473
Mo        5.19928        1.93262        3.78061        1        1.300882        -0.505318        1.783899
Mo        2.36042        3.65713        4.08964        1        -0.061165        0.531803        -1.879105
Mo        5.36069        5.42835        3.94989        1        0.145038        0.836416        0.348304
Mo        2.35906        7.37535        3.88177        1        0.231031        -1.442816        0.882741
Mo        5.44055        9.20198        3.99648        1        -1.382669        -0.039928        -1.489360
Mo        8.63905        10.69266        3.87758        1        -0.095420        2.045244        0.905166
Mo        11.55182        1.68046        3.83806        1        1.206014        -0.205186        1.074244
Mo        8.49712        3.79334        4.06521        1        2.042721        -1.286855        -1.050968
Mo        11.53186        5.33991        3.95259        1        0.751374        -0.251566        -0.496094
Mo        8.39802        7.20526        3.90695        1        0.348561        0.224992        0.399207
Mo        11.45670        9.00325        3.86314        1        0.963864        0.760507        1.045730
Mo        14.68929        10.81689        4.11358        1        0.359314        -1.099921        -2.453265
Mo        17.72009        1.71226        3.92274        1        0.499672        0.789495        0.586129
Mo        14.66446        3.70676        3.94029        1        -0.441024        -0.982395        -0.838038
Mo        17.72737        5.38467        3.82401        1        -0.293546        0.560154        1.748054
Mo        14.43182        7.08988        3.80056        1        0.885669        0.768575        0.936648
Mo        17.52682        8.92735        3.85499        1        0.793521        0.704322        0.535951
Te        1.30269        1.92605        5.86399        2        -0.312870        -0.545965        -0.496345
Te        4.40904        3.70853        5.81667        2        0.197747        -0.517542        -0.257922
Te        1.34283        1.86593        2.09716        2        -0.182807        0.289908        0.648762
Te        4.11584        0.01854        2.12321        2        1.104692        0.356021        0.118156
Te        1.37782        5.60633        5.72516        2        -0.574680        -0.470746        -0.186904
Te        4.39770        7.32809        5.69742        2        0.171772        0.106392        0.117654
Te        1.38366        5.47344        2.14822        2        0.152206        -0.204158        0.085787
Te        4.36921        3.81962        2.08707        2        -0.646332        -0.663420        -0.140518
Te        1.26157        9.02815        5.65926        2        -0.841592        0.062082        0.651329
Te        4.16929        0.10699        5.68611        2        1.026932        0.266463        0.015362
Te        1.25808        9.01872        2.22876        2        -0.861609        0.616565        -1.639571
Te        4.36425        7.46977        2.12938        2        0.803611        -0.729023        0.196650
Te        7.59075        1.90835        5.70278        2        -1.028424        -1.022302        -0.488924
Te        10.73340        3.55412        5.73366        2        -0.979372        -0.491692        0.116400
Te        7.67546        1.88226        2.30757        2        -1.501997        -0.315344        -0.345272
Te        10.54202        10.83965        1.94843        2        0.208303        -0.515604        0.472661
Te        7.50369        5.48143        5.75504        2        -0.983941        0.491486        0.918387
Te        10.52714        7.10999        5.77724        2        -0.331719        0.688172        -0.761569
Te        7.39459        5.33181        2.21427        2        0.252731        0.755248        -0.942923
Te        10.59620        3.40435        2.09930        2        -0.616327        1.445403        0.231833
Te        7.42526        9.12843        5.63351        2        0.900693        -0.527881        1.583481
Te        10.61394        10.83622        5.76881        2        -0.124345        -0.371207        -0.411786
Te        7.48145        9.08619        2.16277        2        -0.482946        -0.520248        -0.870270
Te        10.53189        7.18647        2.20088        2        -0.680960        -0.572076        -0.641305
Te        13.76538        1.77941        5.73212        2        -1.158864        0.607345        0.088547
Te        16.68152        3.53276        5.66877        2        0.643336        0.710625        0.246001
Te        13.83989        1.69036        2.17319        2        -0.920681        0.510779        0.442013
Te        16.74800        0.00684        2.13287        2        -0.887510        -0.606277        -0.029069
Te        13.60006        5.35159        5.76343        2        -0.160175        0.424449        -0.152098
Te        16.58755        7.23145        5.66527        2        -0.312511        -0.990865        -0.407352
Te        13.47037        5.34137        2.05907        2        0.053996        -0.408431        -0.302712
Te        16.75752        3.56813        2.15630        2        -0.345813        -0.229310        -0.503760
Te        13.60969        8.86586        5.70610        2        -0.622919        0.465006        -0.381349
Te        16.74234        10.82510        5.81462        2        0.119277        -0.490747        -0.245076
Te        13.48364        9.08688        2.01184        2        0.557813        -0.246660        1.212832
Te        16.46691        7.03737        2.04300        2        0.675185        0.645889        0.054288
