54
Lattice="20.324373841 0.000456147 -0.025753600 -0.000245476 10.927967962 0.000007040 0.013560576 0.000001770 30.000000000" Properties=species:S:1:pos:R:3:tags:I:1:forces:R:3 energy=-315.50323160 stress= -11.32280 -9.96078 0.31755 1.75640 1.90910 -1.01191 pbc="T T T"
Mo        2.32316        0.17633        3.89742        1        0.117074        0.658127        0.328008
Mo        4.68681        2.10129        4.12839        1        0.442292        -0.511860        -0.328545
Mo        2.24591        3.54094        3.87843        1        0.654140        0.737896        1.601219
Mo        4.76442        5.31206        4.09652        1        -0.173186        -0.229203        0.661388
Mo        2.25207        7.29550        4.06301        1        0.058775        -0.014424        -0.842788
Mo        4.76759        9.65502        3.97565        1        0.849715        0.315385        0.669128
Mo        9.01169        0.47256        3.77149        1        0.465289        -0.405175        1.099323
Mo        11.58002        1.81630        4.03067        1        -0.051599        -0.730861        -0.067382
Mo        9.18708        3.65903        3.69181        1        -0.823382        0.075600        0.447373
Mo        11.53661        5.21115        3.92469        1        0.187326        0.731289        -1.494383
Mo        8.91477        6.95744        3.76790        1        0.402692        0.628016        -0.225644
Mo        11.82176        8.71365        3.84135        1        -1.729037        0.678241        -0.477563
Mo        15.83832        10.83684        3.94997        1        -0.610653        -0.227208        -1.720313
Mo        18.37920        1.48013        3.96331        1        -0.431297        0.034947        1.561905
Mo        15.67723        3.64343        3.76104        1        1.425504        0.092872        0.111798
Mo        18.14717        5.68778        3.81638        1        0.158330        -0.121210        0.249093
Mo        15.88338        7.17443        3.72387        1        -0.337181        -0.411507        -0.846993
Mo        18.24819        9.17390        3.95475        1        0.490517        -0.016399        1.768060
Te        0.54944        1.79292        5.64474        2        0.293468        -0.084165        -1.080844
Te        3.96240        3.81872        6.11602        2        -0.553470        -0.329756        -0.323800
Te        6.31813        0.45752        2.33705        2        -0.070058        -0.377663        0.683096
Te        3.04340        1.99407        1.97299        2        -0.066340        -0.875424        -0.532421
Te        0.52518        5.34904        5.01268        2        -0.285868        0.978495        0.551575
Te        4.23617        7.52041        5.77452        2        0.127385        -0.049242        0.216069
Te        6.36678        3.74130        2.48198        2        0.024216        -0.040081        -0.226271
Te        3.09196        5.56080        2.13669        2        -0.771816        -0.294198        -0.963253
Te        0.70670        9.19764        5.23101        2        -0.577451        -0.101056        0.531130
Te        4.04267        0.29853        5.99332        2        -0.150497        -0.245339        0.376940
Te        6.05390        7.43268        2.92000        2        0.917371        -0.129247        -0.404214
Te        3.04972        9.19014        2.12809        2        -0.816594        -0.244923        -0.809488
Te        7.46324        1.95022        5.44214        2        0.058965        0.214478        -0.365446
Te        10.88234        3.59275        5.84143        2        -0.405588        -0.336825        1.071688
Te        13.26762        10.83196        2.59814        2        -0.149732        -0.260977        -0.007129
Te        10.02648        1.90958        1.86983        2        0.032469        0.224749        -1.144347
Te        7.31260        5.28378        5.21121        2        0.733640        0.401709        0.228576
Te        10.73599        7.03503        5.70217        2        0.114974        0.470165        0.561502
Te        13.32110        3.40515        2.52788        2        -1.067771        0.423706        -0.370467
Te        9.73552        5.49738        1.71427        2        0.487315        -0.327631        0.614808
Te        7.56733        9.33126        4.89884        2        -0.055600        -0.377249        0.115946
Te        10.86790        10.77869        5.86340        2        -0.271247        -0.052364        -1.174209
Te        13.32897        7.00052        2.50541        2        -0.455321        0.120395        -0.266437
Te        9.57398        9.19486        2.09442        2        0.484524        -0.463499        0.614576
Te        14.02629        1.43807        5.46364        2        0.526946        0.915598        -0.215425
Te        17.43687        3.69252        5.71228        2        0.559670        -0.220664        -0.281723
Te        20.13042        10.84063        2.62591        2        -0.519829        0.691497        -0.372524
Te        16.55730        1.69260        1.99892        2        -0.037149        -0.079665        -0.097067
Te        14.10868        5.33080        5.35647        2        0.162717        -0.105042        -0.403277
Te        17.50045        7.31504        5.84685        2        0.324863        0.214865        0.125181
Te        19.88431        3.61958        2.73363        2        -0.470622        -0.461945        -0.490683
Te        16.43117        5.32337        1.66582        2        0.236093        0.067332        1.258075
Te        14.23671        8.82439        5.23885        2        -0.192278        0.169126        0.553112
Te        17.31445        10.80226        6.07526        2        1.323657        0.344080        -0.424332
Te        19.88149        7.47843        2.53670        2        0.220382        -0.905418        -0.147845
Te        16.64319        9.10512        1.87736        2        -0.783529        -0.127891        0.105952
