54
Lattice="21.378425029 0.000008540 -0.000615361 -0.000005198 12.342308804 0.000045896 0.042448411 0.000094922 30.000000000" Properties=species:S:1:pos:R:3:tags:I:1:forces:R:3 energy=-298.39419964 stress= -27.40870 -27.23751 -0.00374 0.31611 0.59668 -0.02797 pbc="T T T"
Mo        2.87775        0.01054        3.83235        1        -0.110109        0.090806        0.177800
Mo        6.44155        2.10110        3.95724        1        -0.026806        -0.002558        -0.163146
Mo        2.73717        4.04784        4.05508        1        0.424468        -0.100565        -0.432650
Mo        6.44491        6.27571        4.02470        1        -0.468327        -0.666433        0.005338
Mo        2.82273        8.22187        3.79001        1        0.331011        -0.157965        0.075174
Mo        6.42420        10.24506        3.96594        1        -0.360692        0.498538        0.430857
Mo        9.79792        0.09633        3.99140        1        0.053933        -0.377231        -0.133189
Mo        13.23821        2.10064        4.05241        1        0.302583        0.048700        0.087583
Mo        9.85500        4.19670        4.03215        1        0.168371        0.001220        -0.035335
Mo        13.28606        6.05942        3.96207        1        0.353400        0.873946        0.439603
Mo        9.79624        8.25052        3.79332        1        -0.203205        0.407452        0.271343
Mo        13.35741        10.33864        3.91936        1        -0.589870        0.168731        0.144701
Mo        16.81976        0.13585        4.03091        1        0.029307        -0.168276        -0.345597
Mo        20.37885        1.98871        4.08168        1        0.642443        0.022492        -0.247030
Mo        16.64224        4.08544        3.67841        1        1.313792        -0.025960        0.744215
Mo        20.50861        5.94088        3.95176        1        0.178827        0.074322        0.041772
Mo        16.83134        8.14202        3.77271        1        0.060592        0.046649        0.003578
Mo        20.61315        10.23034        3.76818        1        -0.370667        0.066644        -0.002962
Te        1.52642        1.96314        5.65153        2        0.018745        -0.004493        -0.248968
Te        5.13131        4.17090        5.54650        2        0.265586        -0.088595        0.308462
Te        1.44592        2.05077        2.49050        2        0.102459        -0.112470        -0.485910
Te        5.38627        0.03817        2.30831        2        -0.366306        -0.061278        0.189299
Te        1.63890        6.12417        5.34769        2        -0.646346        0.355513        0.622671
Te        5.17991        8.22010        5.58321        2        -0.110709        0.256832        0.193180
Te        1.83141        6.11169        2.16404        2        -0.417651        -0.163108        0.270015
Te        5.13622        4.07906        2.38169        2        0.121067        0.098411        -0.058899
Te        1.59503        10.31859        5.35833        2        0.070337        -0.097101        0.713530
Te        5.15628        0.12027        5.60732        2        0.176234        -0.378636        -0.388070
Te        1.66958        10.25940        2.26845        2        -0.135819        0.182673        -0.525666
Te        5.22111        8.18640        2.39705        2        0.171980        0.257280        -0.704907
Te        8.74227        2.14575        5.63007        2        -0.174647        -0.045213        -0.066929
Te        12.11418        4.19379        5.73413        2        0.132358        -0.171477        -0.159872
Te        8.79322        2.16796        2.25843        2        -0.251750        -0.003121        0.504102
Te        12.19267        0.11992        2.33292        2        -0.272145        -0.139555        0.111702
Te        8.68321        6.44086        5.63980        2        0.180126        -0.591101        0.003561
Te        12.09280        8.26646        5.43726        2        0.318906        -0.215474        0.753467
Te        8.72457        6.13545        2.33687        2        -0.169665        0.124658        -0.252625
Te        12.21984        4.13926        2.40267        2        -0.624825        -0.437544        -0.402903
Te        8.68071        10.23111        5.66371        2        0.025532        0.242988        -0.600589
Te        12.01704        12.22016        5.60997        2        0.495677        0.418760        0.167707
Te        8.67070        10.36218        2.29940        2        0.056412        -0.016748        0.028611
Te        12.14243        8.24762        2.35221        2        0.273758        -0.122278        -0.747656
Te        15.65847        2.19063        5.61723        2        -0.183210        -0.166044        -0.581447
Te        19.16165        3.95721        5.55690        2        -0.125283        0.461613        -0.532134
Te        15.48511        2.15620        2.20054        2        -0.078009        -0.587168        0.414706
Te        19.31145        0.00216        2.33763        2        -0.150753        -0.106541        0.205686
Te        15.70711        6.09650        5.44534        2        -0.148183        0.185871        0.038108
Te        19.28466        7.95480        5.48032        2        -0.006864        0.243707        -0.235691
Te        15.58560        6.11333        2.18531        2        -0.097043        0.348391        -0.133108
Te        19.35633        3.94515        2.21360        2        -0.406672        0.125164        0.511106
Te        15.80357        10.29132        5.46417        2        -0.130802        -0.060570        0.177104
Te        19.28398        12.26712        5.56883        2        -0.146730        -0.188763        -0.055162
Te        15.51562        10.49615        2.27055        2        0.763950        -0.307204        -0.140876
Te        19.41626        8.11150        2.31903        2        -0.243008        -0.043451        0.082879
