54
Lattice="19.535457354 0.000008540 -0.000615361 -0.000005198 11.278316666 0.000045896 0.042448411 0.000094922 30.000000000" Properties=species:S:1:pos:R:3:tags:I:1:forces:R:3 energy=-315.01925272 stress= -14.54701 -15.04558 -1.41133 1.44385 -1.27227 0.05911 pbc="T T T"
Mo        2.42787        0.04830        3.83627        1        -0.156079        0.808715        -0.816427
Mo        5.69448        1.97969        3.80150        1        -1.115886        0.430375        1.223864
Mo        2.46343        3.86110        3.87421        1        -0.993842        0.276893        -1.472126
Mo        5.92697        5.69593        3.95388        1        -1.346682        -0.161340        -1.579811
Mo        2.47208        7.62705        3.79963        1        0.132420        -0.328209        -0.591726
Mo        5.77611        9.63442        4.11793        1        -0.288617        -0.151000        -1.245179
Mo        8.89188        11.17158        3.95736        1        1.035608        0.611059        1.677178
Mo        12.25523        1.53859        4.03775        1        0.619081        0.465661        0.299871
Mo        9.03581        3.54714        3.93439        1        0.546131        -0.161626        0.421324
Mo        12.33916        5.42367        3.88332        1        0.053367        0.915075        0.536359
Mo        9.17187        7.38593        4.07882        1        0.763461        1.722452        1.497354
Mo        12.38641        9.29179        4.14392        1        0.226660        -0.178069        0.417150
Mo        15.53908        0.15093        3.80621        1        -0.601481        -1.452530        0.841112
Mo        18.49575        1.87397        3.95646        1        1.397228        0.607916        -0.179476
Mo        15.20456        3.73867        3.79004        1        0.792261        -0.218261        -0.170341
Mo        18.80194        5.66317        3.81928        1        -1.496830        0.546776        0.759041
Mo        15.52798        7.48073        3.87190        1        -0.850473        -0.229674        1.469310
Mo        18.67235        9.54682        4.02163        1        0.822752        0.423810        -1.710844
Te        1.29878        1.98420        5.51689        2        -0.178028        -0.219839        0.180173
Te        4.45735        4.00359        5.63366        2        1.209736        -0.613519        -0.128134
Te        1.15504        1.97192        2.10395        2        0.401976        -0.169672        0.815954
Te        4.54976        0.17702        2.08223        2        0.445288        -0.569207        0.729262
Te        1.39730        5.73031        5.55073        2        -0.000147        0.248834        0.112245
Te        4.90207        7.52604        5.61000        2        -1.314314        0.629001        0.403427
Te        1.19419        5.64344        1.99935        2        1.271486        0.277690        0.386402
Te        4.65002        3.83691        2.10989        2        0.134935        0.649997        0.258899
Te        1.49624        9.52115        5.55798        2        -0.456373        -0.560322        0.208850
Te        4.45882        0.42929        5.76165        2        0.444319        -1.092193        -0.948942
Te        1.30742        9.46997        1.91255        2        0.086559        -0.014836        1.716099
Te        4.82153        7.78832        2.19605        2        -0.180836        -0.400135        0.686250
Te        7.72427        1.84321        5.66573        2        0.445214        -0.229882        -0.248022
Te        11.23358        3.41274        5.68703        2        -0.335733        0.755993        -0.100229
Te        7.81241        1.82727        2.16317        2        0.753113        -0.390340        -0.184073
Te        11.18263        11.03467        2.40524        2        -0.605026        -0.293892        -0.635026
Te        7.94022        5.40411        5.62505        2        0.867144        0.284176        1.481076
Te        11.44925        7.28881        5.80679        2        -0.636283        -0.073502        -0.431155
Te        8.24941        5.66801        2.46566        2        -1.005661        -1.121635        -2.740065
Te        11.36866        3.46340        2.27004        2        -1.130948        0.051665        -0.192571
Te        7.87196        9.37612        5.84969        2        0.456975        -0.021337        -0.395039
Te        11.21547        10.98301        6.00391        2        -0.362272        0.467785        -1.289547
Te        8.01620        9.27134        2.37508        2        -0.646917        -0.171508        -0.462795
Te        11.41935        7.55230        2.27077        2        -0.826981        -0.695932        0.480697
Te        14.45351        1.78276        5.60997        2        -0.332329        0.450931        0.446416
Te        17.42973        3.83232        5.48498        2        0.151463        0.195900        0.516474
Te        14.15869        1.78722        2.01317        2        0.629201        -0.079854        0.595322
Te        17.62027        0.14968        2.19366        2        0.235366        -0.891818        -1.110274
Te        14.43614        5.53551        5.62540        2        -0.154746        0.283343        0.051905
Te        17.73200        7.72938        5.69617        2        -0.149461        -1.479709        -0.154548
Te        14.38739        5.70942        1.99746        2        -0.194316        -0.354961        0.550201
Te        17.44994        3.74728        2.18858        2        0.316934        0.130338        -0.263740
Te        14.78584        9.36209        5.76565        2        -1.173505        0.361817        -0.926708
Te        17.52041        0.04523        5.75208        2        0.395378        0.362803        -0.025994
Te        14.39068        9.38631        2.23461        2        0.182530        0.312557        0.155509
Te        17.51575        7.61316        2.25727        2        1.738864        0.054447        -0.936451
