54
Lattice="22.115612099 0.000008540 -0.000615361 -0.000005198 10.639921383 0.000045896 0.042448411 0.000094922 30.000000000" Properties=species:S:1:pos:R:3:tags:I:1:forces:R:3 energy=-308.07654446 stress= -28.58935 -8.62896 0.54073 -1.67077 -0.19387 0.31086 pbc="T T T"
Mo        2.94571        10.57541        4.00379        1        -0.273898        -0.562144        -1.135533
Mo        6.65580        1.70271        3.87306        1        -0.730860        -0.105682        0.251401
Mo        2.74913        3.49454        3.76024        1        0.168375        -0.185725        0.595807
Mo        6.65632        5.37962        3.81940        1        -0.788504        -0.087361        0.220448
Mo        2.83693        7.04209        3.95259        1        -0.300870        -0.034873        -0.447343
Mo        6.52309        8.82426        3.89797        1        -0.850383        -0.035297        0.167731
Mo        10.13210        0.06173        4.23862        1        0.072717        -0.007159        -0.802151
Mo        14.01030        1.77641        3.86639        1        -0.371625        0.238598        -0.023009
Mo        10.08625        3.56486        4.10681        1        1.021444        0.633306        -0.117226
Mo        13.82116        5.44695        3.91823        1        -0.758738        -0.221691        -0.097525
Mo        10.15776        7.22692        3.99107        1        0.405479        -0.534329        0.903719
Mo        13.91844        8.85520        3.97175        1        0.792360        0.478680        -0.024512
Mo        17.62801        10.44398        3.90216        1        0.691051        1.182187        -0.196092
Mo        21.25291        1.77398        3.85317        1        0.284863        0.100803        0.047344
Mo        17.50324        3.48339        3.92854        1        0.219157        0.731268        -0.382019
Mo        21.19821        5.24263        3.78542        1        -0.065504        0.430790        0.018572
Mo        17.49760        7.12956        4.08219        1        0.467283        -0.645795        -0.651977
Mo        21.28178        8.93048        3.80550        1        0.200874        0.127071        0.151360
Te        1.74141        1.68772        5.56223        2        -0.735632        0.694856        0.359328
Te        5.06374        3.55145        5.36535        2        0.753312        0.027227        0.525596
Te        1.61097        1.54698        2.18152        2        -0.180128        0.594120        -0.061053
Te        5.29152        10.57687        2.21376        2        0.088649        0.218365        -0.052002
Te        1.43343        5.25848        5.51819        2        0.216295        -0.183671        -0.055182
Te        5.20585        7.01090        5.55018        2        0.193160        0.087511        -0.021386
Te        1.47682        5.30783        2.19431        2        0.028921        0.020494        -0.362643
Te        5.42077        3.48005        2.24515        2        -0.268791        0.231382        -0.779036
Te        1.50996        8.86005        5.55425        2        0.097414        -0.357738        0.192309
Te        5.20278        10.62323        5.58790        2        0.670056        -0.014782        0.218379
Te        1.56914        8.79395        2.14711        2        0.331352        0.097761        0.647605
Te        5.30150        7.08359        2.07569        2        0.037919        -0.106533        0.681519
Te        8.83358        1.93778        5.79782        2        -0.152083        -0.664267        0.282499
Te        12.69900        3.70925        5.65414        2        -0.323282        -0.751857        -0.099130
Te        9.01875        1.73761        2.37869        2        0.046467        0.029293        -0.129191
Te        12.56016        10.53023        2.39370        2        -0.153600        0.923734        -0.294049
Te        8.88373        5.46512        5.73345        2        0.052464        -0.155774        -0.349443
Te        12.67435        7.27273        5.69135        2        -0.485242        -0.687876        0.146132
Te        9.03580        5.35944        2.33174        2        0.002089        -0.030686        -0.278748
Te        12.56404        3.47522        2.28969        2        -0.011079        0.514165        0.152273
Te        8.75659        8.92569        5.74971        2        0.165953        -0.200061        -0.024919
Te        12.70884        0.11649        5.63693        2        -0.125184        -0.148450        0.336373
Te        8.77556        8.85960        2.37578        2        0.796026        0.806246        -0.266018
Te        12.61355        7.25529        2.22956        2        -0.361417        -0.565815        0.000191
Te        16.40290        1.64817        5.51881        2        -0.306227        -0.095732        0.608470
Te        19.92605        3.63621        5.57239        2        -0.008815        -0.616608        -0.206457
Te        16.37212        1.72338        2.17280        2        -0.099401        -0.242117        0.203223
Te        20.09761        0.05907        2.07677        2        -0.253618        -0.427667        0.419859
Te        16.07624        5.21104        5.61461        2        0.591144        0.287616        0.171844
Te        19.99445        7.11505        5.51956        2        0.153847        -0.084959        0.088328
Te        16.08015        5.53709        2.37465        2        0.659193        -1.081026        -0.500835
Te        19.87644        3.41743        2.12207        2        0.069637        0.623052        0.347790
Te        16.63593        8.83605        5.83000        2        -0.924466        0.322174        0.301621
Te        20.11725        0.06548        5.62315        2        -0.178274        -0.341587        -0.416199
Te        16.28718        8.79715        2.22890        2        0.001901        0.032830        0.319817
Te        19.95046        7.14156        2.27732        2        -0.486751        -0.262542        -0.581339
