54
Lattice="19.904050889 0.000008540 -0.000615361 -0.000005198 11.491115093 0.000045896 0.042448411 0.000094922 30.000000000" Properties=species:S:1:pos:R:3:tags:I:1:forces:R:3 energy=-313.24655104 stress= -18.00814 -17.70327 1.46041 0.22958 0.08113 -0.07826 pbc="T T T"
Mo        2.66851        0.06493        4.10064        1        -0.634411        -0.280810        -0.333557
Mo        5.89328        1.94268        4.05027        1        0.768805        0.747897        -0.222473
Mo        2.46742        3.99217        3.58791        1        0.215810        -1.099579        1.200361
Mo        6.08212        5.77003        3.94139        1        -0.909555        0.215966        -0.790385
Mo        2.39791        7.55489        3.96522        1        0.740838        0.657411        0.259984
Mo        5.91826        9.48006        3.83551        1        0.362530        0.958358        0.504148
Mo        9.14367        0.03145        4.28809        1        0.179951        -1.030665        -1.541761
Mo        12.45146        1.80496        4.09753        1        -0.644178        0.345578        -0.302026
Mo        9.15110        3.72546        3.84194        1        0.374691        0.793327        0.085886
Mo        12.44384        5.80449        3.87285        1        0.398370        -0.402406        0.127205
Mo        9.31934        7.58625        3.86764        1        0.701632        -0.284734        -0.284967
Mo        12.52041        9.44562        4.11489        1        -0.621022        -0.058420        -0.206890
Mo        15.55760        11.47886        3.95826        1        0.563263        -0.306374        -0.335641
Mo        19.03195        1.80554        3.85432        1        -1.271276        0.762726        -0.699905
Mo        15.57601        3.93454        4.02825        1        0.682230        -0.872079        -1.253123
Mo        18.87524        5.68705        3.62691        1        0.707677        0.299439        0.535711
Mo        15.85361        7.76238        3.98659        1        -0.370543        0.834746        -0.436150
Mo        19.22442        9.79502        3.83591        1        -0.840710        -0.870046        -0.147662
Te        1.30430        1.94965        5.41998        2        0.615461        0.884500        1.001788
Te        4.75248        3.92549        5.58335        2        -0.409467        0.257045        -0.188569
Te        1.37712        1.75698        2.20614        2        0.292414        0.436901        -0.428188
Te        4.66786        0.22278        2.33926        2        0.919233        -0.958570        -0.963451
Te        1.05426        5.53606        5.41825        2        0.863389        0.491559        0.192943
Te        4.73128        7.62267        5.58265        2        0.056863        -0.104520        -0.049163
Te        1.27487        5.92246        2.07266        2        0.054057        -0.361885        -0.705397
Te        5.01045        3.88515        2.24567        2        -0.741229        -0.018039        -0.333696
Te        1.43322        9.68915        5.68784        2        0.028136        -0.573584        0.239341
Te        4.97588        0.03598        5.60896        2        -0.465913        -0.931403        1.184143
Te        1.67885        9.67417        2.37128        2        -0.457852        -0.078348        -0.757957
Te        4.86377        7.64836        2.18135        2        -0.488314        -0.335217        0.113836
Te        8.20438        2.06320        5.76356        2        -1.000945        -0.171751        0.525146
Te        11.24350        3.76407        5.71418        2        0.514387        0.361785        -0.551090
Te        7.97684        1.76730        2.31992        2        0.580787        -0.104516        -0.094570
Te        11.30572        11.28793        2.51927        2        -0.041418        0.761469        -0.350951
Te        8.17613        5.70762        5.55601        2        0.474604        -0.041493        0.418014
Te        11.47815        7.51698        5.71656        2        -0.694651        0.040718        0.104525
Te        8.28161        5.68345        2.00393        2        -0.359285        0.124882        0.976790
Te        11.42953        3.66425        2.30023        2        -0.063057        0.254992        -0.165491
Te        8.17608        9.30310        5.70234        2        -0.602070        0.534904        -0.083412
Te        11.38916        11.44013        5.83597        2        0.121342        -0.304530        0.514860
Te        8.30479        9.63269        2.31218        2        -0.747626        -0.015657        0.167182
Te        11.56237        7.71693        2.07857        2        -0.732873        -0.236605        0.876299
Te        14.59136        1.86693        5.72638        2        0.338441        0.546790        0.436504
Te        17.97089        3.83109        5.52200        2        -0.486382        -0.125665        -0.008525
Te        14.44324        1.90148        2.28831        2        0.528434        0.196735        -0.125527
Te        17.76306        0.06624        2.10998        2        0.246521        -0.372589        0.294376
Te        14.70504        5.96106        5.57332        2        -0.563824        -0.694078        0.812971
Te        18.13042        7.69263        5.45626        2        0.231918        0.240933        0.309244
Te        14.66180        6.04415        2.17364        2        0.086951        -1.167860        0.426774
Te        17.71841        3.70027        2.09920        2        -0.084143        0.034190        0.450562
Te        14.61644        9.61781        5.85385        2        0.657814        -0.225060        -0.435509
Te        17.83974        0.01679        5.56009        2        0.335017        -0.078798        0.259117
Te        14.51173        9.43082        2.30014        2        0.717796        0.992330        -0.251086
Te        18.00007        7.81025        2.11199        2        -0.112065        0.336346        -0.010470
