54
Lattice="18.429676749 0.000008540 -0.000615361 -0.000005198 12.342308804 0.000045896 0.042448411 0.000094922 30.000000000" Properties=species:S:1:pos:R:3:tags:I:1:forces:R:3 energy=-310.80874530 stress= -12.08136 -23.16101 -2.61222 -0.48860 -0.79265 -0.31590 pbc="T T T"
Mo        2.35622        12.20740        3.91416        1        -0.187935        0.242672        0.942130
Mo        5.22796        1.98839        3.84359        1        0.805313        -0.196193        1.444936
Mo        2.43508        4.02139        3.89850        1        -0.752288        0.555420        0.419356
Mo        5.24407        6.09352        3.94381        1        0.039347        0.836499        -0.914902
Mo        2.61932        8.39201        3.94476        1        -2.018191        -0.379833        -1.843537
Mo        5.37397        10.28328        3.83835        1        0.790095        0.308063        0.806613
Mo        8.27715        12.33834        4.15369        1        1.480760        -0.164225        -0.839835
Mo        11.59369        2.29678        4.17113        1        -0.339199        -0.043018        -0.576175
Mo        8.35211        4.09232        3.90972        1        0.377564        -0.297231        -0.139187
Mo        11.37419        6.14461        3.83569        1        0.125453        0.070805        -0.625956
Mo        8.23592        8.29939        3.76671        1        0.310374        -1.335308        0.305707
Mo        11.22247        10.28837        4.00769        1        1.012912        -0.023904        -0.504033
Mo        14.59130        12.30620        4.12904        1        -0.804116        -0.383925        0.115297
Mo        17.59358        1.94993        3.98732        1        0.167365        0.321033        0.565456
Mo        14.75022        4.28693        3.82665        1        -0.997051        -0.270857        0.381951
Mo        17.76716        6.25777        3.74170        1        0.467966        -0.249909        -1.114115
Mo        14.50591        8.25109        3.93583        1        -0.096201        -0.331516        -1.011494
Mo        17.80945        10.39300        4.01782        1        -0.363420        -2.318462        -0.283264
Te        1.32878        1.87546        5.65763        2        0.243852        0.461194        -0.311282
Te        4.52998        4.03238        5.65796        2        -0.816842        -0.048520        -0.083996
Te        1.37163        1.93879        2.30329        2        -0.250857        0.082470        0.018170
Te        4.39264        12.28977        2.15792        2        0.035758        0.024470        -0.225381
Te        1.41112        6.44779        5.48905        2        0.539985        -0.987731        -0.045255
Te        4.47155        8.40553        5.72605        2        0.944171        -0.574499        0.008892
Te        1.60104        6.17586        2.02681        2        -0.233156        0.173464        1.235810
Te        4.48795        4.07315        2.19504        2        -0.353319        -0.162692        -0.413254
Te        1.42514        10.07839        5.77932        2        0.266322        0.966478        -0.421522
Te        4.41823        12.22883        5.64189        2        -0.064407        0.224240        -0.170343
Te        1.43458        10.37897        2.18535        2        -0.196370        -0.630552        0.074136
Te        4.61061        8.37876        2.08151        2        -0.579189        -0.706643        0.344231
Te        7.35528        1.87006        5.75729        2        -0.415780        1.151277        -0.181281
Te        10.52818        4.41176        5.74541        2        -0.540163        -0.914427        -0.487433
Te        7.40117        1.93241        2.32245        2        0.251630        0.045567        -0.422133
Te        10.54901        0.24672        2.58704        2        -0.385527        -0.319201        -0.492951
Te        7.34383        6.15727        5.47758        2        0.529965        0.131375        0.847435
Te        10.24747        8.10276        5.52780        2        0.643096        0.213278        0.305230
Te        7.36838        6.13997        2.10608        2        -0.136909        -0.261321        0.670241
Te        10.33429        3.93729        1.98196        2        0.498663        0.534975        1.771487
Te        7.47994        10.22107        5.63235        2        -0.392452        -0.074255        0.063934
Te        10.70250        0.20895        5.87968        2        -0.901044        -0.249074        -0.524437
Te        7.48729        10.24025        2.12330        2        -0.055971        1.301121        -0.043694
Te        10.40863        8.19405        2.12081        2        0.146519        0.312420        0.301338
Te        13.97206        2.22990        5.58757        2        -0.339152        0.260663        0.472044
Te        16.89055        4.49085        5.61174        2        -0.397426        -1.040732        -0.272795
Te        13.52983        2.07331        2.26987        2        0.714782        0.195520        0.481069
Te        16.58852        12.18622        2.49364        2        0.666495        0.855251        -1.633642
Te        13.57340        6.22793        5.59321        2        -0.060514        -0.090924        -0.437768
Te        16.74762        8.09130        5.45574        2        -0.146052        0.892544        0.599967
Te        13.48890        6.18968        2.04965        2        0.424441        0.120816        0.901111
Te        16.77268        4.01719        2.17388        2        0.637779        0.234315        -0.218131
Te        13.36013        10.24102        5.64433        2        0.594157        -0.264405        0.371283
Te        16.79530        12.03247        5.91690        2        -0.546821        1.089917        -0.501368
Te        13.49769        10.24817        2.27080        2        -0.398543        0.438180        0.486053
Te        16.68487        8.28776        2.07511        2        -0.024614        0.260230        0.813456
