54
Lattice="20.272644424 0.000008540 -0.000615361 -0.000005198 10.639921383 0.000045896 0.042448411 0.000094922 30.000000000" Properties=species:S:1:pos:R:3:tags:I:1:forces:R:3 energy=-315.39699243 stress= -17.36543 -4.75806 -0.03437 1.15844 0.94051 0.28047 pbc="T T T"
Mo        2.45114        10.55454        4.07042        1        1.394354        0.485860        0.805285
Mo        6.06697        1.84786        3.94886        1        -1.508074        -0.772935        -0.047663
Mo        2.48942        3.51111        3.98594        1        0.489886        0.679808        -0.506811
Mo        6.07398        5.37209        4.04176        1        -0.301847        -0.238454        -0.351267
Mo        2.76100        7.03858        4.16651        1        -0.919616        -0.027401        -0.533789
Mo        6.09557        8.87312        4.25665        1        0.030534        0.131097        -0.531388
Mo        9.35568        10.48517        3.78416        1        0.507296        0.978574        1.883394
Mo        12.68530        1.92304        3.69511        1        0.194996        -1.687209        1.118742
Mo        9.55803        3.52086        4.01372        1        -0.729944        0.470865        -1.052334
Mo        12.79345        5.30843        3.75342        1        -0.977261        -0.157346        1.914600
Mo        9.59797        7.09119        3.95176        1        -1.698231        -0.172663        -0.063860
Mo        12.86523        8.81395        3.93389        1        -1.492939        1.104620        -0.276150
Mo        15.92673        0.09603        3.99087        1        -0.571761        -1.220750        -1.844579
Mo        19.21835        1.88532        3.58157        1        0.542906        -1.232195        1.419948
Mo        16.07482        3.41326        3.89682        1        -0.110481        1.000516        -0.822646
Mo        19.45159        5.35207        3.92207        1        -1.123784        0.709987        -1.177627
Mo        16.16058        7.13143        3.80479        1        0.286887        0.799658        0.350824
Mo        19.56637        8.71497        3.95463        1        -0.640216        1.465718        -0.457432
Te        1.14951        1.83122        5.51319        2        -0.581768        -0.592152        0.821896
Te        4.89007        3.49824        5.69291        2        -0.649397        0.636156        0.178816
Te        1.35160        1.56477        2.28533        2        0.086752        1.079576        -1.087982
Te        4.85987        10.56359        2.38882        2        -0.160704        0.298786        0.369403
Te        1.11704        5.31768        5.70712        2        1.832247        -0.490218        0.485593
Te        5.05573        7.02547        6.01090        2        -0.456814        0.152801        -0.587563
Te        1.45100        5.39078        2.22755        2        0.427056        -0.320759        0.683432
Te        4.78225        3.60573        2.23787        2        0.181678        0.102935        0.256804
Te        1.44084        8.74519        5.80125        2        -0.209308        0.345286        0.509607
Te        4.77293        0.12029        5.89553        2        0.226954        -0.218621        -0.926095
Te        1.51671        8.82511        2.36324        2        0.297442        -0.941836        -0.706701
Te        4.88458        7.25069        2.45493        2        0.272239        -0.578647        -0.282349
Te        8.22214        1.81185        5.51957        2        0.565829        -1.053589        1.500505
Te        11.64582        3.44408        5.68406        2        0.533788        0.904081        -0.182080
Te        8.24188        1.69394        2.32476        2        -0.124848        1.014324        -1.680108
Te        11.40226        10.62659        1.94591        2        1.095887        -0.008581        1.097328
Te        8.25759        5.32710        5.69582        2        0.784135        -0.097280        0.157835
Te        11.65454        7.01161        5.63489        2        0.904984        0.033496        0.505693
Te        8.35061        5.29193        2.28211        2        -0.287345        0.015754        -0.045750
Te        11.57477        3.63428        2.06450        2        -0.499040        0.156314        -0.835900
Te        8.45451        8.83151        5.74003        2        -0.229951        0.061502        0.281993
Te        11.48819        0.11087        5.59873        2        0.693431        -0.572179        -1.034975
Te        8.19571        8.75205        2.21952        2        -0.543279        -0.498532        -0.206280
Te        11.64213        7.16524        2.21175        2        0.171568        -0.167515        -1.229276
Te        14.72239        1.75558        5.71464        2        0.295844        0.373159        -0.576827
Te        18.28530        3.49344        5.57752        2        -0.252399        0.000416        -0.031452
Te        14.85161        1.88985        1.98030        2        0.276856        -0.618438        0.708235
Te        18.09891        10.44186        2.02610        2        0.346548        0.881699        1.100607
Te        14.95961        5.22800        5.48793        2        0.100309        0.583627        0.562741
Te        18.26496        7.15953        5.66515        2        -0.131374        -0.733400        0.126047
Te        14.93554        5.43418        2.16338        2        0.578817        -0.955411        -0.812412
Te        18.20078        3.84615        2.01714        2        -0.098549        -1.028240        0.037611
Te        14.89685        8.79286        5.67860        2        0.675969        0.157728        -0.022222
Te        18.18485        0.00445        5.52596        2        0.529896        0.371395        -0.423420
Te        14.85791        8.93340        2.08019        2        0.584866        0.114092        0.612880
Te        18.53601        7.21040        1.97498        2        -0.584794        -0.711385        0.879416
