54
Lattice="19.173937585 0.000456147 -0.025753600 -0.000245476 11.340344112 0.000007040 0.013560576 0.000001770 30.000000000" Properties=species:S:1:pos:R:3:tags:I:1:forces:R:3 energy=-312.83644001 stress= -4.60520 -9.57659 0.18026 -1.27827 0.74747 1.73794 pbc="T T T"
Mo        2.39723        0.25463        3.67817        1        -0.624699        1.013083        0.482609
Mo        4.59949        2.12684        3.93342        1        -0.869542        -0.310376        0.117478
Mo        2.17778        3.72337        3.79030        1        1.626904        -0.149433        0.545157
Mo        4.78701        5.32255        4.07958        1        -1.889929        0.590183        -0.590937
Mo        2.26604        7.20824        3.67179        1        0.275380        0.193365        0.495675
Mo        4.31940        9.40982        4.31463        1        0.032588        1.067053        -0.994777
Mo        8.54704        11.10723        4.03958        1        -0.737500        0.152607        -0.390722
Mo        10.69258        1.63317        4.02799        1        0.311689        -0.358714        0.986331
Mo        8.73839        3.83271        3.78245        1        -0.278611        -0.522484        -1.116477
Mo        10.62019        5.93590        4.13516        1        0.763183        -0.623698        -1.125463
Mo        8.42431        7.68788        3.96495        1        0.235064        0.289909        0.402045
Mo        10.87639        9.31099        4.14507        1        -1.949179        0.565109        -1.229417
Mo        15.22859        0.00187        3.75067        1        -2.118115        -0.347242        -1.298550
Mo        17.39328        2.14107        3.99933        1        -1.076221        -0.472095        -0.514080
Mo        15.10798        4.16173        3.90404        1        -1.816055        -0.042636        0.108747
Mo        17.11882        5.55352        4.11641        1        2.396683        -0.164064        1.124418
Mo        15.06097        7.58246        3.55965        1        -0.653746        -0.743609        1.644477
Mo        17.20760        9.48166        3.82621        1        0.943681        -0.299350        0.359295
Te        0.76188        1.89414        5.30944        2        -0.216618        -0.219554        0.249319
Te        3.69123        3.73812        5.95688        2        0.883670        -0.013438        0.308066
Te        5.99307        11.31546        2.74206        2        -0.298209        -0.357921        0.005911
Te        2.89501        1.84122        1.64213        2        0.456504        1.024248        0.856305
Te        0.76823        5.75534        5.48428        2        -0.207015        -0.685076        -0.263395
Te        3.69321        7.43316        5.86854        2        0.604687        -1.052630        0.674566
Te        6.30930        3.83277        2.27950        2        -0.936500        -0.234282        0.507140
Te        3.05819        5.38348        1.94452        2        0.445976        0.498146        -1.091662
Te        0.83375        9.48987        4.43349        2        -0.359446        -0.107087        1.304779
Te        3.65997        0.08708        6.09304        2        0.634447        0.182003        -1.055687
Te        5.78911        7.62802        2.55247        2        0.590896        -0.107929        0.776445
Te        2.90417        9.56991        2.02063        2        0.209033        -0.997715        -0.241974
Te        6.95423        1.95739        5.25422        2        0.861904        -0.109286        0.451888
Te        10.34594        3.94114        5.89190        2        -0.147029        -1.305132        0.470566
Te        12.14939        11.31599        2.37928        2        0.306130        -0.288893        0.757818
Te        8.77757        1.63266        2.02172        2        0.869395        0.283108        0.386452
Te        7.11490        5.55776        5.35850        2        0.086062        0.028756        0.387682
Te        10.16465        7.54183        6.09698        2        -0.451830        1.019527        0.764889
Te        11.83105        3.66107        2.58485        2        -0.070796        0.798546        0.059249
Te        8.90101        5.92175        1.99763        2        0.450985        -0.499788        -0.232077
Te        6.88240        9.32420        5.60951        2        -0.038724        0.283399        -0.086305
Te        10.16525        0.01554        6.15979        2        0.498972        -0.490236        -0.596976
Te        12.29976        7.30253        2.64259        2        0.148513        1.158211        -1.226459
Te        8.88000        9.39591        1.95560        2        0.804737        0.282345        0.825351
Te        13.51826        2.13460        5.11270        2        -0.110714        -0.929986        0.188427
Te        16.96105        3.62513        6.12106        2        -0.721821        0.758825        -0.175035
Te        18.94318        0.37589        2.41781        2        -0.590675        -0.776717        -0.016891
Te        15.14103        2.18391        2.05531        2        1.418102        -0.486068        0.120245
Te        13.15304        5.80033        5.34123        2        1.219485        -0.232621        -0.239469
Te        16.55286        7.58519        5.84367        2        0.044533        0.454177        -0.496476
Te        19.00817        3.78576        2.63981        2        -1.506251        0.440940        -1.042712
Te        15.87853        5.79082        1.77484        2        -0.761759        -0.692841        -0.448627
Te        13.38240        9.31466        4.94825        2        1.320460        0.957805        0.629265
Te        16.85397        0.04793        5.78097        2        0.395273        -0.233790        0.080382
Te        18.85968        7.22791        2.80138        2        -0.601939        0.528257        -1.618478
Te        15.56802        9.32665        1.67206        2        0.216968        1.291472        0.019734
