54
Lattice="20.707852593 0.000456147 -0.025753600 -0.000245476 10.309403738 0.000007040 0.013560576 0.000001770 30.000000000" Properties=species:S:1:pos:R:3:tags:I:1:forces:R:3 energy=-315.21949485 stress= -16.49459 -4.97559 0.17867 -0.05186 1.66747 -0.89856 pbc="T T T"
Mo        2.27348        0.22983        3.92716        1        -0.204987        -1.150332        1.169120
Mo        4.77188        1.61646        4.03338        1        0.108028        1.059326        -1.470649
Mo        2.13225        3.47658        3.70800        1        0.888315        0.140930        1.402325
Mo        4.76900        5.12327        4.01362        1        -0.458779        -0.850499        -1.301264
Mo        2.38001        7.03261        3.97043        1        -1.096995        -1.249542        -1.045186
Mo        4.94854        8.74002        4.07594        1        0.410905        -1.799471        -1.220713
Mo        9.36207        10.28549        3.74784        1        0.337108        -0.149994        0.195648
Mo        11.79604        1.59285        3.98103        1        0.912467        1.079046        -0.022008
Mo        9.42750        3.20221        3.80725        1        -0.509837        0.301633        -0.298180
Mo        11.85342        5.30587        3.97049        1        -1.826324        -0.257099        -0.897905
Mo        9.13542        6.81916        3.88942        1        0.709976        -0.322889        0.134542
Mo        11.82127        8.67906        4.05960        1        0.227738        -0.276136        0.278571
Mo        15.96550        0.07535        3.93120        1        1.422308        -0.059388        0.523446
Mo        18.63339        1.64807        3.85738        1        0.108194        0.536697        1.513357
Mo        15.97526        3.58422        4.03819        1        0.258469        -0.540664        -2.058849
Mo        18.64667        5.08444        4.10152        1        0.033945        -0.527473        -1.616724
Mo        16.13950        6.77403        3.72654        1        -0.900038        0.815584        0.496677
Mo        18.68377        8.55671        3.95773        1        -0.708960        -0.213552        -0.003817
Te        0.39589        1.69514        5.30511        2        0.467806        0.377879        0.114333
Te        3.86147        3.30533        5.95173        2        0.140294        0.621108        -1.005718
Te        6.60078        0.01848        2.46792        2        0.020546        0.064231        -0.065140
Te        2.91877        1.73827        1.88705        2        0.702807        0.071846        -0.343018
Te        0.53693        5.10832        5.25679        2        0.057105        0.041377        0.525455
Te        4.12258        6.80717        5.93086        2        0.473220        0.631621        0.698895
Te        6.39351        3.52152        2.42856        2        -0.051299        -0.423486        0.259519
Te        2.85622        5.19235        1.75314        2        0.626059        0.645381        1.608071
Te        0.48880        8.45256        5.51322        2        0.513046        0.650092        -0.270251
Te        4.15981        10.21572        5.93229        2        -0.943202        1.079257        1.888935
Te        6.85988        6.94916        2.42497        2        -1.321447        -0.093135        0.175954
Te        3.09634        8.74257        2.16038        2        0.137084        -0.113819        -1.576135
Te        7.68863        1.69848        5.20386        2        -0.448653        -0.162324        0.477470
Te        11.15314        3.43515        5.86869        2        -0.193618        0.356655        -0.188370
Te        13.61338        10.25251        2.50442        2        -0.660419        -0.042454        0.012974
Te        10.37138        1.67033        1.74953        2        -1.003013        -0.637165        0.456148
Te        7.36576        5.09960        5.24889        2        0.522015        -0.071248        0.107201
Te        10.90703        6.94499        5.92527        2        0.184943        -0.188627        0.271677
Te        13.49016        3.36243        2.39629        2        0.100980        0.102120        0.554182
Te        10.01278        4.94460        1.90091        2        0.045160        0.997606        0.420590
Te        7.51429        8.66008        5.37252        2        0.489136        -0.028921        -0.092424
Te        11.08249        0.19860        6.07293        2        -0.519398        -1.440822        -0.733213
Te        13.49921        6.68017        2.30467        2        0.027967        1.038435        0.488244
Te        10.22953        8.34827        1.97355        2        -0.526397        0.872619        -0.506197
Te        14.32184        1.91508        5.47151        2        0.030690        -1.006067        -0.084278
Te        17.72679        3.31853        5.99786        2        0.845585        0.105839        -0.264408
Te        20.28173        0.00620        2.48064        2        0.502030        0.004205        -0.454141
Te        16.80632        1.87313        2.01644        2        -0.868469        -0.412720        -0.404003
Te        14.18888        5.21996        5.24775        2        1.215185        0.827680        0.963656
Te        17.74211        6.79777        5.81360        2        0.111107        0.883499        1.363115
Te        20.31915        3.44185        2.39952        2        -0.405305        0.305825        0.004114
Te        17.00776        5.10328        1.91938        2        -0.009618        -0.130352        0.212626
Te        14.33989        8.68212        5.52773        2        0.372843        -0.387284        -0.686849
Te        18.10656        0.00447        5.88983        2        -0.843911        -0.240907        0.209499
Te        20.38672        7.05461        2.49324        2        0.176700        -0.883144        -0.016946
Te        16.75348        8.66494        1.93860        2        0.315785        0.059352        0.102894
