54
Lattice="19.174335959 0.000456436 -0.025753600 -0.000245188 11.539990792 0.000007040 0.013560858 0.000001769 30.000000000" Properties=species:S:1:pos:R:3:tags:I:1:forces:R:3 energy=-316.52115454 stress= -4.99343 -15.46829 -3.00350 -1.80776 0.64507 0.46013 pbc="T T T"
Mo        2.15425        0.52543        3.90326        1        0.133631        -0.915048        -0.544727
Mo        4.50590        2.04686        3.97789        1        -0.405823        -0.565779        0.287773
Mo        2.19765        3.80701        3.73250        1        -0.078376        -0.399791        0.341026
Mo        4.45973        5.43541        3.95834        1        -0.423700        -0.556142        -0.029926
Mo        2.12913        7.47310        3.61723        1        0.678392        0.633451        0.930045
Mo        4.23667        9.85470        4.11137        1        0.474527        0.286360        -0.126334
Mo        8.46402        11.50338        3.80360        1        0.627613        0.149427        0.064298
Mo        10.81678        1.94280        4.05644        1        -0.093607        -0.019968        -0.155461
Mo        8.53406        3.69504        3.92354        1        0.239993        0.205194        -1.351448
Mo        10.87245        5.42157        4.13099        1        -0.631028        -0.126796        -1.361842
Mo        8.58393        7.23501        3.79824        1        -0.083335        0.020357        0.132761
Mo        10.96379        9.85455        3.95165        1        -0.900445        0.155007        -0.089161
Mo        15.06646        0.36493        3.74929        1        0.323503        0.320136        0.223188
Mo        17.30655        2.09518        4.14522        1        -0.876657        -0.112056        -0.033302
Mo        14.96233        3.79500        3.78695        1        0.049681        0.509671        -0.897576
Mo        17.25696        5.51798        4.00720        1        -0.129393        0.516200        0.071386
Mo        14.94463        7.52370        3.81966        1        0.038149        -0.534425        0.355859
Mo        17.28970        10.04044        4.15254        1        -0.211582        -0.051340        -0.756363
Te        0.66493        2.16760        5.64108        2        0.088538        -0.078826        -0.800250
Te        3.72007        3.75111        5.96742        2        0.383475        0.229162        -0.249402
Te        5.89334        0.01159        2.40031        2        -0.097949        -0.141326        0.823696
Te        2.98270        1.95757        1.71238        2        -0.566794        0.425438        1.064728
Te        0.66395        5.79312        5.24905        2        0.164787        -0.607180        0.101887
Te        3.90504        7.53136        5.59688        2        -0.305848        0.457481        0.592376
Te        6.08571        3.80631        2.40200        2        0.031560        -0.209428        0.099126
Te        2.79821        5.66175        1.83061        2        0.176290        -0.154800        -0.768957
Te        0.81700        9.82573        5.24141        2        0.032522        0.079191        -0.360319
Te        3.72397        0.18702        6.06734        2        0.482704        -0.087695        -0.778056
Te        5.84012        7.53888        2.83705        2        0.204154        0.550440        -0.240342
Te        2.58565        9.78419        2.04626        2        -0.136794        0.261958        0.425225
Te        6.97697        1.82090        5.33185        2        -0.277942        -0.081470        0.244311
Te        10.13978        3.78544        6.08230        2        0.277347        -0.528004        0.067233
Te        12.41153        0.16276        2.38075        2        -0.060267        0.021329        0.342660
Te        9.02859        1.78955        1.99311        2        0.351888        0.413520        -0.416924
Te        6.86536        5.46901        5.29702        2        0.956934        0.405794        0.047332
Te        10.37616        7.68134        5.69056        2        0.037100        -0.181614        0.046768
Te        12.44289        3.79675        2.39366        2        -0.464422        -0.030637        0.449438
Te        9.21519        5.51329        1.81360        2        0.161798        -0.212744        1.330904
Te        6.92397        9.52831        4.99391        2        0.183551        -0.229863        -0.134230
Te        10.19385        0.06456        5.96376        2        -0.004168        -0.352839        -0.714872
Te        12.34369        7.46083        2.80674        2        -0.397666        0.524598        0.136084
Te        9.16974        9.33267        1.97566        2        -0.094941        0.501102        0.734879
Te        13.39158        2.02034        5.15522        2        -0.197233        -0.432233        0.955766
Te        16.46408        3.98577        5.98265        2        0.415795        -0.465576        0.597063
Te        18.85937        0.30934        2.63327        2        -0.373218        -0.345518        -0.051795
Te        15.70655        2.11076        1.78079        2        0.156457        -0.369254        0.667960
Te        13.38651        5.54086        5.34192        2        0.282443        0.575205        0.141302
Te        16.79988        7.73594        5.70824        2        -0.138250        -0.025401        0.284120
Te        18.79886        3.77246        2.57602        2        0.344851        0.412361        -0.765838
Te        15.53576        5.76386        1.89895        2        0.212347        -0.263182        0.035268
Te        13.54155        9.84277        4.82020        2        0.341510        -0.549993        0.284343
Te        16.84756        0.29086        6.15912        2        -0.696257        -0.314871        -1.096215
Te        18.73118        7.65765        2.95887        2        -0.884139        0.710490        -0.407786
Te        15.43778        9.62741        2.12870        2        0.676023        0.598296        0.229391
