54
Lattice="19.173937585 0.000456147 -0.025753600 -0.000245476 10.721779888 0.000007040 0.013560576 0.000001770 30.000000000" Properties=species:S:1:pos:R:3:tags:I:1:forces:R:3 energy=-319.44475566 stress= -5.42767 -6.87205 -3.20025 -2.45118 -0.53407 0.36632 pbc="T T T"
Mo        2.21841        10.64351        3.72510        1        -0.350978        -0.179902        -0.291351
Mo        4.43229        1.77013        3.92825        1        -0.211852        -0.308712        -1.145389
Mo        2.19898        3.51958        3.83590        1        -0.714593        0.521540        -0.705751
Mo        4.49214        5.32466        3.96838        1        0.434485        -0.673754        -0.567111
Mo        2.27184        7.09289        3.73407        1        -1.084720        0.033955        0.162137
Mo        4.54930        8.76530        3.75854        1        0.037772        0.896353        -0.177136
Mo        8.61085        0.26269        3.59625        1        -0.224135        -1.412146        -0.523241
Mo        10.83635        1.94402        3.95920        1        -0.095816        -0.642519        1.524584
Mo        8.54598        3.48510        3.70756        1        -0.109347        -0.273151        1.267925
Mo        10.75918        5.24076        4.07062        1        0.628630        1.282564        -0.149995
Mo        8.51638        7.15295        3.75280        1        0.573508        -0.915848        0.538930
Mo        10.72466        8.95490        3.98020        1        0.924925        0.678321        0.549897
Mo        14.78752        0.15698        3.93377        1        1.712570        -0.566388        0.254787
Mo        17.22073        1.81972        4.25274        1        0.555819        0.134365        -0.295441
Mo        15.01385        3.57001        4.00174        1        -1.123716        -0.251556        -0.009134
Mo        17.10269        5.28148        4.28787        1        1.169400        0.206534        0.172832
Mo        14.94100        7.28062        3.96065        1        -0.904743        0.347982        -0.066682
Mo        17.22876        9.00846        4.06611        1        -0.010870        -0.052775        0.919978
Te        0.81356        1.85165        5.53959        2        -0.719800        -0.635271        -0.479396
Te        3.87750        3.50733        5.87506        2        0.366406        0.107827        0.729506
Te        6.17743        10.62191        2.12469        2        -0.459834        0.299915        0.604961
Te        2.56515        1.79257        1.81909        2        0.615574        -0.167762        0.011876
Te        0.58254        5.31586        5.46462        2        0.285765        0.283727        -0.386698
Te        4.02758        7.13357        5.81028        2        -0.317778        0.084465        0.565658
Te        6.04532        3.33610        2.36466        2        0.029874        0.769125        -0.169228
Te        2.89072        5.30560        1.78926        2        -0.416531        -0.225506        0.487871
Te        0.67283        9.03513        5.39893        2        -0.149376        -0.687076        -0.315370
Te        3.95691        10.55566        5.72963        2        -0.017965        0.087487        0.400780
Te        6.04276        6.91919        2.27599        2        0.449817        0.381051        0.115850
Te        2.74893        8.80823        1.66208        2        -0.018442        0.369601        0.845793
Te        6.89440        1.69031        5.14450        2        0.475603        0.564598        0.594199
Te        10.22883        3.60059        6.08367        2        -0.540420        -0.316204        -0.826560
Te        12.46794        0.14859        2.43139        2        -0.485040        -0.257217        0.332599
Te        9.48648        1.91285        1.65623        2        -0.792955        -0.370760        0.029848
Te        7.06705        5.34598        5.31170        2        -0.425016        -0.170650        -0.106980
Te        10.35016        7.21893        5.97601        2        -0.851269        -0.443956        -0.481033
Te        12.24946        3.61840        2.41334        2        1.436732        0.483293        -0.000607
Te        9.14861        5.23678        1.88806        2        0.271494        0.960656        -0.695282
Te        7.05643        9.11008        5.12065        2        -0.257984        -0.818542        -0.119002
Te        9.95745        0.04332        5.94071        2        0.569756        0.332986        -0.825918
Te        12.39020        7.22308        2.56143        2        0.220661        -0.224455        0.126932
Te        9.27035        8.83185        1.80050        2        -0.402636        0.739843        -0.460323
Te        13.26725        1.88236        5.56083        2        0.131427        0.006897        -0.528028
Te        16.54918        3.49079        6.34073        2        0.077763        0.291353        -1.093096
Te        18.80716        10.64126        2.54793        2        -0.169462        0.578049        -0.024861
Te        15.64783        1.88034        2.02528        2        -0.070703        -0.115483        0.114548
Te        13.35798        5.42438        5.37038        2        -0.398910        -0.173526        0.291975
Te        16.50366        7.24248        6.12565        2        0.416607        -0.074462        -0.284607
Te        18.75362        3.53300        2.56938        2        -0.021315        0.147079        0.584178
Te        15.52643        5.47352        2.12468        2        0.149871        -0.540482        -0.568436
Te        13.19140        9.14704        5.41189        2        0.153230        -0.525272        -0.003295
Te        16.67253        0.02428        6.15340        2        -0.458013        -0.389407        -0.741576
Te        18.74892        7.01875        2.56922        2        0.003126        0.264445        0.423824
Te        15.48558        8.97751        1.95635        2        0.126632        0.543224        0.406380
