54
Lattice="18.429676749 0.000008540 -0.000615361 -0.000005198 11.065518238 0.000045896 0.042448411 0.000094922 30.000000000" Properties=species:S:1:pos:R:3:tags:I:1:forces:R:3 energy=-321.92996583 stress= -2.09752 -9.20094 -0.48645 0.38082 -0.98544 0.12164 pbc="T T T"
Mo        2.42551        11.04723        3.92901        1        -0.548275        0.085676        0.207612
Mo        5.38384        1.82952        3.92303        1        0.210303        0.229941        0.565322
Mo        2.30807        3.66778        3.98356        1        -0.042748        -0.267523        -0.255561
Mo        5.37355        5.57216        3.88822        1        -0.611119        0.167747        -0.091010
Mo        2.20893        7.29478        3.97509        1        0.514810        0.667418        -0.258026
Mo        5.46881        9.22833        3.90649        1        -0.629530        -0.545287        -0.498196
Mo        8.41583        11.00042        3.84192        1        0.574352        0.373653        0.234412
Mo        11.52140        1.87763        4.00599        1        -0.346768        0.367049        -0.984668
Mo        8.41882        3.75493        3.90259        1        0.055595        0.039773        -0.029980
Mo        11.60941        5.64648        3.88208        1        -0.560365        0.182750        1.018391
Mo        8.43943        7.47256        3.83780        1        -0.112393        0.053927        0.002224
Mo        11.57486        9.32932        3.78673        1        -0.312320        -0.296475        0.273513
Mo        14.65278        11.02159        3.92236        1        -0.348305        0.500903        -0.414282
Mo        17.80332        1.75924        3.97268        1        -0.646078        -0.082948        0.266717
Mo        14.54112        3.73931        3.96895        1        1.138912        -0.207500        -0.021938
Mo        17.61172        5.43708        3.99089        1        0.022251        -0.097220        0.443649
Mo        14.63667        7.37955        3.94553        1        0.078678        -0.211429        -0.401876
Mo        17.70690        9.04445        4.10440        1        0.045488        0.619327        -1.166619
Te        1.35527        1.78684        5.80398        2        0.432423        -0.023483        -0.380030
Te        4.39689        3.73514        5.69983        2        0.237853        -0.167531        0.045145
Te        1.38878        1.82159        2.15434        2        0.046899        -0.069548        0.120469
Te        4.49965        0.02089        2.13558        2        -0.495548        -0.318636        -0.160770
Te        1.23273        5.43611        5.77083        2        0.288428        0.190365        0.060384
Te        4.30807        7.38158        5.72322        2        0.392087        -0.094714        -0.506434
Te        1.15291        5.46383        2.22901        2        0.923671        -0.031654        -0.422689
Te        4.39577        3.65262        2.15860        2        -0.373106        0.389219        0.032051
Te        1.41543        9.22977        5.78313        2        -0.248120        -0.230184        -0.130398
Te        4.46931        10.99725        5.69811        2        -0.038392        0.334274        0.223056
Te        1.25748        9.24800        2.19744        2        0.223897        -0.531552        0.353573
Te        4.26227        7.40867        2.10241        2        0.155905        -0.147134        0.656123
Te        7.48605        1.75098        5.67088        2        -0.050878        0.587232        -0.131827
Te        10.50526        3.86648        5.62719        2        0.164096        -0.473366        0.562969
Te        7.41304        1.92399        2.13951        2        0.294265        -0.354941        -0.087933
Te        10.51092        0.14196        2.06684        2        0.063590        -0.110928        0.347219
Te        7.45020        5.67074        5.57141        2        -0.047364        -0.430008        0.941974
Te        10.50614        7.54402        5.58289        2        0.391788        -0.253675        0.171568
Te        7.40546        5.61995        2.11640        2        0.064997        -0.297226        -0.347330
Te        10.50590        3.87567        2.16627        2        0.104744        -0.987548        -0.017468
Te        7.44697        9.18883        5.71387        2        0.259774        0.247379        -0.094987
Te        10.51669        11.03578        5.67613        2        -0.108337        0.177810        -0.226808
Te        7.46844        9.22661        2.00141        2        -0.267890        0.074803        0.142435
Te        10.49295        7.37816        2.10654        2        0.518166        0.585896        -0.438074
Te        13.67977        1.82180        5.67285        2        -0.568628        0.028661        0.544175
Te        16.70687        3.58011        5.79624        2        -0.481307        -0.039702        -0.529910
Te        13.56569        1.89450        2.19213        2        0.139560        -0.237967        0.080733
Te        16.75410        10.93393        2.27521        2        0.222448        -0.028726        -0.318725
Te        13.64698        5.64917        5.79113        2        -0.444621        -0.410824        -0.419621
Te        16.70314        7.23786        5.84946        2        -0.475369        0.192632        -0.267098
Te        13.55724        5.51660        2.12607        2        0.897035        0.373115        -0.164693
Te        16.74040        3.55480        2.19711        2        -0.741977        0.161399        0.264950
Te        13.59851        9.24715        5.63252        2        -0.194690        -0.117563        0.324697
Te        16.68061        10.98643        5.72918        2        0.188388        0.041333        0.303224
Te        13.65625        9.25340        2.05199        2        0.184588        -0.209032        0.260838
Te        16.70064        7.22900        2.17153        2        -0.138842        0.600882        0.318977
