54
Lattice="18.429676749 0.000008540 -0.000615361 -0.000005198 11.703913521 0.000045896 0.042448411 0.000094922 30.000000000" Properties=species:S:1:pos:R:3:tags:I:1:forces:R:3 energy=-316.89792606 stress= -7.81954 -17.70668 -3.25275 1.27166 0.10384 -0.43530 pbc="T T T"
Mo        2.41460        11.66742        3.83476        1        -1.015556        0.216415        -0.002964
Mo        5.38971        1.95474        3.76962        1        0.461442        -1.243619        -1.097318
Mo        2.20762        3.84093        3.99067        1        -0.448159        0.159254        -0.049738
Mo        5.39464        5.66998        3.80988        1        -0.335347        0.476998        -0.147722
Mo        2.33278        7.74399        3.95429        1        -0.501127        -0.021523        -0.185748
Mo        5.36891        9.69099        3.69145        1        0.005471        0.252374        0.608525
Mo        8.51741        11.70210        3.86997        1        0.063326        0.500047        -0.273465
Mo        11.59156        2.09721        4.13212        1        1.748898        -1.212374        -0.270168
Mo        8.59627        3.85686        3.92179        1        0.279022        -0.190464        0.459139
Mo        11.55664        5.89232        4.14036        1        -0.629694        -0.323640        -1.211959
Mo        8.41452        7.79147        3.99079        1        -0.899212        -0.473139        -0.584925
Mo        11.45463        9.70479        3.82249        1        -0.023722        0.295171        0.448828
Mo        14.50165        11.64276        3.84731        1        0.334976        0.264118        0.289529
Mo        17.55153        1.88926        4.08799        1        -0.471612        0.586344        -0.382503
Mo        14.54840        4.02219        4.03279        1        0.483390        0.712002        0.550914
Mo        17.59803        5.87242        4.16550        1        0.377421        0.507074        -1.755613
Mo        14.56746        8.04861        3.89705        1        0.307023        -1.532548        0.405328
Mo        17.72008        9.74798        3.87226        1        0.229941        -0.308236        -0.190080
Te        1.27489        1.81423        5.74209        2        0.378436        0.068733        -0.457356
Te        4.49538        3.70791        5.50764        2        -0.856432        0.646070        0.937276
Te        1.04074        1.99306        2.18734        2        0.955588        -0.302135        0.635085
Te        4.31187        0.00627        1.86881        2        0.491314        0.050358        1.020449
Te        1.32939        5.88972        5.83430        2        0.250638        -0.355970        -0.489360
Te        4.39737        7.72785        5.59176        2        0.872878        -0.062805        -0.267348
Te        1.14580        5.87833        2.27594        2        0.462856        -0.334801        0.391183
Te        4.12099        3.80836        2.08282        2        0.764100        0.152566        0.084745
Te        1.34479        9.80558        5.67420        2        0.405303        -0.147609        -0.514910
Te        4.56354        11.58503        5.50508        2        -0.509185        0.479483        -0.257730
Te        1.49211        9.61452        2.13355        2        -0.629536        0.563729        0.357419
Te        4.38341        7.65167        2.07626        2        0.046194        -0.187911        0.268930
Te        7.44678        1.82678        5.60872        2        0.281296        0.497801        -0.376142
Te        10.57584        3.91942        5.89756        2        -0.263658        0.146815        -0.458350
Te        7.63739        2.12031        2.01864        2        -0.397175        -0.818105        0.840881
Te        10.77791        0.13251        2.30558        2        -0.848888        0.364628        -0.433827
Te        7.37337        5.65698        5.65497        2        0.515766        0.533686        -0.134656
Te        10.51873        7.84407        5.65897        2        -0.478677        0.276162        0.856149
Te        7.63601        5.73107        2.18473        2        -0.550097        0.244001        0.083397
Te        10.87183        3.84225        2.29792        2        -1.041906        0.922778        -0.083569
Te        7.45290        9.75963        5.57498        2        -0.273842        0.180557        -0.099291
Te        10.65110        11.67199        5.70163        2        -0.745106        0.148100        -0.296521
Te        7.47458        9.88828        2.04590        2        0.466737        -0.657326        0.321396
Te        10.37774        7.72357        2.26053        2        0.900359        -0.293250        -0.516191
Te        13.80120        2.00376        5.77872        2        -0.698782        -0.336302        -0.510125
Te        16.57277        4.07081        5.85416        2        0.144782        -0.889213        0.013595
Te        13.89580        2.05759        2.22293        2        -1.412348        0.033270        0.464175
Te        16.69807        11.69569        2.20107        2        -0.128679        -0.100613        0.079465
Te        13.50609        6.15042        5.92366        2        0.958955        -0.316210        -0.863559
Te        16.72886        7.86024        5.67552        2        -0.642349        0.887599        0.343038
Te        13.57720        6.04509        2.29606        2        0.054289        -0.409030        0.228063
Te        16.65614        4.02941        2.33313        2        -0.067874        -0.323822        0.342411
Te        13.44103        9.79968        5.54985        2        0.473691        0.246588        1.207400
Te        16.54250        11.51365        5.65277        2        0.298633        0.247774        0.084887
Te        13.44044        9.70625        2.04532        2        0.610563        0.432427        -0.224064
Te        16.64859        7.88484        2.11015        2        0.209171        -0.262870        0.775513
