54
Lattice="19.174335959 0.000456436 -0.025753600 -0.000245188 11.539990792 0.000007040 0.013560858 0.000001769 30.000000000" Properties=species:S:1:pos:R:3:tags:I:1:forces:R:3 energy=-316.99195623 stress= -6.40918 -14.69647 -1.61411 -0.80971 -0.98966 0.93696 pbc="T T T"
Mo        2.14296        0.32849        3.73688        1        0.773207        -0.456703        -0.103026
Mo        4.44220        1.90247        4.06269        1        0.167199        0.399856        0.063473
Mo        2.24140        3.73782        3.83293        1        -0.488231        0.450861        -0.968472
Mo        4.40419        5.47792        4.07980        1        0.722881        0.751639        0.144807
Mo        2.21927        7.48399        3.95586        1        -0.049859        -0.590879        -0.127482
Mo        4.54816        9.80638        4.05937        1        0.011257        0.093351        -0.302124
Mo        8.53659        0.21721        3.94892        1        0.172737        0.976995        0.467239
Mo        10.85451        1.90059        4.14017        1        -0.728947        0.375887        -0.625673
Mo        8.52132        3.72494        3.94121        1        0.074972        0.129172        0.128533
Mo        10.80423        5.47072        4.07735        1        -0.191267        -0.172779        -0.169062
Mo        8.71626        7.45267        3.75451        1        -0.328274        0.342826        0.078813
Mo        10.72207        9.85821        4.21971        1        0.336884        0.013888        -0.310400
Mo        14.97293        0.29965        3.67982        1        -0.053872        0.445674        -0.235940
Mo        17.31415        2.07118        3.97927        1        -0.531605        -0.164132        -0.769647
Mo        14.99011        3.82454        3.72094        1        -0.416474        -0.366037        -0.081596
Mo        17.19173        5.48184        3.98338        1        0.477187        0.252762        -0.654176
Mo        14.90488        7.45522        3.68673        1        -0.097230        -0.240768        -0.129882
Mo        17.28545        9.83997        3.82901        1        -0.043142        0.836537        0.304344
Te        0.63953        2.05691        5.31620        2        -0.144018        -0.683736        0.343634
Te        3.86267        3.80193        6.05295        2        -0.078937        -0.435828        -0.146693
Te        6.16136        0.15609        2.43542        2        -1.048621        -0.427854        0.753707
Te        2.96547        1.99535        1.79100        2        -0.291257        0.116883        0.334122
Te        0.56933        5.49960        5.32268        2        0.194567        0.564081        -0.022200
Te        4.06865        7.75243        5.94247        2        -0.406572        -0.396789        -0.917951
Te        6.03074        3.87890        2.54587        2        -0.199648        -0.483408        0.169246
Te        2.64839        5.75990        1.98412        2        0.446929        -0.365552        -0.074021
Te        0.82791        9.67186        4.93502        2        -0.451723        0.501183        0.255525
Te        3.75038        11.52848        5.94471        2        0.072347        0.332404        -0.091930
Te        5.94161        7.57569        2.83743        2        -0.017220        0.299812        0.351631
Te        2.81810        9.44320        2.04868        2        -0.030063        0.673468        0.509272
Te        6.87972        1.94208        5.51509        2        0.415699        -0.094797        -0.229738
Te        10.29313        3.79058        6.03750        2        -0.313952        -0.243469        0.487620
Te        12.22481        0.10380        2.58508        2        0.322803        -0.021688        -0.160360
Te        9.03617        1.94696        1.96745        2        0.577674        -0.008760        0.267417
Te        7.05563        5.80349        5.28763        2        -0.008912        -0.612485        -0.050120
Te        10.31760        7.62153        5.91303        2        0.000822        0.010918        -0.371412
Te        12.32894        3.77324        2.55273        2        0.393326        0.057807        -0.263349
Te        9.08134        5.48867        1.89695        2        0.323134        0.304318        0.330347
Te        7.27344        9.59254        5.21162        2        -0.499531        0.040807        -0.265001
Te        10.17331        0.15057        6.11530        2        0.015285        -0.106377        0.305166
Te        11.86803        7.68207        2.76980        2        0.674742        0.005188        -0.204165
Te        9.03100        9.79109        2.17058        2        0.118003        -0.679592        -0.315768
Te        13.41591        1.90480        5.34330        2        0.387153        0.173275        -0.031033
Te        16.61663        3.85398        5.92021        2        -0.306851        -0.623019        0.432603
Te        18.86387        0.16390        2.35706        2        -0.135467        -0.183118        0.207509
Te        15.69241        1.97468        1.74090        2        -0.131243        0.395090        0.395803
Te        13.40391        5.67896        5.28583        2        0.142112        0.119591        -0.240491
Te        16.66830        7.78858        5.65186        2        -0.082152        -0.500191        -0.173874
Te        18.81735        3.81001        2.26815        2        0.089718        0.140130        0.805500
Te        15.58400        5.69050        1.75640        2        -0.089300        -0.006340        0.352093
Te        13.56224        9.71397        4.67133        2        -0.488119        -0.451560        0.571710
Te        16.65823        0.08404        5.73875        2        0.053335        0.057925        0.534206
Te        18.63072        7.60604        2.97116        2        0.703136        -0.098265        -0.573317
Te        15.45746        9.73741        1.92730        2        -0.032304        -0.404251        0.022183
