54
Lattice="20.641237959 0.000008540 -0.000615361 -0.000005198 10.639921383 0.000045896 0.042448411 0.000094922 30.000000000" Properties=species:S:1:pos:R:3:tags:I:1:forces:R:3 energy=-315.44289420 stress= -20.60438 -5.62600 1.60497 -0.08184 -0.46501 0.59870 pbc="T T T"
Mo        2.63361        0.03847        3.98012        1        0.025182        0.734723        -0.011065
Mo        6.07895        1.88189        3.98027        1        0.002041        -0.079384        -0.606483
Mo        2.62084        3.64107        3.85736        1        -0.339586        0.169795        0.034335
Mo        5.92117        5.27442        3.82249        1        0.766337        1.218216        -0.048772
Mo        2.58600        7.27132        3.94839        1        -0.307030        -0.263500        -0.285996
Mo        6.02062        8.89900        3.90493        1        0.920520        -0.124078        0.793574
Mo        9.52535        10.41125        3.98678        1        -0.676810        0.455264        -0.163777
Mo        13.13966        1.85464        3.74443        1        -0.611182        -0.233258        0.353006
Mo        9.61858        3.22079        4.24306        1        -0.003305        1.267280        -0.598274
Mo        13.04550        5.32812        3.99630        1        -0.790038        0.087410        -0.297144
Mo        9.51857        6.94653        4.01598        1        -0.225250        -0.038631        0.217433
Mo        13.01389        8.69297        3.75654        1        -0.315217        1.676479        -0.280222
Mo        16.19925        0.00984        3.70202        1        0.127749        0.406254        0.312796
Mo        19.72289        1.77237        4.02750        1        0.620256        -0.180696        0.298642
Mo        16.56133        3.50362        3.84386        1        -0.615422        0.473827        -0.588845
Mo        19.97069        5.23246        4.04214        1        -0.594850        0.719981        -0.319180
Mo        16.63470        7.25557        3.87252        1        -1.062986        -0.881157        -0.138946
Mo        19.76304        8.94435        4.04793        1        1.502482        -0.679168        -1.507244
Te        1.44307        1.81619        5.66126        2        -0.124464        0.406769        0.056038
Te        4.80653        3.66163        5.50370        2        -0.483795        -0.479748        1.765698
Te        1.30862        1.80227        2.28347        2        0.347283        0.059335        -0.132804
Te        4.90666        0.15919        2.30054        2        -0.197082        -0.553284        -0.592252
Te        1.51067        5.45180        5.64658        2        0.276176        -0.503381        0.553298
Te        4.79729        7.11911        5.66428        2        0.351565        0.160011        -0.337913
Te        1.44355        5.50675        2.18273        2        0.174011        -0.435774        0.094473
Te        4.79771        3.59500        2.07138        2        0.099180        -0.354134        -0.079289
Te        1.41590        8.97492        5.71352        2        -0.101196        0.072387        0.311019
Te        4.92361        0.10908        5.68006        2        -0.184549        -0.423338        0.129904
Te        1.39463        9.09408        2.20448        2        -0.198200        -0.677821        0.077704
Te        4.75494        7.19682        2.24412        2        0.207854        -0.034479        -0.625026
Te        8.21706        1.51960        5.80733        2        0.509839        -0.111917        -0.015335
Te        12.16405        3.47628        5.76578        2        -0.784606        -0.136217        -0.218596
Te        8.37025        1.70932        2.36249        2        0.213921        -0.668653        -0.138727
Te        11.76020        0.00373        2.18991        2        0.017845        -0.253316        -0.291793
Te        8.10299        5.18164        5.68535        2        0.615139        -0.230940        -0.206430
Te        11.85600        7.22184        5.64197        2        -0.300405        -1.155470        0.501027
Te        8.40287        4.96784        2.34674        2        -0.101434        0.520198        0.501970
Te        11.69353        3.58192        2.23289        2        0.322380        -0.059231        0.440775
Te        8.44456        8.70571        5.84959        2        -0.472862        -0.066842        -0.841911
Te        11.86766        10.57869        5.43815        2        0.381949        0.346489        0.284829
Te        8.36434        8.63844        2.15882        2        -0.243498        0.315291        0.722303
Te        11.65144        7.00763        2.24193        2        0.129453        -0.663976        -0.724072
Te        15.25770        1.82755        5.47774        2        0.046724        -0.380394        0.583232
Te        18.57141        3.52846        5.72136        2        0.383868        0.066822        0.380196
Te        15.22896        1.88721        1.89387        2        0.311472        -0.088755        0.554959
Te        18.54952        0.04472        2.28544        2        0.157284        -0.384507        -0.762344
Te        15.39371        5.36554        5.64471        2        0.276538        0.182717        -0.645060
Te        18.78989        7.19287        5.77317        2        -0.432572        -0.900438        -0.049668
Te        15.19151        5.37135        2.26204        2        0.861259        0.133056        0.029028
Te        18.87520        3.48231        2.20128        2        -0.599250        0.502815        -0.293702
Te        15.07217        8.90443        5.44297        2        0.915005        -0.095507        0.928748
Te        18.37800        10.56742        5.56385        2        -0.570436        0.818128        0.855919
Te        15.16698        8.82503        1.97950        2        0.440332        -0.276018        -0.017453
Te        18.94155        6.99933        2.25390        2        -0.625681        0.619142        0.055088
