54
Lattice="20.324373841 0.000456147 -0.025753600 -0.000245476 10.927967962 0.000007040 0.013560576 0.000001770 30.000000000" Properties=species:S:1:pos:R:3:tags:I:1:forces:R:3 energy=-315.58971606 stress= -13.14270 -7.52174 0.71765 -1.45181 -0.01042 1.10527 pbc="T T T"
Mo        2.39969        0.34987        3.49454        1        -0.606014        -0.408292        -0.068842
Mo        4.73695        1.81313        3.73997        1        0.705522        -0.464686        0.534025
Mo        2.29848        3.69526        3.71763        1        -1.057621        -0.551236        -1.031207
Mo        4.82089        5.21615        3.92625        1        -0.547277        -0.263374        -0.278335
Mo        2.31355        7.03104        3.71266        1        -0.224934        -0.772233        0.170422
Mo        4.83503        9.11873        3.89452        1        -0.341174        -0.020293        -0.245983
Mo        9.03552        0.12315        4.08340        1        0.156977        0.198092        -0.592886
Mo        11.57175        1.69304        4.06220        1        -0.652367        -0.211725        0.731037
Mo        9.07038        3.48367        3.90308        1        -0.238063        -0.672945        0.252596
Mo        11.41552        5.69037        4.06231        1        0.826272        -0.248988        0.186020
Mo        9.00158        7.04802        4.05757        1        0.213048        -0.231910        0.028347
Mo        11.44615        9.23899        4.27095        1        -0.156335        -0.452426        -0.077868
Mo        15.91336        0.31071        3.86171        1        -0.167062        -0.113579        0.390188
Mo        18.22478        1.58528        4.04210        1        0.229558        -0.426932        -0.217245
Mo        15.80872        3.82728        3.79291        1        -0.128095        -1.234733        0.590634
Mo        18.21220        5.51677        4.19254        1        -0.429320        1.307642        -1.614126
Mo        15.80241        7.31248        3.90136        1        0.405905        0.026651        0.140548
Mo        18.47034        9.31211        4.06794        1        -1.436888        -0.297279        -0.556706
Te        0.79045        1.80559        5.14336        2        -0.310582        -0.060537        0.127280
Te        3.90545        3.40927        5.67801        2        0.781778        0.402130        1.765638
Te        6.55845        0.02472        2.40168        2        -0.300608        -0.147748        0.389865
Te        3.21066        1.96768        1.56401        2        -0.661161        0.276776        0.155638
Te        0.64065        5.51298        5.32927        2        0.408534        -0.521563        0.143819
Te        4.03975        7.10771        5.67239        2        0.263915        0.494504        0.802909
Te        6.46988        3.56829        2.37162        2        0.268185        -0.073083        0.052923
Te        3.09601        5.30477        1.80455        2        0.340309        0.846744        -0.469784
Te        0.74227        9.27394        4.75653        2        1.053744        -0.294633        0.022069
Te        3.93717        0.01965        5.65994        2        0.220393        -0.168013        0.213908
Te        6.40153        6.96308        2.50922        2        0.496923        0.779383        0.045976
Te        3.04774        8.95503        1.95524        2        -0.171291        0.745294        -0.490492
Te        7.15536        1.79473        5.32122        2        0.573031        0.123385        -0.066554
Te        10.83555        3.58749        5.88206        2        0.225035        0.551190        0.033598
Te        13.22253        10.91894        2.65561        2        -0.106342        0.072656        -0.015960
Te        9.84124        1.63255        1.97873        2        -0.303041        0.305743        0.498517
Te        7.44540        5.32152        5.45769        2        -0.570966        -0.379416        -0.080795
Te        10.86439        7.30156        6.15790        2        -0.184550        0.248939        -0.543537
Te        12.99537        3.68908        2.60537        2        0.072602        0.146463        0.188185
Te        9.59503        5.27924        2.12369        2        0.364039        0.772230        -1.281881
Te        7.31957        9.02277        5.03634        2        0.063780        0.257198        0.683637
Te        10.81228        0.07843        6.21359        2        0.108800        0.134215        -0.740150
Te        13.17227        7.53288        2.65898        2        -0.406969        -0.435587        0.358633
Te        9.50677        9.08604        2.31733        2        0.909548        -0.262296        -0.454297
Te        14.19614        1.93171        5.35738        2        0.032838        -0.063640        -0.236486
Te        17.54077        3.59756        5.82972        2        -0.085782        -0.547465        0.979934
Te        19.76797        0.14764        2.27778        2        0.399202        -0.253540        0.424786
Te        16.62703        2.06200        1.86580        2        -0.344192        -0.385816        0.271263
Te        14.13657        5.48590        5.09699        2        -0.441366        0.658738        0.517303
Te        17.53019        7.48162        6.00699        2        0.080528        -0.462557        -0.285687
Te        19.61549        3.55570        2.78197        2        0.834494        0.739651        -0.294552
Te        16.48830        5.52846        1.94171        2        0.735309        0.862271        -0.174815
Te        14.47489        9.34479        5.36996        2        -0.571276        -0.466873        -0.065062
Te        17.53746        10.85749        6.11143        2        -0.007364        0.372941        -0.721972
Te        19.95216        7.04872        2.79155        2        -0.449159        0.934870        -0.534034
Te        16.62460        9.28190        2.05300        2        0.104269        -0.373096        0.409487
