54
Lattice="19.173937585 0.000456147 -0.025753600 -0.000245476 10.721779888 0.000007040 0.013560576 0.000001770 30.000000000" Properties=species:S:1:pos:R:3:tags:I:1:forces:R:3 energy=-318.05194838 stress= -3.63901 -5.79476 -1.50159 1.73958 0.26912 -0.25888 pbc="T T T"
Mo        2.18074        10.42591        3.83269        1        -1.741985        2.318979        -0.103180
Mo        4.44312        1.62350        3.93875        1        -1.004475        1.138337        -1.187474
Mo        2.28293        3.78486        3.85483        1        -1.031084        0.170053        0.096258
Mo        4.47784        5.50749        3.79487        1        0.838012        0.274799        -0.296398
Mo        2.23862        7.15709        3.98645        1        -0.806085        -0.297408        0.011152
Mo        4.47120        9.00920        3.95708        1        0.063120        -1.551723        -0.463121
Mo        8.44885        10.66043        3.40465        1        0.654920        -0.723615        1.278275
Mo        10.65090        1.78023        3.84855        1        0.901415        -0.921816        -0.199318
Mo        8.59645        3.75701        3.23433        1        0.013291        -0.199194        0.848530
Mo        10.83722        5.56099        3.81206        1        0.154039        -0.362547        0.014037
Mo        8.60001        7.14526        3.49652        1        -0.074879        0.859732        0.168739
Mo        10.98294        8.94531        3.99591        1        -1.444218        -0.578325        -0.266554
Mo        14.97696        10.59777        4.12464        1        -0.084802        0.327160        0.399982
Mo        17.24371        1.98751        4.25519        1        -0.228313        -2.138861        1.191616
Mo        14.84044        3.56442        4.18287        1        0.656399        -0.505483        -0.371976
Mo        17.23457        5.16269        4.37454        1        0.050935        1.696035        0.451842
Mo        15.03252        7.04597        4.14564        1        -0.897682        0.267245        -1.478260
Mo        17.35932        8.88652        4.33156        1        -0.743968        -0.105670        0.153622
Te        0.63634        1.73583        5.41680        2        0.394293        0.142266        -0.206660
Te        4.09083        3.65247        5.72853        2        0.150101        -0.255643        0.810896
Te        5.82366        10.71046        2.27171        2        0.649377        -0.037479        -0.733605
Te        2.59961        2.02448        1.92115        2        0.375430        -1.597600        0.259352
Te        0.84226        5.29188        5.71591        2        -0.456956        0.198917        -0.499686
Te        4.22002        7.14137        5.96707        2        -0.589232        0.124743        -0.619295
Te        6.02176        3.59008        2.10461        2        -0.665469        0.345761        0.229087
Te        2.60711        5.51040        1.84563        2        0.229711        -0.172017        0.034185
Te        0.66454        8.97401        5.67961        2        0.250206        -0.398732        -0.369948
Te        3.71768        10.70144        5.85912        2        1.157413        0.228624        1.929498
Te        6.01151        7.43781        2.09028        2        0.015720        -0.842104        0.595350
Te        2.51304        8.82870        1.91643        2        0.910936        -0.449392        -1.116605
Te        6.99363        1.91742        4.79887        2        0.381215        -0.380957        0.624770
Te        9.99612        3.63396        5.57321        2        -0.138550        0.290018        0.320460
Te        12.59703        10.69165        2.69234        2        -0.170485        0.354815        -0.537502
Te        9.06897        1.68240        1.53352        2        0.832151        0.682923        -0.431241
Te        7.01684        5.34842        4.90766        2        0.182013        0.267090        0.133167
Te        10.06954        7.14497        5.88660        2        0.017930        0.011102        -0.981036
Te        12.50006        3.55131        2.54527        2        -0.191091        -0.052163        0.107684
Te        9.43379        5.57538        1.40655        2        -0.230279        -0.377008        0.494312
Te        7.03615        8.87940        5.16473        2        0.098037        0.420779        -0.447851
Te        9.85595        10.66310        5.73937        2        0.332910        0.587729        -0.202777
Te        12.58045        7.17639        2.36461        2        0.267974        -0.031836        0.704982
Te        9.63634        8.94068        1.65983        2        -0.600759        0.084644        0.117459
Te        13.29874        1.71865        5.70211        2        -0.421296        0.125151        -0.777481
Te        16.62102        3.51277        6.37985        2        -0.293923        -0.114264        -0.435979
Te        18.90960        10.61423        2.37646        2        -0.731136        0.103164        1.181193
Te        15.46986        1.68840        2.24237        2        0.353946        0.671822        -0.193976
Te        13.18051        5.38998        5.45506        2        -0.173956        0.084496        0.313220
Te        16.53090        6.99197        6.29000        2        0.818461        0.470808        0.062546
Te        18.74626        3.59772        2.80109        2        0.730757        0.211855        -1.112558
Te        15.57315        5.27216        2.20855        2        0.176631        -0.056043        0.050142
Te        13.25638        8.88155        5.52987        2        0.481476        -0.079375        0.285916
Te        16.51551        10.70832        6.28825        2        0.745800        0.097285        -0.780660
Te        18.84473        7.10914        2.61774        2        -0.330590        -0.107150        1.001985
Te        15.66268        8.86229        2.21839        2        0.189664        -0.238549        -0.051888
