54
Lattice="20.324373841 0.000456147 -0.025753600 -0.000245476 10.927967962 0.000007040 0.013560576 0.000001770 30.000000000" Properties=species:S:1:pos:R:3:tags:I:1:forces:R:3 energy=-312.68066310 stress= -10.51722 -6.82849 1.08710 2.61151 -0.10620 -0.32444 pbc="T T T"
Mo        2.44222        0.31665        4.21090        1        -1.047075        0.619726        -0.373923
Mo        4.86586        1.83938        4.33150        1        -0.535705        -0.060215        0.302684
Mo        2.28041        3.68885        4.07671        1        -1.785529        -0.933282        0.075668
Mo        4.39883        5.02741        3.99099        1        2.593414        0.920814        1.405966
Mo        1.91557        6.94196        4.08422        1        0.593072        -0.668526        1.058318
Mo        4.80918        9.36390        3.97620        1        -0.014521        0.047144        -0.154240
Mo        9.06618        0.40747        3.51641        1        -0.579788        -1.030337        0.096619
Mo        11.74588        2.03406        3.63604        1        -0.183429        0.148488        1.502243
Mo        8.97888        3.68856        3.29414        1        1.160846        -0.272454        0.957293
Mo        11.43280        5.40680        3.74740        1        0.608616        -0.225825        -0.667901
Mo        9.06673        7.02651        3.60295        1        0.315442        -1.972823        1.134974
Mo        11.55589        8.94994        3.80742        1        -0.355305        -2.059833        -0.876584
Mo        15.99678        0.22766        3.91080        1        -1.013933        -0.121324        0.651351
Mo        18.18212        1.86304        4.36485        1        1.050251        0.604628        -0.972916
Mo        15.82917        3.49653        3.87414        1        0.035221        1.728443        1.141442
Mo        18.27213        5.19932        4.13160        1        -0.347004        -0.128858        0.554690
Mo        15.88377        7.26609        3.82873        1        0.718759        -0.838263        0.458386
Mo        18.34901        9.60249        4.21711        1        0.571897        -1.934914        -1.618182
Te        0.51834        1.90505        5.75898        2        0.627433        -0.161667        -0.136914
Te        3.86250        3.52215        6.22374        2        0.728895        0.044915        0.027567
Te        6.45305        0.08145        2.56692        2        -0.419021        -0.160695        0.278802
Te        3.22458        1.99917        2.22449        2        -0.561285        -0.802241        -0.352367
Te        0.59732        5.21836        5.76086        2        -0.612466        0.471396        -0.488112
Te        3.98712        7.25889        5.76695        2        0.507908        -0.536006        -0.238148
Te        6.18422        3.41745        2.46740        2        0.149636        0.399382        -0.213267
Te        2.66426        5.52248        2.17373        2        -0.366070        -0.681014        -3.184835
Te        0.92773        9.06480        5.14795        2        -1.559021        1.632078        0.901220
Te        4.11965        10.72868        6.20038        2        0.582036        0.655875        -0.099889
Te        5.67286        7.12915        2.34820        2        0.496393        0.083747        0.874229
Te        2.60804        9.15605        2.46531        2        0.623193        0.131999        -0.843605
Te        7.69715        1.95952        5.27082        2        -0.453086        -0.447960        -0.236878
Te        10.54022        3.55211        5.49267        2        0.571317        0.194555        0.243129
Te        13.64369        0.42841        2.35419        2        -0.591362        -0.973412        -0.152269
Te        10.13001        1.86680        1.69085        2        -0.889840        0.004249        -3.012500
Te        7.41569        5.29047        4.75456        2        -1.107797        0.780655        0.462458
Te        10.84993        6.96140        5.83695        2        -0.397051        1.328459        -1.378256
Te        13.25701        3.74134        2.09757        2        0.387802        0.174537        0.582037
Te        9.85792        5.42471        1.39086        2        -0.000038        0.262273        1.103727
Te        7.57734        9.07562        5.04933        2        0.172625        0.065062        -0.546443
Te        10.84880        10.90902        5.26126        2        0.673630        0.912785        2.800180
Te        13.22258        7.11523        2.37107        2        0.250549        0.287694        0.322991
Te        9.59302        8.90708        1.98735        2        0.383820        1.805952        -1.241781
Te        13.99426        1.90770        5.39705        2        0.745175        0.025593        -0.397244
Te        17.42600        3.61598        6.23259        2        -0.295125        0.508312        -0.849991
Te        20.15921        0.34316        2.96170        2        -0.508820        -0.370891        0.094055
Te        16.74492        1.92607        2.04032        2        0.387739        -0.436592        -0.868882
Te        14.24985        5.44493        5.37228        2        -0.342304        -0.140774        -0.830826
Te        17.85480        7.32898        5.92424        2        -0.639313        0.157014        -1.157211
Te        19.86727        3.62573        2.60761        2        0.193524        -0.101073        0.281088
Te        16.62569        5.38006        1.95348        2        -0.096546        0.144513        0.762547
Te        14.12860        9.03608        4.81033        2        0.051437        0.846837        0.263939
Te        17.46788        0.05882        6.16234        2        -0.543000        0.277597        1.496489
Te        19.65330        7.35473        2.66713        2        0.109093        -0.256120        1.058340
Te        16.70253        9.23846        2.08369        2        -0.030846        0.051607        0.009262
