54
Lattice="19.904050889 0.000008540 -0.000615361 -0.000005198 10.639921383 0.000045896 0.042448411 0.000094922 30.000000000" Properties=species:S:1:pos:R:3:tags:I:1:forces:R:3 energy=-317.90135768 stress= -14.28860 -1.96882 3.41861 -0.08025 -0.06310 0.41546 pbc="T T T"
Mo        2.28168        10.62642        3.82269        1        1.546579        0.040334        0.867723
Mo        5.65015        1.57323        3.88434        1        1.122719        0.129985        0.333121
Mo        2.36997        3.51012        3.83297        1        0.452701        -0.134619        0.720932
Mo        5.84773        5.26573        3.86545        1        -0.770594        0.632162        -0.299460
Mo        2.57737        6.88915        3.80473        1        -0.409345        0.789666        -0.522670
Mo        5.68224        8.77343        3.90914        1        -0.407301        0.765361        -0.641264
Mo        9.12021        0.01885        3.86388        1        0.718319        0.566532        0.249293
Mo        12.67813        1.85330        4.07490        1        -0.712246        -0.695837        -0.827893
Mo        9.07551        3.67838        4.03962        1        0.198971        -1.043384        -2.040356
Mo        12.60752        5.24494        3.90959        1        -0.325586        0.517670        -0.023651
Mo        9.12455        7.06586        4.01100        1        -1.140351        0.292673        -0.999543
Mo        12.52200        8.83746        3.99674        1        -0.120891        -0.396698        -0.111883
Mo        15.90393        0.16651        3.90257        1        0.007662        -1.116205        1.245069
Mo        19.12009        1.83340        3.88864        1        1.005471        0.152968        -0.723495
Mo        16.12113        3.58436        3.97042        1        -0.670895        1.379528        -1.395488
Mo        19.32203        5.43373        3.94986        1        0.012187        -0.182484        -0.320857
Mo        15.96104        7.15347        4.10050        1        -0.345803        -0.253180        -0.035269
Mo        19.01294        8.85987        4.08791        1        1.555355        0.255432        -0.990292
Te        1.26493        1.77825        5.60768        2        0.533509        -0.164143        0.469914
Te        4.68394        3.45161        5.57935        2        -0.655026        -0.034662        0.331303
Te        1.33284        1.73393        1.97106        2        -0.390193        0.147608        0.570514
Te        4.47352        10.56609        2.07083        2        0.159058        -0.386871        0.496757
Te        1.44914        5.37693        5.67890        2        0.593801        -0.991584        0.403959
Te        4.67900        7.01785        5.60100        2        -0.190871        -0.474490        0.513575
Te        1.52125        5.18630        1.93606        2        -0.691965        0.725315        0.484136
Te        4.64387        3.48503        2.30920        2        -0.195738        -0.516927        -1.581463
Te        1.42744        8.63647        5.58010        2        -0.062155        0.968040        0.146399
Te        4.49918        10.51109        5.76921        2        -0.044774        0.141843        -1.105548
Te        1.17390        8.87411        2.17156        2        0.130791        -0.978316        0.004946
Te        4.61984        6.92795        2.01212        2        0.733677        0.532083        0.286856
Te        7.96628        1.78007        5.58586        2        -0.357423        -0.274985        0.384087
Te        11.31740        3.62897        5.65965        2        0.252657        -0.476149        0.830102
Te        7.96699        1.79981        2.09223        2        -0.009231        0.196749        0.877342
Te        11.46596        10.63670        2.24691        2        -0.005282        0.228318        0.325199
Te        7.76376        5.28175        5.67444        2        1.106945        0.737630        1.335932
Te        11.21488        6.95865        5.62751        2        1.233394        0.422142        0.698902
Te        7.99745        5.41996        2.16974        2        0.320244        -0.403685        -0.170321
Te        11.34837        3.48324        2.26892        2        0.133913        0.009167        -0.032788
Te        7.93173        8.95028        5.62834        2        -0.069656        -0.338763        0.198484
Te        11.43302        10.61069        5.74634        2        -0.278631        0.338778        -0.292686
Te        7.86578        8.93941        2.24404        2        0.477762        -0.707017        -0.364727
Te        11.39393        6.97580        2.24899        2        -0.203081        0.650497        -0.228869
Te        14.94166        1.99848        5.67197        2        -0.529169        -1.213169        1.110481
Te        18.24677        3.67275        5.69759        2        -0.346001        -0.295762        0.269642
Te        14.83626        1.87989        2.22344        2        -0.365757        0.439462        -0.480246
Te        18.02375        10.62423        2.23790        2        -0.190181        0.155556        -0.702921
Te        14.76153        5.24996        5.65196        2        0.202541        0.574445        0.575008
Te        18.22612        7.12028        5.90285        2        -1.012881        -0.424370        0.057179
Te        14.86920        5.47732        2.21137        2        0.078393        -0.648693        0.440357
Te        18.23123        3.71253        2.15345        2        -0.558890        -0.305708        -0.231560
Te        14.72875        8.94119        5.69317        2        0.060831        0.483507        0.346492
Te        18.13165        0.10839        5.66277        2        -1.231235        0.291645        1.167903
Te        14.75807        8.90799        2.30018        2        -0.087789        -0.003965        -0.117281
Te        18.01459        7.14898        2.38410        2        -0.242176        -0.103152        -1.528065
