54
Lattice="22.299908866 0.000008540 -0.000615361 -0.000005198 10.639921383 0.000045896 0.042448411 0.000094922 30.000000000" Properties=species:S:1:pos:R:3:tags:I:1:forces:R:3 energy=-306.83811780 stress= -30.54440 -9.64842 -1.23620 -0.48404 -0.29799 -0.09649 pbc="T T T"
Mo        2.90051        10.59908        3.87618        1        0.188310        -0.106879        0.517905
Mo        6.66221        1.73335        4.13729        1        0.634594        -0.241102        -0.675148
Mo        3.09966        3.62319        3.86980        1        -0.487586        -0.046659        0.076522
Mo        6.66448        5.38365        4.00715        1        0.805112        -0.153396        -1.702198
Mo        2.73934        7.16513        3.82255        1        -0.055590        -0.465797        -0.520955
Mo        6.57173        8.87726        4.03015        1        -0.287164        -0.288210        -0.415335
Mo        10.30774        10.56376        3.89040        1        -0.430420        0.564016        -0.075119
Mo        14.11695        1.84423        4.10272        1        0.039217        -0.156388        0.015865
Mo        10.39970        3.55298        3.98466        1        -0.276724        -0.097346        -0.185101
Mo        13.87540        5.48892        4.09325        1        0.072353        -0.418226        -0.582241
Mo        10.23406        7.18589        3.91979        1        -0.218218        -1.145151        -0.455526
Mo        13.75832        8.78327        3.96316        1        0.917347        0.629089        -0.201246
Mo        17.59880        10.49810        3.84433        1        0.712293        0.675572        -0.165109
Mo        21.60057        1.72625        4.00884        1        -0.446791        0.019276        0.245532
Mo        17.85546        3.52458        3.90570        1        -0.316747        0.169095        -0.902396
Mo        21.26029        5.36807        3.82263        1        1.187063        0.390435        1.487506
Mo        17.59122        7.11725        3.77517        1        -0.086323        -0.065492        0.234583
Mo        21.32265        8.76994        3.87419        1        -0.055479        0.339383        -0.056449
Te        1.87730        1.78398        5.68609        2        -0.208228        0.097062        -0.509721
Te        5.56072        3.69965        5.59287        2        -1.052440        -0.952596        1.570616
Te        1.83021        1.85095        2.28922        2        -0.483943        -0.139549        -0.369992
Te        5.40582        10.63310        2.29284        2        -0.208825        0.060827        0.303357
Te        1.35849        5.31884        5.42804        2        0.536946        0.033513        0.062206
Te        5.15322        7.02022        5.48058        2        -0.312428        0.693193        0.827037
Te        1.65874        5.35037        2.08749        2        -0.006429        -0.110585        0.422725
Te        5.50702        3.36863        2.29902        2        -0.010704        0.965559        0.029640
Te        1.33561        8.72734        5.54207        2        0.451123        0.759727        -0.077683
Te        5.33306        10.60900        5.73251        2        -0.306238        0.001275        0.095281
Te        1.47004        8.97757        2.11998        2        0.104576        -0.231215        0.458403
Te        5.21923        7.11398        2.23085        2        0.269285        -0.039728        0.318718
Te        9.16406        1.72375        5.69561        2        -0.079849        0.051105        -0.191092
Te        12.84717        3.64756        5.78572        2        -0.272722        -0.260302        0.057980
Te        9.01250        1.74495        2.31287        2        0.202771        0.119611        0.199361
Te        12.70420        0.11550        2.39852        2        0.078793        -0.198634        -0.420668
Te        9.12830        5.38301        5.69039        2        -0.214019        -0.188994        -0.352615
Te        12.44446        7.27746        5.73629        2        0.181882        -0.747916        -0.046524
Te        9.07657        5.24425        2.21708        2        0.111405        0.284577        0.568145
Te        12.80091        3.56815        2.41632        2        -0.003625        0.160266        -0.047001
Te        8.93307        8.88719        5.57819        2        -0.069887        0.087893        0.590420
Te        12.69818        10.63474        5.67791        2        -0.005356        0.334465        -0.011382
Te        8.81451        8.79671        2.21701        2        0.451652        0.467027        0.102980
Te        12.47780        7.01400        2.20876        2        0.413170        0.523392        0.434225
Te        16.77281        1.72205        5.60980        2        -0.783056        0.047183        0.269990
Te        20.17885        3.58474        5.63481        2        0.238550        -0.300080        -0.117100
Te        16.54497        1.83708        2.15939        2        -0.120567        -0.327946        0.520435
Te        20.15026        10.57673        2.17782        2        0.045451        0.361816        0.615273
Te        16.39478        5.29324        5.48723        2        0.122961        0.214711        0.202411
Te        19.89811        7.10774        5.53705        2        0.108613        -0.214936        -0.249239
Te        16.28894        5.33209        2.14436        2        0.263225        -0.207358        0.592162
Te        20.35939        3.52183        2.31086        2        -0.815227        -1.211402        -1.247402
Te        16.22425        8.80961        5.63213        2        0.182147        -0.114298        -0.839504
Te        20.10633        10.54623        5.62735        2        0.233397        0.187594        -0.634663
Te        16.25823        8.86785        2.13553        2        -0.299743        -0.137809        0.209997
Te        20.09238        7.04487        2.08780        2        -0.522055        0.337902        0.000824
