54
Lattice="21.378425029 0.000008540 -0.000615361 -0.000005198 12.342308804 0.000045896 0.042448411 0.000094922 30.000000000" Properties=species:S:1:pos:R:3:tags:I:1:forces:R:3 energy=-297.82332755 stress= -26.35421 -26.37902 1.11086 -0.94512 0.65287 -0.23184 pbc="T T T"
Mo        2.48196        0.02496        4.14429        1        0.641577        -0.137217        0.026336
Mo        6.21770        2.20786        3.81959        1        0.056017        -0.198759        -0.245954
Mo        2.70942        4.11808        3.90937        1        -0.433315        -0.080444        -0.017371
Mo        6.19657        6.39285        3.73153        1        -0.157214        -0.423354        0.047765
Mo        2.68772        8.39889        3.84511        1        0.594511        -1.174973        0.095510
Mo        6.47875        10.33326        3.94088        1        -0.896583        -0.390170        -0.141126
Mo        9.77877        12.30022        3.94853        1        -0.175308        0.171045        -0.017252
Mo        13.42185        1.95510        3.81690        1        -0.139604        0.141699        0.000579
Mo        9.83122        4.24001        3.59952        1        -0.086514        -0.211711        0.108093
Mo        13.50461        6.22074        3.94072        1        0.349962        -1.024078        -0.030293
Mo        10.05458        8.43870        3.65265        1        -0.466207        -0.721476        0.159256
Mo        13.36176        10.14970        3.73515        1        0.687790        0.409976        -0.207850
Mo        16.87403        12.16877        4.03844        1        -0.073921        -0.385679        -0.288656
Mo        20.46892        2.04655        4.34985        1        -0.071964        0.128062        -0.538729
Mo        17.10240        4.01414        4.12045        1        -0.123814        -0.296632        -0.360897
Mo        20.58747        6.30538        4.01719        1        -0.105443        -0.320636        0.209194
Mo        16.94710        8.15459        4.26084        1        0.039834        -0.162658        -0.697223
Mo        20.54845        10.26681        4.11286        1        -0.553519        0.224127        -0.335954
Te        1.44724        2.05150        5.84022        2        0.193837        0.152745        -0.454556
Te        5.06426        4.25747        5.33939        2        0.256801        0.228563        0.440688
Te        1.32593        1.96718        2.49941        2        -0.089176        0.264674        0.214220
Te        4.95353        0.08952        2.40683        2        -0.093192        -0.161437        -0.541346
Te        1.62075        6.39436        5.56399        2        -0.000585        -0.438198        0.025664
Te        5.03238        8.21774        5.47104        2        0.322623        0.406199        -0.235542
Te        1.51720        6.14752        2.35743        2        -0.059516        0.299296        -0.094853
Te        4.96995        4.01486        2.09828        2        -0.140522        0.533390        0.198935
Te        1.50377        10.17343        5.61172        2        0.066439        0.391208        0.716737
Te        5.20012        0.07195        5.34106        2        -0.270174        -0.082877        0.826608
Te        1.49831        10.29886        2.41473        2        -0.628807        0.766895        -0.833987
Te        5.07851        8.48342        2.07756        2        0.069924        -0.055606        0.718629
Te        8.58192        2.20741        5.31774        2        0.380305        0.045708        0.465879
Te        12.21896        4.00356        5.44040        2        -0.158950        0.284527        -0.247518
Te        8.60451        1.97548        2.22661        2        0.054237        0.531073        -0.242053
Te        12.06100        0.00662        2.26543        2        0.341602        -0.316940        -0.428213
Te        8.49551        6.41721        5.35834        2        0.494921        -0.097511        -0.422337
Te        12.28823        8.21514        5.35938        2        -0.327805        -0.023237        0.682769
Te        8.68607        6.39268        2.18054        2        0.056568        -0.132397        0.002853
Te        12.27160        4.16830        2.24892        2        0.016874        -0.091379        -0.027714
Te        8.83706        10.19754        5.49839        2        -0.087185        0.182791        0.049275
Te        12.16625        12.23992        5.36997        2        0.133519        0.073458        0.579418
Te        8.62760        10.37292        2.20620        2        0.368151        0.069436        -0.254064
Te        12.58859        8.06123        2.11472        2        -0.720507        0.454197        -0.320816
Te        15.67695        1.99460        5.44576        2        0.035914        -0.257240        0.777791
Te        19.40543        4.29665        5.77490        2        0.113532        -0.282692        -0.043143
Te        15.96185        1.77019        2.31229        2        -0.331376        0.550353        -0.154206
Te        19.15003        12.28611        2.46914        2        0.693193        0.004424        0.156150
Te        15.80801        5.98921        5.62340        2        -0.143927        0.283201        0.409489
Te        19.31713        8.37734        5.81683        2        0.085222        -0.418507        -0.033678
Te        16.03948        5.88081        2.39945        2        -0.281100        0.680408        0.141824
Te        19.44445        4.09534        2.55818        2        0.173861        0.036569        -0.086712
Te        15.52026        10.06915        5.63597        2        0.157123        0.387776        -0.136610
Te        19.20242        12.29337        5.68800        2        0.125827        -0.106863        0.162443
Te        15.85604        10.05856        2.28193        2        -0.099709        0.165161        0.752469
Te        19.25467        8.26103        2.60371        2        0.164770        0.103572        -0.550671
