54
Lattice="18.429676749 0.000008540 -0.000615361 -0.000005198 11.916711949 0.000045896 0.042448411 0.000094922 30.000000000" Properties=species:S:1:pos:R:3:tags:I:1:forces:R:3 energy=-316.32148282 stress= -8.29414 -20.09922 -0.95279 2.27052 -0.37461 0.32008 pbc="T T T"
Mo        2.28802        0.16186        4.09502        1        0.809874        -0.545657        -1.611864
Mo        5.39708        2.03652        3.95312        1        0.097026        -0.077713        -0.563102
Mo        2.37377        4.08117        3.86218        1        -0.123875        -0.224525        0.238779
Mo        5.38672        5.84351        3.83589        1        0.157415        0.251247        -0.748792
Mo        2.36124        7.97427        3.85805        1        -0.066712        0.518651        0.707070
Mo        5.29692        9.86738        3.95291        1        0.524342        0.189871        -0.589757
Mo        8.35606        11.86121        4.01569        1        -0.612656        0.170535        -0.582400
Mo        11.62203        1.93357        4.10345        1        -1.382044        0.114274        -0.673147
Mo        8.52990        3.79651        3.88277        1        -0.594684        0.355167        -0.587255
Mo        11.52173        5.88477        3.88234        1        -1.046522        -0.177380        1.050534
Mo        8.35513        7.88878        3.75668        1        -0.075355        -0.864121        0.017663
Mo        11.30586        9.85074        3.72286        1        0.408872        0.509782        0.266551
Mo        14.54700        0.00862        3.95218        1        -0.296748        0.225001        -0.148634
Mo        17.72244        2.07798        4.02475        1        0.388197        -0.369117        -0.814960
Mo        14.68147        3.94482        4.06503        1        -0.163273        0.908337        -0.036350
Mo        17.70932        6.00436        3.91203        1        0.160011        0.303457        0.446416
Mo        14.46503        7.94883        3.89426        1        0.181205        0.584997        1.503851
Mo        17.70047        9.94482        3.99473        1        0.063877        0.942112        0.441976
Te        1.51850        2.10921        5.74263        2        -0.905198        0.627573        -0.133895
Te        4.50145        4.03800        5.65363        2        -0.590737        -0.333911        -0.068773
Te        1.27887        2.08777        2.14793        2        0.378639        -0.106390        0.766284
Te        4.47078        0.05014        2.19597        2        -0.742762        -0.047933        0.876888
Te        1.51319        6.09018        5.64380        2        -0.878541        -0.480724        -0.232875
Te        4.48866        7.72561        5.59030        2        -0.294101        0.747562        0.156788
Te        1.33005        6.12430        2.14920        2        -0.042236        -0.537383        -0.119877
Te        4.40923        3.99134        2.07118        2        -0.078801        -0.443271        0.277880
Te        1.50134        9.96975        5.74054        2        -0.633390        -0.150838        -0.374028
Te        4.41948        0.04340        5.71412        2        0.326844        -0.061856        -0.121390
Te        1.34434        10.12828        2.32363        2        0.251554        -0.354691        -0.462309
Te        4.38210        7.90970        2.14180        2        0.430396        0.112716        -0.155741
Te        7.47736        1.91668        5.70734        2        -0.039212        0.266169        -0.057409
Te        10.45710        3.89697        5.72177        2        0.827335        0.142872        -0.109429
Te        7.46704        1.93325        2.14292        2        -0.094487        -0.178751        0.457772
Te        10.35426        0.07424        2.25311        2        0.930916        0.044189        -0.225600
Te        7.46335        5.72971        5.53088        2        0.432963        0.700226        0.003414
Te        10.33937        7.92262        5.50384        2        0.815569        -0.295878        0.207214
Te        7.44964        5.84741        2.03210        2        0.305169        -0.269511        0.539142
Te        10.69229        3.82054        2.18695        2        -0.227425        0.007082        0.386860
Te        7.41117        9.75519        5.62937        2        -0.026246        0.224498        0.053881
Te        10.43652        11.74734        5.69096        2        0.410710        0.246176        -0.082517
Te        7.45557        9.91915        2.17970        2        -0.553314        0.207421        0.120192
Te        10.49970        7.81078        2.02165        2        -0.047875        -0.100623        0.311822
Te        13.72272        1.96903        5.74820        2        -0.080406        -0.134501        0.653126
Te        16.82384        3.95567        5.66598        2        0.028797        0.914271        0.908014
Te        13.67551        2.14985        2.38085        2        0.043405        -1.046814        -1.015740
Te        16.72722        0.04860        2.31014        2        -0.054862        -0.025544        -0.195762
Te        13.51868        5.82417        5.83004        2        0.229304        0.668818        -0.858973
Te        16.77993        8.02389        5.62280        2        -0.986251        -0.542811        0.305591
Te        13.63624        5.93073        2.33721        2        0.508932        -0.376590        -0.947875
Te        16.75189        4.07007        2.20740        2        -0.196453        -0.403688        0.300244
Te        13.26032        10.00754        5.56036        2        1.107885        -0.604694        -0.060836
Te        16.60976        0.11743        5.68603        2        0.620007        -0.667326        0.198722
Te        13.56695        10.00395        2.06091        2        -0.256930        -0.251517        0.713590
Te        16.57847        8.06303        2.25820        2        0.589322        -0.299426        -0.335382
