54
Lattice="19.174335959 0.000456436 -0.025753600 -0.000245188 11.746062056 0.000007040 0.013560858 0.000001769 30.000000000" Properties=species:S:1:pos:R:3:tags:I:1:forces:R:3 energy=-316.05125873 stress= -5.84252 -15.46964 1.92737 -0.40019 0.58309 -0.18364 pbc="T T T"
Mo        2.07774        0.20854        3.91347        1        -0.611345        0.383460        -1.680399
Mo        4.37067        2.15786        3.93143        1        0.325878        -0.372848        0.267655
Mo        2.10257        3.88422        3.68550        1        0.933648        -0.361661        0.911003
Mo        4.52854        5.69490        3.92323        1        -0.055189        -0.505648        -0.261447
Mo        2.27205        7.44301        3.71331        1        -0.072668        0.136812        0.419313
Mo        4.40181        10.13555        4.20302        1        0.144846        -0.359023        0.309806
Mo        8.59312        0.14711        3.72225        1        -0.024544        -0.904942        -0.765735
Mo        10.99006        1.76469        3.89474        1        -0.824732        0.316313        -0.277378
Mo        8.62158        3.59525        3.75041        1        0.214604        0.405906        -1.323630
Mo        10.66787        5.96339        4.20511        1        -0.121528        -0.053484        -0.348337
Mo        8.59492        8.11983        3.85085        1        -0.247441        -0.360858        -0.711579
Mo        10.87998        10.01285        3.90914        1        0.171479        -0.194946        0.733331
Mo        15.05213        0.11653        3.76404        1        -0.172336        -0.522665        -0.733157
Mo        17.12996        2.17400        4.20935        1        0.157046        0.445993        0.022302
Mo        14.98451        4.11691        3.92848        1        -0.530352        -0.163994        0.147902
Mo        17.16771        5.81139        4.08757        1        0.715541        0.368112        -0.234154
Mo        14.88598        7.55267        3.86310        1        0.182488        0.364369        0.033940
Mo        17.34791        9.42386        4.05913        1        -0.589235        -0.479657        0.088669
Te        0.56407        2.07716        5.31371        2        -0.103321        0.096463        0.189410
Te        3.94815        4.01923        5.86432        2        -0.489866        -0.310619        0.004910
Te        5.81256        0.06889        2.54342        2        0.627287        0.090695        -0.075218
Te        2.66610        1.92056        1.83284        2        -0.149842        -0.172120        0.240470
Te        0.82714        5.70268        5.32190        2        -0.809961        0.585191        0.169636
Te        4.03270        7.74182        5.73261        2        -0.189884        0.174789        -0.024757
Te        6.04307        3.82447        2.44984        2        0.120388        0.073887        -0.280243
Te        2.81939        5.66460        1.78256        2        0.184743        0.211717        -0.254461
Te        0.79656        9.62073        4.98229        2        0.187684        -0.381797        0.067546
Te        3.66012        0.37932        5.91713        2        1.005640        -0.306389        1.072942
Te        5.91468        7.88294        2.96953        2        0.146948        0.723719        -0.244974
Te        2.77184        9.81916        2.21269        2        -0.639359        -0.043893        -0.523650
Te        7.00767        1.97172        5.14974        2        -0.342565        -0.066304        0.645793
Te        10.26335        3.78558        5.78276        2        0.365677        -0.347892        0.546690
Te        12.55795        0.01873        2.35130        2        -0.400620        0.065880        0.171527
Te        9.27735        1.86666        1.70830        2        -0.041086        0.182946        0.601084
Te        7.19330        5.77137        5.09269        2        0.438822        -0.024554        -0.097219
Te        10.26704        7.98362        5.93412        2        0.091246        0.583171        -0.087966
Te        12.32708        4.02115        2.77450        2        -0.201280        0.028308        -0.250197
Te        9.05696        5.87244        2.08083        2        0.007072        0.119075        0.279598
Te        7.07589        9.92807        5.25253        2        -0.081453        0.498226        0.163362
Te        10.30845        0.06502        5.82378        2        -0.020103        -0.149604        0.445627
Te        12.20571        7.88266        2.68927        2        0.120776        -0.512426        0.020793
Te        9.21724        9.84912        1.83073        2        -0.371063        0.265312        0.216268
Te        13.46462        1.95616        5.19356        2        0.281371        -0.117329        0.321084
Te        16.71077        4.13687        6.11019        2        -0.415156        -0.906137        -0.095315
Te        18.56767        11.73420        3.00940        2        -0.098327        0.213133        -0.286562
Te        15.45390        2.08039        2.08408        2        0.378527        0.778173        -0.756219
Te        13.29323        5.92766        5.28807        2        -0.075764        -0.218780        0.144570
Te        16.54620        7.65606        5.99611        2        0.265625        0.409552        -0.086087
Te        18.67985        3.98665        2.56397        2        -0.225128        -0.676724        -0.153714
Te        15.47544        5.89967        1.88922        2        0.166236        -0.472305        0.102423
Te        13.54583        9.77364        4.98787        2        -0.239411        0.225845        0.156002
Te        16.59555        11.49534        5.75734        2        0.880313        0.653202        1.080000
Te        18.78069        7.52757        2.51053        2        0.229931        0.419767        0.035080
Te        15.59787        9.61187        2.08329        2        -0.192380        0.159225        -0.069765
