54
Lattice="18.798270284 0.000008540 -0.000615361 -0.000005198 10.639921383 0.000045896 0.042448411 0.000094922 30.000000000" Properties=species:S:1:pos:R:3:tags:I:1:forces:R:3 energy=-318.77157589 stress= -3.91874 0.91068 -0.15260 -1.71631 1.17932 -0.15819 pbc="T T T"
Mo        2.43303        10.60500        4.17682        1        -1.303047        0.378021        -1.491341
Mo        5.43030        1.83087        3.91198        1        0.589886        0.137976        -0.993859
Mo        2.32220        3.53479        4.05775        1        1.620305        0.284623        0.230158
Mo        5.33749        5.38951        3.77931        1        1.171872        -1.002943        0.028585
Mo        2.33201        7.18455        4.22346        1        0.367935        -1.047900        -1.692660
Mo        5.50116        8.80237        4.02610        1        0.630769        0.089288        -1.279534
Mo        8.58358        0.16112        3.82018        1        -0.024577        -1.338378        -0.791761
Mo        11.96089        1.84981        3.81300        1        -0.470595        -0.238574        0.429070
Mo        8.57723        3.42445        3.75414        1        -0.507732        0.168235        -1.192363
Mo        11.79807        5.35157        3.91566        1        -0.760611        -1.183558        0.772865
Mo        8.88555        7.04570        3.77321        1        -1.118468        0.176255        -0.158053
Mo        11.69887        8.66813        3.76725        1        -1.240181        1.360840        0.256855
Mo        14.60947        0.03825        3.83439        1        2.245405        0.369269        1.677803
Mo        18.14712        1.86575        4.16249        1        0.145236        -0.190049        -0.301770
Mo        15.02407        3.45892        3.96386        1        -0.509734        0.448173        1.358976
Mo        18.08604        5.44707        3.99591        1        0.427213        -0.530394        0.245957
Mo        14.88131        7.08012        3.97557        1        2.090121        1.483531        -1.126949
Mo        18.05154        8.85299        3.97621        1        0.844779        -0.954381        -0.262186
Te        1.37516        1.75716        6.00335        2        0.161921        0.263733        -0.497663
Te        4.58332        3.67395        5.80648        2        -0.784837        -0.360925        -1.044753
Te        1.43672        1.76281        2.27743        2        -0.803848        -0.506599        0.513914
Te        4.36180        10.57322        2.17658        2        0.433819        0.163724        0.764623
Te        1.33053        5.35129        5.93217        2        -0.305242        -0.293381        -0.485254
Te        4.50421        6.99562        5.76631        2        0.291638        0.571497        0.714717
Te        1.47551        5.34092        2.19120        2        -0.762627        0.326044        1.109082
Te        4.37022        3.44019        1.89099        2        -0.191734        0.684305        1.771601
Te        1.18949        8.91424        5.93863        2        0.415395        0.017995        0.106276
Te        4.55587        0.02778        5.70677        2        0.365634        -0.153054        1.224318
Te        1.45559        8.79781        2.27722        2        -0.993566        0.910495        0.309724
Te        4.23729        7.24122        2.15959        2        0.528805        -0.459992        0.378681
Te        7.46168        1.87992        5.70662        2        0.595275        -0.500296        -0.417421
Te        10.53072        3.41463        5.53288        2        1.323908        0.814890        0.682377
Te        7.46445        1.67209        1.92316        2        -0.195064        0.501485        0.464973
Te        10.79421        0.01825        1.91019        2        -0.273018        -0.107290        1.197952
Te        7.76734        5.35284        5.42090        2        -1.548668        -0.447990        0.632792
Te        10.66491        7.02771        5.83635        2        0.715559        0.125478        -0.822040
Te        7.51053        5.31896        1.91941        2        0.135743        -0.221135        0.935828
Te        10.80693        3.45001        2.09887        2        -0.427153        1.010773        -0.617725
Te        7.83659        8.83888        5.59876        2        -0.673187        0.331626        -0.174129
Te        10.74580        0.17342        5.41983        2        -0.082363        -1.478508        0.826999
Te        7.54983        8.63800        2.04320        2        0.031093        1.401089        0.681947
Te        10.84665        6.88798        2.04423        2        -0.096460        0.343501        -1.808923
Te        13.88552        1.86191        5.87489        2        -0.285492        -0.580225        -0.922918
Te        16.96487        3.61265        5.92773        2        0.541549        0.083222        -0.682036
Te        13.93900        1.90610        2.09196        2        0.412314        -0.319012        -1.415292
Te        17.06076        0.07598        2.38947        2        -0.725234        0.444585        -0.808824
Te        13.89582        5.36357        5.64098        2        -0.421371        -0.964963        1.249642
Te        17.00844        7.09600        5.74580        2        -0.674007        0.408102        0.480683
Te        13.98692        5.30591        2.30599        2        -0.412334        -0.526171        -1.558054
Te        17.13698        3.62904        2.34511        2        0.205862        -0.596243        -1.015675
Te        13.60341        8.83817        5.48790        2        0.838752        0.260938        2.251472
Te        17.03459        10.53553        5.72788        2        -1.426408        0.956381        0.255698
Te        13.80971        8.81979        2.13216        2        0.216609        -0.288680        -1.147333
Te        17.06946        7.17209        2.00993        2        -0.301880        -0.217696        1.194952
