54
Lattice="18.429676749 0.000008540 -0.000615361 -0.000005198 10.852719811 0.000045896 0.042448411 0.000094922 30.000000000" Properties=species:S:1:pos:R:3:tags:I:1:forces:R:3 energy=-319.85831968 stress= 2.32365 -0.94374 6.40181 -0.34086 1.58969 0.41989 pbc="T T T"
Mo        2.37754        0.08530        4.10650        1        0.152644        0.173863        -1.689201
Mo        5.57573        1.76451        4.02509        1        -0.634353        -0.561636        -1.145153
Mo        2.16119        3.55129        3.76281        1        0.070738        0.207699        -0.135613
Mo        5.27207        5.46259        3.81569        1        0.514583        0.310407        0.077651
Mo        2.35332        7.25559        3.86544        1        -0.024593        0.014447        0.574748
Mo        5.37933        8.87759        3.83820        1        1.080948        0.990816        2.430902
Mo        8.41051        0.05272        4.18230        1        1.059275        -0.226540        -1.298711
Mo        11.65310        1.97045        4.04336        1        -0.727195        -0.583786        -0.107663
Mo        8.57376        3.48836        3.83140        1        -0.570955        0.511416        1.198135
Mo        11.59314        5.46806        3.95521        1        0.036991        0.379646        -0.156899
Mo        8.56800        7.01420        3.95834        1        -0.478593        0.868020        -0.118999
Mo        11.56205        9.19403        4.03080        1        -0.751083        -0.856693        0.622540
Mo        14.47010        0.04924        4.00820        1        0.491517        -1.436546        0.121131
Mo        17.69889        1.85174        3.75149        1        -0.099651        -0.935922        1.429161
Mo        14.70713        3.47619        3.83081        1        -0.107788        0.781896        0.219769
Mo        17.57170        5.63355        3.77391        1        0.804513        0.075982        0.164984
Mo        14.59005        7.04929        3.93817        1        0.913538        2.531572        -0.670459
Mo        17.56322        9.04176        3.97866        1        -0.844269        0.443634        -0.592845
Te        1.18816        1.85543        5.74676        2        0.238647        0.059068        -0.186339
Te        4.24158        3.60277        5.39370        2        -0.045130        0.092596        2.157197
Te        1.28015        1.67141        2.08959        2        0.719186        -0.027596        -0.784969
Te        4.58410        10.81482        2.14638        2        -0.960584        0.298566        0.513087
Te        1.25915        5.44140        5.50794        2        -0.280987        0.038192        0.624308
Te        4.31955        7.18723        5.80709        2        0.158952        -0.050560        -0.814551
Te        1.27412        5.57085        2.05315        2        -0.011260        -0.422896        -0.383473
Te        4.44194        3.43297        2.15818        2        -0.539150        0.452088        -0.590920
Te        1.22809        9.00710        5.60379        2        0.561643        0.125259        1.521211
Te        4.56370        10.74622        5.69675        2        -0.316186        0.013966        0.516458
Te        1.21797        9.18949        2.34282        2        0.791800        -0.139578        -1.129715
Te        4.30281        7.38576        2.08202        2        0.013968        -1.470047        -1.595583
Te        7.49392        1.98825        5.85272        2        0.187634        -0.707348        0.474712
Te        10.53573        3.74676        5.75020        2        0.014715        -0.003084        0.152026
Te        7.52472        1.67383        2.20192        2        0.209577        -0.052422        -0.731363
Te        10.58609        0.10255        2.28769        2        -0.743086        0.313890        0.277129
Te        7.33496        5.20130        5.64164        2        0.258961        0.753732        -0.306409
Te        10.58032        7.34005        5.79434        2        -0.066599        -0.675144        -0.107514
Te        7.40282        5.24866        2.10647        2        0.412614        0.605223        -0.082817
Te        10.67224        3.62750        2.14757        2        -0.161038        0.315960        -0.329356
Te        7.55798        8.84918        5.73132        2        -0.817861        -0.111812        -0.000890
Te        10.55072        0.17206        5.86411        2        0.087130        -0.090983        -0.094627
Te        7.57674        9.01751        2.27685        2        0.125204        -0.365835        -0.005316
Te        10.63022        7.40679        2.25248        2        -0.439495        -0.850871        -0.585047
Te        13.64437        1.93216        5.80892        2        0.366881        -0.339499        0.347345
Te        16.84314        3.69160        5.46908        2        -0.780478        0.001696        1.051954
Te        13.56018        1.67756        2.20468        2        0.033042        0.707196        -1.449169
Te        16.56098        10.82893        2.14876        2        -0.408346        0.278454        0.052116
Te        13.72183        5.32958        5.61452        2        -0.673941        -1.053217        1.347875
Te        16.49260        7.34313        5.74394        2        1.015409        -0.905236        0.465802
Te        13.66782        5.37364        2.14591        2        -0.496288        -0.755430        -0.778011
Te        16.76560        3.70416        2.00794        2        -0.485293        -0.134044        -0.335737
Te        13.52325        8.96003        5.79648        2        0.668898        0.189492        -0.009713
Te        16.54022        10.81207        5.70452        2        0.509261        1.032666        0.158218
Te        13.52603        8.84377        2.25962        2        0.383318        1.336305        -0.463399
Te        16.62693        7.50810        1.99471        2        -0.444352        -1.131136        0.203100
