54
Lattice="19.535457354 0.000008540 -0.000615361 -0.000005198 11.278316666 0.000045896 0.042448411 0.000094922 30.000000000" Properties=species:S:1:pos:R:3:tags:I:1:forces:R:3 energy=-313.78548084 stress= -14.36037 -13.54991 0.45067 -2.54708 0.27140 -0.66099 pbc="T T T"
Mo        2.31739        11.14835        3.73852        1        -0.312348        0.877022        0.200134
Mo        5.59874        1.84017        3.97630        1        0.115664        -0.647997        0.158221
Mo        2.41916        3.84768        3.97687        1        0.864260        -0.320557        -0.784344
Mo        5.84285        5.51237        4.00280        1        -0.052357        -0.830986        1.056736
Mo        2.31153        7.58889        3.82831        1        -0.300573        -1.254651        0.350305
Mo        5.66932        9.61925        3.91301        1        1.163647        -2.006415        1.028870
Mo        9.09052        0.11046        4.03751        1        0.252631        -1.357193        -1.040203
Mo        12.34502        2.01772        3.98211        1        -0.464500        -0.485693        0.038218
Mo        9.38664        3.65458        4.27605        1        -1.096782        0.212947        -2.842644
Mo        11.99940        5.60186        4.07554        1        1.018116        0.241634        0.360890
Mo        8.88807        7.65986        4.02255        1        0.095187        -0.190756        -0.094879
Mo        12.26596        9.34397        4.00163        1        0.016515        0.490172        -0.930106
Mo        15.44463        11.21062        3.75480        1        0.446729        -0.116374        1.499392
Mo        18.89933        1.93894        3.81828        1        0.139003        0.375572        0.336064
Mo        15.42579        3.87196        3.92283        1        -0.448753        -0.331815        -0.478892
Mo        18.74071        5.65388        3.90190        1        -0.194714        -0.589478        -0.745992
Mo        15.54752        7.56953        3.95341        1        0.639119        -0.695462        -1.003394
Mo        18.70164        9.30969        3.64617        1        1.372953        0.439229        0.259527
Te        1.39086        2.06264        5.66735        2        -0.196386        -1.150375        -0.140490
Te        4.67059        3.73149        5.69529        2        -0.297348        0.134569        0.488266
Te        1.58019        1.87197        2.09029        2        -0.824992        0.609849        0.044149
Te        4.46751        11.12464        2.14935        2        0.754207        0.837632        -0.919291
Te        1.31286        5.60113        5.76834        2        -0.017092        0.726940        -0.928442
Te        4.40244        7.63689        5.67813        2        0.877138        -0.092897        -0.374416
Te        1.26784        5.50651        2.06250        2        0.400941        0.713436        0.779130
Te        4.62123        3.56971        2.23409        2        0.048722        1.195210        -0.190270
Te        1.39981        9.47108        5.57803        2        -1.264545        -0.685259        -0.246702
Te        4.28594        11.27263        5.53797        2        1.019732        0.074729        1.055149
Te        1.36565        9.30336        1.82711        2        -0.321748        -0.014067        0.993272
Te        4.70500        7.25860        2.50865        2        -0.333591        1.857165        -1.784532
Te        8.02015        1.83231        5.67542        2        -1.219424        0.227996        1.508475
Te        11.35520        3.63529        6.10087        2        0.344025        0.438696        -0.898531
Te        7.81742        1.92289        2.39582        2        0.964083        0.240351        -0.211043
Te        11.23196        11.21959        2.05053        2        0.155706        0.486759        1.637851
Te        8.18972        5.54612        5.67410        2        -1.133604        0.666625        1.210737
Te        10.94111        7.70602        5.75079        2        0.767718        -0.503125        0.461497
Te        8.03185        5.54616        2.40008        2        0.342551        -0.260831        -0.145565
Te        11.24027        3.79634        2.22067        2        -0.343664        -0.428891        0.266179
Te        7.98191        9.52555        5.85789        2        -0.807213        0.280289        -0.934897
Te        11.24782        0.13547        5.69412        2        0.377156        -0.519291        -0.231452
Te        8.13808        9.60913        2.19168        2        -1.228821        -0.284486        0.448428
Te        11.00376        7.43855        2.39065        2        0.229540        0.600542        -0.878997
Te        14.44988        1.79292        5.71678        2        0.526590        0.295698        -0.616619
Te        17.50504        3.69080        5.48004        2        1.247479        0.380455        1.271295
Te        14.51652        1.92965        2.30158        2        -0.872709        0.250040        -1.440719
Te        17.66396        0.28596        2.12812        2        -0.100554        -1.632149        -1.068271
Te        14.35357        5.84565        5.55183        2        -0.331810        -1.035165        0.829961
Te        17.83383        7.52541        5.61463        2        -0.597433        0.447438        -0.234504
Te        14.15065        5.80210        2.09529        2        0.443747        -0.593340        1.366418
Te        17.70289        3.66740        2.16887        2        -0.545763        1.188153        -0.397419
Te        14.43282        9.34865        5.64602        2        0.272621        0.609677        0.303453
Te        17.83302        11.27568        5.33626        2        -0.820461        -0.445264        0.931387
Te        14.47381        9.10789        2.12848        2        -0.796199        1.671642        -0.197493
Te        17.60902        7.42540        1.96625        2        0.021055        -0.102130        0.903469
