54
Lattice="18.429676749 0.000008540 -0.000615361 -0.000005198 11.491115093 0.000045896 0.042448411 0.000094922 30.000000000" Properties=species:S:1:pos:R:3:tags:I:1:forces:R:3 energy=-313.98614729 stress= -1.77038 -13.36256 1.23676 -0.75240 -2.22947 0.56294 pbc="T T T"
Mo        2.06800        11.38545        3.94240        1        1.020579        0.700283        1.993970
Mo        5.61055        1.93312        3.78020        1        -1.346260        0.961524        1.485993
Mo        2.47943        3.80156        3.87492        1        -1.248937        -0.138446        0.138016
Mo        5.57732        5.68451        3.73992        1        -0.821849        0.212578        -0.033850
Mo        2.47561        7.43344        3.88265        1        -0.389689        1.041435        0.375087
Mo        5.37386        9.75138        4.11218        1        0.502331        -0.902365        -0.744882
Mo        8.64920        0.14527        4.04821        1        -0.626651        0.841441        -1.305781
Mo        11.52816        1.80802        3.65207        1        0.175852        0.897992        1.958575
Mo        8.67046        3.83968        3.92489        1        -0.628138        0.441794        -0.986216
Mo        11.51243        5.62369        3.86395        1        -0.269170        1.671760        0.356992
Mo        8.28290        7.90183        3.87350        1        -0.510436        -1.626164        2.331317
Mo        11.66243        9.82525        4.18286        1        -2.035529        -1.899630        0.355462
Mo        14.58601        11.45157        4.03151        1        -1.319282        0.554795        -0.372757
Mo        17.76508        1.90231        4.00946        1        -1.283258        -0.546330        0.615384
Mo        14.39314        3.64181        3.73360        1        1.071052        1.551721        -0.854225
Mo        17.58998        5.73970        4.00262        1        -0.573448        -0.916518        -0.634866
Mo        14.47526        7.71776        3.95320        1        0.495530        0.268586        0.046559
Mo        17.57383        9.34239        3.91074        1        -1.350784        1.978234        0.539925
Te        1.39457        1.86843        5.87801        2        -0.206909        0.400207        -1.133703
Te        4.40604        3.87573        5.62276        2        1.247426        -0.346038        -0.384797
Te        1.30668        1.86431        2.32447        2        0.481305        0.330817        -1.688365
Te        4.27265        0.13419        2.32978        2        0.015868        -1.080217        -0.783435
Te        1.39905        5.77385        5.71882        2        -0.235535        -0.769152        -0.629717
Te        4.69034        7.51411        5.70602        2        -0.992412        0.487140        -0.883744
Te        1.09821        5.55473        2.17111        2        1.309566        0.470974        0.001513
Te        4.73405        3.79556        1.93489        2        -1.266214        0.029977        0.734958
Te        1.07662        9.44706        5.71316        2        1.498476        -0.550434        0.171692
Te        4.22217        11.48095        5.74028        2        0.141190        0.713857        -0.078812
Te        1.18086        9.40932        2.39900        2        1.745447        -0.664571        -2.334478
Te        4.69349        7.78259        2.14455        2        -0.799692        -0.228570        0.533350
Te        7.57301        2.13233        5.63054        2        -0.062944        -0.770286        0.654575
Te        10.74925        3.75937        5.58648        2        -0.527835        -0.541091        0.448598
Te        7.59825        2.06624        1.99081        2        0.754695        -0.721876        0.902118
Te        10.54997        11.29780        2.11435        2        -0.242150        0.517642        0.095273
Te        7.35255        5.70919        5.60976        2        1.792384        0.149465        0.339626
Te        10.51222        7.51754        5.64158        2        -0.349724        0.860996        -0.060341
Te        7.75735        5.66923        2.08215        2        -0.596376        0.815666        0.262392
Te        10.65633        3.92072        2.05503        2        -0.366311        -1.049211        -0.641941
Te        7.54188        9.93399        5.80376        2        -0.297807        -0.929951        0.059297
Te        10.68858        0.22527        5.74312        2        -0.075738        0.316949        0.701046
Te        7.43837        9.88408        2.35591        2        -0.402079        0.186898        -0.878078
Te        10.36918        7.82317        2.41276        2        1.692116        0.310526        -1.023554
Te        13.63765        2.09478        5.59509        2        -1.051502        -1.986433        0.522630
Te        16.50025        3.71988        5.74289        2        0.478368        0.449413        -1.153625
Te        13.47172        1.73102        1.89340        2        0.949896        -0.109363        0.444561
Te        16.58484        11.35427        2.22828        2        0.598671        0.399462        0.079018
Te        13.60289        5.61237        5.48145        2        0.190068        0.378986        0.799839
Te        16.66884        7.62551        5.65533        2        -1.007548        -0.636473        0.981589
Te        13.39223        6.00824        2.06974        2        1.066689        -0.730653        -0.332451
Te        16.49437        3.38968        2.12344        2        0.739085        1.387858        0.041117
Te        13.59304        9.55908        6.06374        2        0.491556        0.184726        -1.158936
Te        16.65894        11.48747        5.61099        2        0.828234        -0.511293        0.951134
Te        13.40547        9.70363        2.36413        2        1.626145        -0.606202        -1.476401
Te        16.48973        7.78460        2.03030        2        -0.069150        -1.233993        0.644436
