54
Lattice="20.324373841 0.000456147 -0.025753600 -0.000245476 10.927967962 0.000007040 0.013560576 0.000001770 30.000000000" Properties=species:S:1:pos:R:3:tags:I:1:forces:R:3 energy=-313.56838439 stress= -16.58626 -9.32677 -4.27908 -0.97134 -0.36236 -0.09839 pbc="T T T"
Mo        2.34282        0.05418        3.65069        1        0.793935        -1.606300        -0.081874
Mo        4.57399        2.27599        4.24044        1        0.962845        -0.451533        -1.148141
Mo        2.18775        3.92453        3.97289        1        -0.126862        -0.665504        1.444189
Mo        4.72488        5.46376        4.09478        1        0.168706        0.446152        1.371345
Mo        2.15101        7.61159        3.95851        1        0.653170        -0.628680        0.806389
Mo        4.92141        8.87237        4.03058        1        -1.540562        0.572448        -0.451552
Mo        9.15919        10.86122        3.76826        1        0.217671        0.295874        -0.243306
Mo        11.60330        1.66799        3.99711        1        0.240047        -0.040332        0.010030
Mo        9.05098        3.45376        3.83177        1        0.344592        -0.277819        0.620884
Mo        11.47135        4.87415        4.01383        1        -0.113197        -0.108848        -1.513596
Mo        9.04232        6.76574        3.85377        1        1.111356        0.251860        0.000936
Mo        11.53181        9.18867        4.17614        1        -0.224897        -0.544947        -1.157745
Mo        15.84830        0.19452        3.79742        1        0.713123        0.103006        0.237809
Mo        18.23849        1.79981        3.89827        1        0.387641        -0.632401        -0.669219
Mo        15.99931        3.59253        3.50481        1        -0.032235        0.027505        0.740301
Mo        18.14045        5.87597        4.05780        1        0.702952        -0.873322        -0.547190
Mo        15.65389        7.09668        3.77441        1        0.831158        -0.339245        0.094852
Mo        18.29424        9.29699        3.91321        1        -0.516585        0.712945        0.631663
Te        0.79862        1.70165        4.90037        2        -1.863401        1.670374        0.969991
Te        3.90226        3.91943        6.13339        2        -0.641984        0.174416        0.464787
Te        6.23337        0.33115        2.87565        2        0.479571        -1.136138        0.338850
Te        3.09386        1.99673        2.04075        2        -0.048157        0.914815        -0.710109
Te        0.49796        5.81632        5.62702        2        0.110010        -0.255437        -0.828636
Te        3.98820        7.37844        6.07112        2        0.028670        -0.161460        -0.990369
Te        6.54270        3.48235        2.56696        2        -1.151226        0.708809        -0.227750
Te        2.86535        5.62724        2.26409        2        0.170035        0.921021        -2.578138
Te        0.55066        9.40959        5.25682        2        -0.008828        -0.499395        0.162676
Te        4.01387        0.01202        5.68694        2        0.342370        0.024292        0.692887
Te        6.39317        7.08529        2.60361        2        0.523861        -0.061447        -0.245457
Te        3.11131        9.06865        1.89251        2        0.202583        0.039982        0.198531
Te        6.98600        2.33985        5.59816        2        1.034437        -0.622463        -0.014830
Te        10.79307        3.23986        5.98870        2        -0.509523        0.691427        0.167635
Te        13.11450        10.70192        2.53247        2        0.355399        0.414004        0.072668
Te        10.12266        1.77973        1.84561        2        -1.292639        -0.759815        0.307539
Te        7.39679        5.35374        5.55317        2        -0.081853        -0.103335        -0.545830
Te        11.15342        6.92149        5.79301        2        -1.093854        0.382756        -0.189497
Te        13.28297        3.38804        2.18911        2        -0.568054        0.284904        0.976086
Te        9.68786        5.06284        1.75261        2        0.291797        0.748179        1.232664
Te        7.52198        8.97889        5.10963        2        0.273453        -0.053711        -0.241626
Te        10.67362        0.00876        5.99694        2        0.002186        -0.503385        -0.101031
Te        12.80244        6.96687        2.77117        2        0.713954        0.529800        0.002060
Te        9.88434        8.73626        1.98913        2        -0.296019        0.663941        1.095299
Te        14.20914        1.94472        5.18485        2        0.233215        -0.334693        0.062357
Te        17.74878        3.68548        5.75867        2        -0.665646        0.616429        -0.707584
Te        20.12583        0.09586        2.27354        2        -0.965478        -0.091721        0.441422
Te        16.53510        1.66547        1.61953        2        0.354813        0.514289        1.057518
Te        14.02101        5.17402        5.26071        2        0.832075        0.046801        -0.673471
Te        17.43512        7.63746        5.90844        2        -0.245000        -0.360706        -0.282327
Te        19.94847        3.95121        2.55036        2        -0.157593        -0.372196        0.701576
Te        16.73727        5.53288        1.70088        2        -0.527438        -0.009784        0.890304
Te        14.30003        9.08200        5.05202        2        -0.372822        0.387850        0.219996
Te        17.66509        0.16406        6.05379        2        -0.310554        0.041207        -1.914765
Te        19.90819        7.44087        2.55001        2        0.080442        0.039270        -0.128992
Te        16.38461        9.19082        1.97408        2        0.196236        -0.743601        0.192279
