54
Lattice="18.429676749 0.000008540 -0.000615361 -0.000005198 13.619099370 0.000045896 0.042448411 0.000094922 30.000000000" Properties=species:S:1:pos:R:3:tags:I:1:forces:R:3 energy=-300.55142021 stress= -18.62933 -33.35051 1.22584 -0.92702 0.19864 -0.08127 pbc="T T T"
Mo        2.31725        13.57940        4.11931        1        -0.488154        0.145355        -0.981206
Mo        5.23523        2.16031        4.03034        1        -0.049454        -0.011436        0.430248
Mo        2.15006        4.61434        3.97309        1        -0.033135        -0.093078        -0.410425
Mo        5.43017        6.77839        4.11833        1        -0.314722        0.156305        -0.137338
Mo        2.31508        9.09099        4.01930        1        -1.038155        -0.089976        -0.460336
Mo        5.37168        11.28102        4.00446        1        -0.125539        -0.269162        0.318812
Mo        8.45956        13.40197        4.02063        1        -0.114088        0.304148        0.062851
Mo        11.35024        2.31382        3.95682        1        0.321541        -0.275749        -0.574303
Mo        8.38353        4.47555        4.09789        1        0.126973        0.060147        -0.113376
Mo        11.42858        6.90642        3.91543        1        -0.319329        -0.014893        -0.533486
Mo        8.45723        9.01656        3.98337        1        0.027608        0.341834        0.296150
Mo        11.63333        11.38631        3.80437        1        -0.572322        -0.396368        0.821614
Mo        14.48355        0.08440        3.75014        1        0.239770        0.052621        -0.072560
Mo        17.67363        2.28382        3.84053        1        0.689083        0.472634        -0.116061
Mo        14.43841        4.45215        3.72596        1        0.401730        0.348285        -0.053180
Mo        17.55712        6.87832        3.84504        1        -0.295063        -0.004027        -0.099235
Mo        14.60409        9.15294        3.80694        1        -0.334111        -0.180078        -0.686624
Mo        17.58318        11.47502        3.90079        1        -0.096801        -0.118393        -0.268641
Te        1.35310        2.34292        5.64184        2        -0.052794        -0.118232        -0.305395
Te        4.30935        4.67240        5.58931        2        0.236665        -0.383351        0.552284
Te        1.56256        2.11632        2.25275        2        -0.374951        0.448169        0.649077
Te        4.48316        13.50365        2.43062        2        -0.172070        -0.013499        -0.062984
Te        1.06859        6.95576        5.69172        2        0.634616        -0.294997        -0.324673
Te        4.33118        8.93557        5.72351        2        0.691981        0.226415        0.414466
Te        1.28424        7.01257        2.26815        2        0.411212        -0.407980        0.106883
Te        4.36030        4.60106        2.35017        2        0.110471        -0.066391        0.142938
Te        1.33888        11.31781        5.54134        2        -0.211083        0.145011        0.741037
Te        4.35635        13.45198        5.76320        2        0.695090        0.225568        0.268314
Te        1.38681        11.42718        2.34401        2        0.123248        -0.086987        -0.100095
Te        4.52881        8.96667        2.46969        2        0.123871        0.188951        -0.515593
Te        7.45896        2.14378        5.68395        2        -0.060700        0.004768        -0.021427
Te        10.62712        4.60451        5.57984        2        -0.030045        -0.167296        0.257659
Te        7.37552        1.97010        2.44625        2        0.462662        0.531632        -0.373811
Te        10.55600        13.49464        2.28261        2        -0.147688        0.303009        -0.282058
Te        7.61510        6.96627        5.77336        2        -0.164157        -0.647703        -0.241342
Te        10.66797        9.22889        5.61552        2        0.043487        -0.280079        -0.366258
Te        7.56568        6.58292        2.42617        2        -0.119349        0.545890        -0.093042
Te        10.47013        4.56557        2.28622        2        -0.171530        -0.104902        0.237518
Te        7.53710        11.28736        5.68850        2        -0.045046        -0.242318        -0.070027
Te        10.75755        13.50255        5.52886        2        -0.243980        0.119117        0.296025
Te        7.55484        11.19869        2.35030        2        -0.226561        0.208872        -0.053681
Te        10.53912        9.12633        2.25654        2        0.145535        -0.061226        -0.045157
Te        13.59523        2.27880        5.42001        2        0.081109        0.179014        0.265789
Te        16.70060        4.52441        5.40496        2        -0.428265        0.018335        0.160845
Te        13.35347        2.27017        2.05895        2        0.247428        0.027667        0.454049
Te        16.79569        0.20251        2.23265        2        -0.360921        -0.525762        -0.401463
Te        13.67126        6.85292        5.28561        2        0.506191        -0.180994        0.955121
Te        16.71176        9.15937        5.45714        2        0.134865        -0.058068        0.353811
Te        13.49871        6.97918        2.08869        2        0.083687        -0.311640        0.013717
Te        16.74723        4.42181        2.19054        2        -0.223094        0.284511        -0.215706
Te        13.91287        11.29397        5.41651        2        -0.582590        0.639469        0.222378
Te        16.61521        0.31442        5.47276        2        0.023275        -0.752490        0.387365
Te        13.65519        11.42927        2.12787        2        0.596666        -0.057186        -0.509726
Te        16.72221        9.09901        2.13120        2        0.086334        0.240090        0.086256
