54
Lattice="19.173937585 0.000456147 -0.025753600 -0.000245476 11.340344112 0.000007040 0.013560576 0.000001770 30.000000000" Properties=species:S:1:pos:R:3:tags:I:1:forces:R:3 energy=-317.53872388 stress= -4.96775 -11.78245 -0.94883 -0.29306 -0.38731 -0.20709 pbc="T T T"
Mo        2.23274        10.94530        3.80755        1        -0.176529        0.437016        0.184412
Mo        4.25379        2.21014        4.04564        1        1.100886        -1.008590        -0.540009
Mo        2.10857        3.99806        3.74784        1        -0.712185        0.130871        -0.736561
Mo        4.48670        5.69446        3.84697        1        -1.025639        0.562331        -0.372490
Mo        2.27232        7.56591        3.79692        1        -1.173793        -0.600739        -1.100676
Mo        4.58304        9.15797        3.82774        1        0.036588        0.862952        1.223366
Mo        8.62416        0.23560        3.79363        1        -0.841047        -0.354006        0.232635
Mo        10.85884        2.18459        3.95233        1        1.262970        -0.306773        0.883112
Mo        8.49005        3.71359        3.86339        1        -0.211480        0.490716        -0.664126
Mo        10.79050        5.45508        3.89917        1        0.645214        0.980718        0.366998
Mo        8.62847        7.21533        3.61308        1        -0.639308        0.646266        1.758718
Mo        10.73444        9.09226        4.16509        1        0.030859        -0.028471        -0.156756
Mo        14.85906        11.13952        4.04353        1        0.520401        0.403020        -0.788252
Mo        17.24874        1.62081        4.06951        1        -0.100138        0.652453        -0.563778
Mo        15.11812        4.11254        3.78298        1        0.223578        -0.288120        -0.479764
Mo        17.28574        6.03662        4.02881        1        -0.724854        -0.061855        0.301699
Mo        14.97309        7.66416        3.88972        1        -0.553400        -0.117095        -0.589310
Mo        17.22301        9.41945        4.21075        1        0.105425        0.061838        -0.501860
Te        0.71135        1.75431        5.00930        2        0.571531        0.136748        -0.345070
Te        3.72755        3.97305        5.80920        2        0.042800        0.603679        1.616499
Te        5.97691        0.15349        2.98230        2        -0.378980        -0.247115        -0.187186
Te        2.73158        1.74018        1.92528        2        -0.560640        0.358517        0.598702
Te        0.60999        5.80866        5.44479        2        0.224505        -0.000303        -0.598561
Te        3.96636        7.50929        5.84052        2        0.232248        0.131525        0.205170
Te        5.91537        3.75986        2.45042        2        0.398931        -0.170317        -0.202487
Te        2.69270        5.69544        1.68672        2        0.076898        0.077047        1.056492
Te        0.70477        9.25859        5.55366        2        0.136168        0.408089        -0.626302
Te        3.94574        0.07038        5.78630        2        0.004961        -0.667201        -0.282121
Te        6.02581        7.54798        2.23175        2        0.415936        -0.594490        -0.078440
Te        2.82029        9.34651        1.79725        2        0.097577        -0.287206        -0.207819
Te        6.88551        1.97837        5.41883        2        0.447827        0.231187        -0.377178
Te        10.28085        3.84510        5.95676        2        -0.349266        -0.492511        0.046618
Te        12.14063        11.19731        3.01193        2        0.847068        0.410814        -0.386680
Te        9.25717        1.92686        1.93157        2        -0.486832        0.562662        -1.375218
Te        6.82415        5.71061        5.20063        2        1.289104        -0.212363        0.212221
Te        10.17571        7.20425        6.01385        2        -0.279345        0.336848        -0.843185
Te        12.55849        3.92348        2.40061        2        -0.417033        -0.514040        0.116461
Te        9.01158        5.51192        1.74469        2        0.560865        -0.942997        -0.351027
Te        7.26450        9.36869        4.97976        2        -0.093881        -0.322274        -0.043396
Te        10.37643        0.07539        5.71345        2        -0.063476        0.089946        0.844864
Te        12.35783        7.48013        2.51734        2        0.003896        0.470268        0.456249
Te        9.16991        9.45232        2.00411        2        0.022664        -0.109076        0.232837
Te        13.59029        2.12978        5.00174        2        -0.340117        -0.487947        0.073741
Te        16.81680        3.81222        5.82106        2        -0.002048        0.141356        -0.181654
Te        18.83871        11.10691        2.67481        2        -0.246758        0.157512        -0.116354
Te        15.47330        1.93781        2.07122        2        0.037540        -0.658184        0.541086
Te        13.51335        5.65173        5.25679        2        -0.999898        0.411872        0.476769
Te        16.49802        7.61805        6.08668        2        0.330935        -0.055748        0.120121
Te        18.55092        3.87338        2.81506        2        0.380275        -0.337929        -0.032108
Te        15.44701        5.82813        1.82324        2        0.711139        0.745915        0.285326
Te        13.33921        9.54622        5.59083        2        -0.154797        -0.999702        -0.322835
Te        16.69371        0.06628        6.08968        2        -0.449047        -0.793495        0.211293
Te        18.81761        7.58586        2.41502        2        0.114873        0.394419        0.395349
Te        15.52848        9.55323        1.98312        2        0.146905        -0.221203        0.607605
