54
Lattice="18.429676749 0.000008540 -0.000615361 -0.000005198 10.852719811 0.000045896 0.042448411 0.000094922 30.000000000" Properties=species:S:1:pos:R:3:tags:I:1:forces:R:3 energy=-317.11919639 stress= -0.19141 -4.48668 -1.67528 -2.50628 -0.96321 0.02085 pbc="T T T"
Mo        2.55910        10.70153        3.61566        1        -0.876026        0.903776        2.080097
Mo        5.55008        1.76563        3.93722        1        -1.593711        -0.074771        -0.549663
Mo        2.28771        3.74758        3.79258        1        0.430865        -1.307296        -0.045710
Mo        5.47650        5.52400        4.02989        1        0.314161        -0.173476        -0.456531
Mo        2.21191        7.02703        3.95302        1        -0.062945        1.187131        -0.497767
Mo        5.53016        9.17841        3.91108        1        -0.472513        -0.235430        -0.303783
Mo        8.55119        0.14259        4.25118        1        -1.107049        -1.276814        -0.752962
Mo        11.52716        1.87144        4.15838        1        -0.366780        0.726609        -0.971607
Mo        8.40570        3.82225        4.01873        1        0.683405        -1.520832        1.632056
Mo        11.52158        5.23277        4.03664        1        1.263787        0.683273        0.841543
Mo        8.32527        7.37107        4.21313        1        -1.486723        -0.399935        -0.724228
Mo        11.66759        9.39348        4.16849        1        0.662003        -1.526747        -0.328901
Mo        14.63072        10.73992        3.73519        1        0.159805        -0.270146        0.855601
Mo        17.55781        1.61791        3.54027        1        -0.386992        1.531285        -0.727869
Mo        14.47008        3.77076        3.77144        1        1.852763        -1.421418        -0.054914
Mo        17.90701        5.18388        3.91536        1        -0.878746        0.829768        -0.539470
Mo        14.27997        7.16445        3.95831        1        0.948140        0.151195        -1.095651
Mo        17.79394        8.96116        3.80417        1        -0.973900        0.877040        0.375127
Te        1.22696        1.72108        5.25272        2        0.562138        -0.178042        0.234198
Te        4.29586        3.55157        5.62230        2        0.446863        0.531705        -0.164145
Te        1.28629        1.58761        1.82483        2        0.473128        0.852530        0.638227
Te        4.61707        10.75093        1.96266        2        0.190217        0.978977        -0.165057
Te        1.31740        5.32192        5.94150        2        0.263760        -0.023300        -1.050394
Te        4.42157        7.48089        5.65943        2        -0.446721        -1.478703        0.070487
Te        1.28373        5.26110        1.92447        2        0.017813        1.085863        -0.097814
Te        4.45272        3.81216        2.00515        2        0.418444        -0.693071        1.377676
Te        1.37947        9.10332        5.64238        2        0.035391        -0.521258        -0.429286
Te        4.40834        10.82766        5.73340        2        -0.364222        0.591776        -0.753195
Te        1.32534        9.01044        2.07536        2        0.382333        -1.605244        -1.170137
Te        4.26325        7.25424        2.10622        2        0.941508        -0.172512        1.107781
Te        7.30920        1.86739        5.99196        2        0.682742        0.671865        -0.850537
Te        10.59962        3.63289        5.93516        2        -1.048317        0.145884        0.116462
Te        7.68471        1.70049        2.31796        2        -0.911581        1.550537        -0.486696
Te        10.48749        0.19330        2.46721        2        0.506203        -0.829781        -1.772531
Te        7.50848        5.38014        6.10262        2        -0.775619        0.822280        -1.198892
Te        10.44497        7.35548        5.67229        2        1.716706        -0.345330        2.188779
Te        7.59440        5.62534        2.25184        2        -1.028774        0.061961        0.023474
Te        10.37167        3.66965        2.19727        2        0.598336        -0.470741        0.212245
Te        7.36578        9.25187        5.94235        2        0.157384        -0.561998        0.141259
Te        10.48656        0.11732        5.97872        2        1.144080        0.269372        1.319435
Te        7.58992        9.10636        2.15562        2        0.435071        0.071940        1.059473
Te        10.53967        7.29920        2.73481        2        -0.026866        1.007598        -2.442815
Te        13.69668        1.96442        5.69961        2        0.416009        -1.088656        -0.473254
Te        16.74575        3.54979        5.60910        2        -0.619708        -0.911915        -0.762939
Te        13.54815        1.72104        2.08442        2        -0.586105        0.670473        0.537669
Te        16.54710        10.45657        1.83074        2        0.532100        0.827569        0.346768
Te        13.71291        5.27841        5.74310        2        -1.095784        0.824386        1.065438
Te        16.57744        7.16438        5.51221        2        0.796303        -0.410019        0.188823
Te        13.34824        5.40071        2.00506        2        -0.129191        0.442966        0.017015
Te        16.46493        3.80269        1.86390        2        0.744085        -1.192900        0.877855
Te        13.90292        9.07437        5.83257        2        -1.289188        0.414782        -0.236609
Te        16.73796        0.02829        5.40641        2        -0.249260        -0.701045        1.140567
Te        13.51737        8.93657        1.97919        2        -0.645286        0.327510        0.901656
Te        16.63097        7.00390        2.28405        2        -0.382571        0.339362        -0.190563
