54
Lattice="19.173937585 0.000456147 -0.025753600 -0.000245476 10.515591813 0.000007040 0.013560576 0.000001770 30.000000000" Properties=species:S:1:pos:R:3:tags:I:1:forces:R:3 energy=-316.91535815 stress= -2.10222 -1.35280 -1.87912 1.26607 -1.80245 -0.06029 pbc="T T T"
Mo        2.15828        0.10506        3.97810        1        -0.296788        -0.455481        -0.432300
Mo        4.60860        1.63703        4.29742        1        -1.191456        1.159678        1.290033
Mo        2.07169        3.58335        3.99258        1        0.247262        -1.681956        0.410341
Mo        4.44513        5.02815        4.36685        1        0.680014        0.436407        1.297134
Mo        2.23500        6.85279        3.69219        1        0.260904        0.529351        1.865721
Mo        4.36024        8.71846        4.33672        1        0.249651        -0.923079        0.129860
Mo        8.60168        10.37857        4.07352        1        -0.007642        0.322929        1.065142
Mo        10.72647        1.72492        3.90359        1        1.321507        -0.194237        0.834799
Mo        8.61044        3.62129        3.83343        1        0.635451        -0.548412        1.480871
Mo        10.96250        5.25069        3.94084        1        -1.775961        1.197629        0.607051
Mo        8.52943        6.85277        4.11109        1        0.241524        0.966018        -0.028715
Mo        10.92589        8.67476        4.15907        1        -0.837069        -0.156324        0.196667
Mo        14.84946        10.32531        3.72205        1        0.085568        0.482295        -1.497464
Mo        17.02345        1.92250        3.69237        1        0.955647        0.528694        -1.333756
Mo        14.88449        3.71992        3.42219        1        0.332907        0.914840        1.120608
Mo        17.34092        5.51134        3.62277        1        -1.189124        -1.280314        -1.090173
Mo        14.90855        7.13599        3.50203        1        0.172514        -0.777250        -1.249699
Mo        17.23568        8.90056        3.57953        1        1.518990        0.835141        0.214731
Te        0.37507        1.56185        5.31691        2        0.200910        1.812120        0.237623
Te        3.62107        3.31761        6.35266        2        0.117745        0.210331        -1.233841
Te        6.03401        10.50245        2.91747        2        0.694426        -0.688234        -1.096075
Te        2.91601        1.72408        2.14928        2        0.812829        0.746789        -0.743601
Te        0.41273        5.32468        5.22429        2        0.481260        0.092329        0.248687
Te        3.52695        6.79729        6.28658        2        0.174231        0.520759        -1.568231
Te        6.18012        3.52807        2.72566        2        -1.284659        -0.299634        -0.074167
Te        3.24544        4.96647        2.11502        2        -0.944445        0.911480        -2.021501
Te        0.53742        8.74972        5.19148        2        -0.313625        -0.456000        -0.325909
Te        3.61004        10.42038        6.21314        2        0.306847        0.396475        0.544235
Te        6.07101        7.08417        2.71929        2        -0.321231        -0.753710        0.765390
Te        3.00250        8.83999        2.04113        2        -0.105165        -0.218495        -0.269621
Te        7.19197        1.65830        5.77250        2        -0.543198        0.427543        -0.718676
Te        10.53389        3.50785        5.88557        2        -1.007603        -0.158981        0.180923
Te        12.37998        10.48424        2.29495        2        -0.552404        -0.346242        0.815669
Te        8.75917        1.59032        1.99923        2        0.811041        0.475501        -0.173470
Te        6.99479        4.97152        5.72856        2        0.286883        0.669414        -0.483711
Te        10.38997        6.89813        6.32253        2        -0.172649        0.268365        -2.261511
Te        12.32513        3.63538        2.34854        2        0.093170        -0.774122        -1.024127
Te        9.01231        5.35570        1.83453        2        0.429213        -0.041732        0.972613
Te        6.86991        8.81509        5.65404        2        0.471166        -0.887311        0.170024
Te        10.43236        0.09534        6.21981        2        0.027494        -0.492686        -1.776151
Te        12.29527        7.02056        2.17993        2        0.177451        0.580503        0.936966
Te        8.93256        8.72835        2.10143        2        0.926654        -0.853481        0.232035
Te        13.35157        1.91226        5.14263        2        0.152486        -0.945572        -0.284698
Te        16.59096        3.75908        5.55134        2        -0.149785        -0.019803        0.187895
Te        19.08779        0.21826        2.14800        2        -0.698715        -0.750489        0.404072
Te        15.11707        1.71354        1.72581        2        0.850094        0.025960        -0.423247
Te        13.37780        5.14399        5.30551        2        0.838578        0.904384        -0.702855
Te        16.69541        7.21644        5.43442        2        -0.248350        -0.101635        2.173014
Te        18.90721        3.34393        2.15962        2        0.147141        0.840613        0.363564
Te        15.59719        5.48380        1.49046        2        0.048369        -0.574154        -0.052907
Te        13.69082        8.61126        5.35744        2        -1.810310        0.472940        0.964738
Te        16.80481        0.25457        5.56004        2        -0.969042        -1.925654        1.454048
Te        19.02367        7.11362        2.17203        2        0.039620        -0.159321        -0.472956
Te        15.56567        8.90974        1.51661        2        -0.361263        -0.261022        0.188455
