54
Lattice="19.174335959 0.000456436 -0.025753600 -0.000245188 11.952133320 0.000007040 0.013560858 0.000001769 30.000000000" Properties=species:S:1:pos:R:3:tags:I:1:forces:R:3 energy=-309.38778570 stress= -8.53265 -13.59953 -4.28621 0.22239 -0.45591 0.71086 pbc="T T T"
Mo        2.13722        11.83265        3.74444        1        0.251309        0.548472        0.534317
Mo        4.49153        1.75997        3.96065        1        0.285405        -0.358286        1.135072
Mo        2.02867        3.34046        4.11437        1        -0.039066        0.892186        2.538140
Mo        4.81239        6.78221        3.73446        1        1.485175        1.552844        1.810178
Mo        2.37922        8.33414        3.76354        1        -0.736764        0.907247        -0.876953
Mo        4.79529        10.35989        3.97907        1        -2.321608        -1.385883        -0.897070
Mo        8.82217        0.03221        3.46794        1        1.005212        -0.720999        0.204189
Mo        11.00295        2.14123        4.21523        1        -1.008975        0.982034        -1.416146
Mo        8.55068        4.21984        3.83492        1        0.200597        0.254546        1.703211
Mo        10.89829        6.01510        4.21422        1        0.657580        -0.326330        1.033909
Mo        8.43614        7.58421        3.99776        1        0.299790        0.159999        -0.043690
Mo        10.71842        9.61877        4.03860        1        -0.722468        -0.690813        2.339482
Mo        14.99979        11.71989        3.95387        1        -0.504255        -1.989866        -1.274339
Mo        16.89096        1.70435        4.08811        1        1.220204        0.607591        0.489661
Mo        15.32067        4.11992        3.53629        1        -0.556697        -0.427527        0.620970
Mo        17.39466        6.34383        3.89846        1        -1.118280        -0.103822        0.238286
Mo        15.04100        8.27839        3.72410        1        -1.159131        -1.187217        -0.296044
Mo        17.27187        9.57215        3.82522        1        -0.468907        0.891523        0.945619
Te        0.49647        1.73258        5.63949        2        -0.237026        0.172096        -1.166756
Te        3.85927        3.46795        6.09926        2        -0.593777        -0.530965        -1.536285
Te        5.98651        11.93567        2.22547        2        1.093340        0.935964        0.076250
Te        2.74217        2.13959        2.04741        2        -0.135751        -1.617941        -1.556308
Te        0.78664        6.11040        5.05861        2        -0.358440        -0.340883        0.022088
Te        3.94920        8.43528        5.91776        2        0.699609        -0.364085        -0.904346
Te        5.80239        4.43530        2.96951        2        0.302882        -1.391671        -0.412510
Te        2.65217        5.91037        2.71482        2        -0.587490        -0.840800        -1.078186
Te        0.47128        9.83751        5.12501        2        1.600652        0.088644        0.865318
Te        3.74755        11.83053        5.94680        2        0.048449        0.746845        -0.685326
Te        6.13200        8.20243        2.05030        2        -0.156202        0.084786        0.738927
Te        2.96870        10.20310        1.66896        2        0.008168        -0.388728        1.739869
Te        7.18161        1.90527        4.64074        2        0.052617        0.236249        0.309940
Te        10.19877        4.05877        6.13200        2        -0.011984        -0.197639        -1.307521
Te        11.86811        11.68070        2.71291        2        0.095232        1.248348        0.152371
Te        9.29645        2.34115        1.95358        2        0.450459        -0.408825        0.698106
Te        6.81753        5.93185        5.61153        2        0.523410        0.452107        -0.787470
Te        10.25300        7.72876        6.22367        2        -0.387589        0.650952        -1.517425
Te        12.64998        4.08494        2.70371        2        -0.871033        -0.395926        0.126136
Te        9.52879        5.87563        2.07359        2        -1.186332        0.735987        -1.344826
Te        7.23878        10.17504        5.14480        2        0.727260        -0.325427        -0.243778
Te        10.16090        0.16691        5.88107        2        0.147327        -0.713678        -0.814293
Te        12.37788        8.02885        2.59650        2        -0.189988        -0.142954        -0.139491
Te        9.10056        9.57388        1.92200        2        -0.009513        0.291593        0.588464
Te        14.04854        2.10479        4.97559        2        -1.127230        0.149363        0.817133
Te        16.73324        3.93329        5.89893        2        0.132497        0.366147        -0.975705
Te        18.66182        11.63850        2.84832        2        0.096046        1.795430        -0.953926
Te        15.13029        1.57358        2.01042        2        0.775670        1.000999        -0.654450
Te        13.59144        5.81954        5.17972        2        0.560806        0.820562        -0.008347
Te        16.65246        7.95971        5.86125        2        -0.231371        -0.076386        0.652644
Te        17.78370        4.13431        2.41606        2        0.549903        -1.357802        -0.250929
Te        15.02329        6.21564        1.76075        2        1.434362        0.659760        0.558744
Te        13.33228        9.86078        5.21986        2        -0.187662        0.146302        0.302219
Te        16.65683        11.74975        6.01279        2        0.152841        -0.668457        -0.336411
Te        18.81483        7.97289        2.30283        2        0.672532        -0.083566        -0.440074
Te        15.64367        10.13839        1.72859        2        -0.620876        -0.358161        0.721225
