54
Lattice="18.429676749 0.000008540 -0.000615361 -0.000005198 11.916711949 0.000045896 0.042448411 0.000094922 30.000000000" Properties=species:S:1:pos:R:3:tags:I:1:forces:R:3 energy=-316.48650743 stress= -8.79739 -20.30589 -1.54904 -0.32088 0.14052 -0.07327 pbc="T T T"
Mo        2.34460        11.76950        3.86633        1        1.027761        -0.279004        0.830336
Mo        5.34391        2.01844        3.84332        1        -0.331530        0.722705        0.741220
Mo        2.37933        3.90657        3.83128        1        -0.339035        0.044872        -0.593362
Mo        5.40665        5.98516        3.80167        1        0.394065        0.111694        0.042942
Mo        2.40283        7.76538        4.04045        1        -0.149232        1.135456        -0.095923
Mo        5.41324        10.05971        3.95176        1        0.459626        -1.011728        -0.785415
Mo        8.34489        0.16899        3.92220        1        -0.416271        -0.202279        -0.662102
Mo        11.40256        2.11020        3.85504        1        -0.200436        0.635692        -0.453815
Mo        8.36706        4.19913        3.89833        1        0.164591        -0.853167        0.169882
Mo        11.41617        6.00685        4.01352        1        -0.132818        0.349510        -0.944167
Mo        8.28773        8.11022        3.90083        1        0.406361        -0.210277        -1.113298
Mo        11.39557        10.03120        3.89774        1        0.130771        0.589961        -0.095583
Mo        14.57852        11.76453        3.84541        1        -0.047754        0.513256        0.857621
Mo        17.73315        1.84865        3.94623        1        0.358553        0.211964        0.459041
Mo        14.62770        3.87980        3.96815        1        -0.122308        0.699108        0.188532
Mo        17.74716        5.81849        4.04789        1        -0.412479        0.306918        1.229413
Mo        14.54933        7.86356        4.03432        1        0.088367        0.164401        0.278713
Mo        17.70996        9.67402        4.01640        1        0.703738        0.499361        0.684502
Te        1.55499        1.89319        5.58158        2        -0.701617        -0.051771        -0.124178
Te        4.41560        4.10458        5.54050        2        0.488596        -0.705812        0.089030
Te        1.35529        1.69375        2.13464        2        -0.048854        0.934508        -0.002244
Te        4.55331        0.03842        2.16987        2        -0.924483        -0.311510        -0.173139
Te        1.60443        5.74488        5.75389        2        -1.100822        0.205111        -0.292709
Te        4.56215        7.91907        5.61514        2        0.027715        0.124460        0.252263
Te        1.25782        6.03715        2.30276        2        0.803417        -0.939624        -0.880644
Te        4.40683        4.05726        1.96847        2        -0.173604        -0.412451        0.835177
Te        1.52584        9.79133        5.78971        2        -0.748029        -0.015099        -0.803625
Te        4.48136        11.85502        5.71317        2        -0.579094        0.739300        -0.511449
Te        1.39000        9.69248        2.24553        2        -0.166001        0.040345        0.223663
Te        4.41290        7.99094        2.20150        2        0.048763        0.144460        0.026779
Te        7.36570        2.15425        5.67284        2        0.078572        0.052655        -0.411510
Te        10.42566        4.03669        5.71877        2        0.072500        0.110840        -0.452641
Te        7.42979        2.14353        2.19744        2        0.212136        0.099873        -0.244972
Te        10.42332        0.23816        2.18305        2        0.160465        -0.708130        -0.428897
Te        7.47295        6.14366        5.62128        2        -0.406551        -0.337404        0.001931
Te        10.34486        8.18657        5.60620        2        0.630263        -0.707225        0.362146
Te        7.45370        6.00643        2.02499        2        -0.069609        0.560057        0.522852
Te        10.39147        4.20371        2.11275        2        0.702183        -0.281798        0.507959
Te        7.48356        10.08956        5.67500        2        -0.165281        -0.013699        -0.015903
Te        10.36861        0.20933        5.57477        2        0.941649        -0.276235        0.730094
Te        7.48165        10.06246        2.08397        2        -0.357407        0.167224        0.683617
Te        10.44904        8.10587        2.14543        2        0.018281        -0.448281        0.581985
Te        13.48097        1.98046        5.49294        2        0.698578        -0.677964        1.051896
Te        16.79630        3.85163        5.78573        2        -0.382838        -0.281865        -0.454942
Te        13.67268        1.91771        2.18193        2        -0.260849        0.207988        -0.041276
Te        16.87444        11.69275        2.30162        2        -0.671915        0.010410        -0.469752
Te        13.49312        5.86688        5.72843        2        0.497165        0.092956        -0.083746
Te        16.70324        7.81721        5.82918        2        -0.172554        -0.179909        -0.515264
Te        13.64487        5.93797        2.26292        2        -0.455755        -0.151395        0.398513
Te        16.73744        3.89401        2.33103        2        0.351134        -0.119953        -0.549840
Te        13.45716        9.92928        5.73986        2        0.341367        0.023986        -0.657046
Te        16.69448        11.80634        5.61923        2        -0.032377        -0.279027        0.195831
Te        13.55430        9.85663        2.22302        2        0.130766        -0.343409        -0.119858
Te        16.72076        7.72441        2.31691        2        -0.390844        0.296416        0.050044
