54
Lattice="20.272644424 0.000008540 -0.000615361 -0.000005198 10.639921383 0.000045896 0.042448411 0.000094922 30.000000000" Properties=species:S:1:pos:R:3:tags:I:1:forces:R:3 energy=-310.88825298 stress= -15.56444 -4.91015 -0.83153 -2.14918 0.92136 -0.55534 pbc="T T T"
Mo        2.74709        0.30041        4.15299        1        -0.312407        -0.462523        0.553367
Mo        5.93031        1.65748        4.20529        1        1.122053        1.277691        0.662102
Mo        2.81965        3.80028        4.06944        1        -1.856637        0.240365        -0.305638
Mo        5.78822        5.01938        3.91861        1        -0.162979        0.123229        1.258256
Mo        2.40541        7.46679        4.11447        1        1.389240        -1.410230        1.463555
Mo        5.90367        8.31298        4.13877        1        1.994207        1.880528        0.830440
Mo        9.17508        10.63253        3.83963        1        -0.177041        0.200541        -0.185931
Mo        12.80934        1.99535        3.73259        1        -1.722637        -0.323430        1.770170
Mo        9.05285        3.60670        3.68808        1        2.431798        -0.429080        1.266924
Mo        12.93800        5.60036        3.79876        1        -0.307205        -0.157285        -2.086351
Mo        9.37918        6.97932        3.87061        1        0.592821        0.545469        -0.423631
Mo        13.00595        9.20631        3.56797        1        -1.106659        -0.419152        -0.180438
Mo        16.49757        10.49055        3.80842        1        -2.831754        -0.935808        0.878575
Mo        19.51120        1.71869        3.90355        1        0.853451        -0.179368        -0.612035
Mo        16.12882        3.13303        4.03932        1        -0.126062        1.319898        -0.643153
Mo        19.26842        5.33952        4.05659        1        0.507868        -0.767429        0.056688
Mo        16.11616        6.97857        3.64377        1        -0.047767        -0.986259        0.353317
Mo        19.47262        8.96926        4.13639        1        -0.800966        -0.323914        -1.140658
Te        1.44545        2.24595        5.77334        2        0.007556        -1.163840        -0.271157
Te        4.72378        3.45205        6.04324        2        0.710946        -0.402644        -1.078297
Te        1.51995        1.92099        2.29838        2        0.354596        0.503025        0.392470
Te        5.20576        10.52933        2.58840        2        -2.246050        -2.029837        -1.327981
Te        1.25414        5.60363        5.86336        2        -0.079117        0.107514        -0.792875
Te        4.62655        6.73166        5.90566        2        -0.116981        0.173518        -0.826345
Te        1.36776        5.65861        2.42642        2        -0.147399        -0.677661        0.024371
Te        4.66009        3.10960        2.19163        2        0.672322        1.100444        0.622856
Te        1.21787        9.34052        5.87965        2        1.152150        -0.476638        0.038940
Te        5.20393        10.21537        6.01505        2        -1.125183        0.911274        -0.619084
Te        1.45185        9.20883        2.46929        2        -0.174460        0.533113        -0.874847
Te        4.74578        6.93499        2.25812        2        -1.188234        -0.395296        -0.131971
Te        8.27659        1.88046        5.55577        2        -0.215113        -0.448268        0.906052
Te        11.45430        4.07768        5.30266        2        -0.387296        -1.582126        0.770922
Te        7.96405        1.82121        1.98344        2        -0.180338        -0.753753        0.866776
Te        11.22979        0.45971        2.04129        2        1.085688        -0.831140        0.186914
Te        8.14304        5.36339        5.60886        2        -0.641652        -0.861753        -0.049248
Te        11.80706        7.43007        5.43648        2        0.112202        0.179528        -0.431581
Te        7.92561        5.28229        2.18817        2        -0.494672        0.939624        -1.519543
Te        11.73585        3.81556        2.03146        2        -0.542350        0.261792        -0.129404
Te        8.43669        8.68711        5.73959        2        -0.487388        0.366648        -0.384044
Te        11.51044        0.15732        5.46929        2        0.429282        0.379036        -0.775521
Te        7.97170        8.61103        2.25547        2        0.442346        0.549202        -0.110946
Te        11.66485        7.28628        1.93338        2        0.187463        0.317678        0.771709
Te        14.84972        1.43388        5.72362        2        0.176732        0.331617        -0.280239
Te        18.28657        3.29463        5.64287        2        0.017313        1.508152        0.985577
Te        14.94509        1.46430        2.36555        2        0.471504        -0.160267        -2.197140
Te        18.41123        10.51129        2.08809        2        1.519517        0.075233        -0.399718
Te        14.94081        5.10771        5.50674        2        0.605538        0.440124        0.292037
Te        17.89745        7.08223        5.71033        2        1.350005        0.071934        -0.227123
Te        15.28813        4.85244        2.03004        2        -0.823400        0.956877        0.569389
Te        18.18053        3.24219        2.17798        2        0.627359        1.170409        0.128082
Te        15.08071        8.78632        5.37416        2        -0.285698        -0.087732        0.051827
Te        18.32795        0.21662        5.69594        2        0.077849        -1.630476        1.193216
Te        15.16185        8.56654        1.65294        2        -0.061970        0.882526        1.318495
Te        18.46650        7.04137        2.21642        2        -0.196167        0.547546        -0.233231
