54
Lattice="18.429676749 0.000008540 -0.000615361 -0.000005198 12.767905659 0.000045896 0.042448411 0.000094922 30.000000000" Properties=species:S:1:pos:R:3:tags:I:1:forces:R:3 energy=-309.46481920 stress= -15.27441 -27.08264 -0.08911 -0.21662 -1.65454 -0.16307 pbc="T T T"
Mo        2.37997        12.68601        4.09799        1        -0.984922        0.122384        -0.824830
Mo        5.24998        2.15252        3.90823        1        0.624200        -0.331523        -0.082384
Mo        2.22646        4.30833        3.98126        1        0.421329        0.160844        0.407449
Mo        5.43415        6.51807        3.98127        1        -0.116902        -0.701576        -0.078949
Mo        2.40233        8.68414        3.90477        1        -0.005525        -0.936625        0.624489
Mo        5.35569        10.69088        3.95668        1        1.452103        -1.031377        -0.742385
Mo        8.25171        12.75063        3.84674        1        0.781986        -0.313050        0.577492
Mo        11.49261        2.03217        3.92779        1        -0.412780        0.623572        0.605072
Mo        8.36515        4.28662        3.90607        1        -0.322660        -0.239923        0.663474
Mo        11.46161        6.36391        4.00827        1        0.357320        -0.450416        -0.417684
Mo        8.40351        8.42296        3.84653        1        0.261762        0.304214        0.101414
Mo        11.52907        10.51566        3.79740        1        -0.710060        0.063470        0.837945
Mo        14.48582        12.70908        3.97752        1        -0.162082        0.118182        0.103577
Mo        17.46363        2.08791        3.79047        1        0.601695        0.442237        0.620476
Mo        14.57271        4.38754        3.97768        1        -0.295735        -0.941277        -0.212393
Mo        17.60653        6.62121        3.87612        1        0.812842        -0.601249        0.239686
Mo        14.69981        8.46418        3.91908        1        -0.662721        0.427167        0.935159
Mo        17.60624        10.61463        3.82124        1        -0.483323        -0.160786        1.044133
Te        1.20443        2.11763        5.58810        2        0.038601        -0.092643        0.123902
Te        4.43221        4.29883        5.63518        2        -0.304973        0.071540        -0.054645
Te        1.41074        2.05002        2.38213        2        -0.214321        0.072391        -0.368488
Te        4.40228        12.65551        2.28996        2        -0.107520        0.566694        -0.290154
Te        1.36233        6.62408        5.69206        2        -0.097648        -0.188750        -0.790031
Te        4.58155        8.61527        5.62433        2        -0.617302        -0.072305        0.181324
Te        1.54494        6.46173        2.30357        2        -0.745840        0.332250        0.038761
Te        4.39923        4.32233        2.32716        2        -0.079469        0.046431        -0.213248
Te        1.25136        10.68321        5.66023        2        0.268058        -0.246845        -0.163410
Te        4.53725        12.60557        5.65258        2        -0.169493        0.936042        0.695495
Te        1.32608        10.58445        2.23656        2        0.489731        0.624066        -0.195317
Te        4.57104        8.55371        2.21785        2        -0.404547        0.185833        0.101500
Te        7.38033        2.16596        5.58236        2        0.135687        -0.174309        -0.110949
Te        10.43981        4.23932        5.70958        2        0.367929        -0.211526        -0.609623
Te        7.47718        2.11706        2.18550        2        -0.651791        0.263384        0.279375
Te        10.43280        12.76600        2.22371        2        0.495457        -0.159748        -0.198965
Te        7.54849        6.37753        5.69948        2        -0.156713        0.168415        -0.541343
Te        10.58913        8.41708        5.50638        2        -0.226713        0.635349        0.614720
Te        7.48687        6.33280        2.19186        2        -0.186785        0.181506        0.086838
Te        10.43892        4.31002        2.25302        2        0.872213        -0.355784        -0.014153
Te        7.57746        10.52985        5.60861        2        -0.288783        0.275215        -0.405859
Te        10.52974        12.60008        5.49207        2        -0.145221        0.331419        0.052653
Te        7.48215        10.61088        2.11433        2        -0.282664        -0.025788        0.683119
Te        10.59531        8.37513        2.15308        2        -0.233028        0.089710        0.144116
Te        13.73437        2.11121        5.65957        2        -0.590438        0.174970        -0.314165
Te        16.77966        4.49594        5.53788        2        -0.054263        -0.391608        0.060471
Te        13.60906        2.06806        2.30963        2        0.109393        0.329235        -0.306696
Te        16.51362        12.70659        2.27852        2        0.677292        0.089850        -1.071503
Te        13.69312        6.32523        5.67253        2        -0.361380        0.606475        0.053855
Te        16.78074        8.55431        5.71767        2        -0.257790        0.143932        -0.787124
Te        13.60712        6.48090        2.30819        2        0.066436        -0.485949        -0.219160
Te        16.55768        4.34992        2.20426        2        0.624549        0.115484        -0.278627
Te        13.70117        10.59933        5.60456        2        -0.549453        -0.411308        -0.017943
Te        16.64033        12.75509        5.55880        2        0.296465        -0.083490        0.291945
Te        13.65006        10.51584        2.28823        2        0.492370        0.212093        -0.872359
Te        16.63303        8.57509        2.09239        2        0.556122        -0.088470        0.008993
