54
Lattice="19.535457354 0.000008540 -0.000615361 -0.000005198 10.639921383 0.000045896 0.042448411 0.000094922 30.000000000" Properties=species:S:1:pos:R:3:tags:I:1:forces:R:3 energy=-320.61422244 stress= -13.28443 -2.60453 -0.15568 0.38639 -0.43153 0.09063 pbc="T T T"
Mo        2.58486        10.59514        3.86421        1        0.081299        0.372022        0.264032
Mo        5.86641        1.78925        4.04960        1        -0.138929        0.732852        -1.409870
Mo        2.48844        3.50397        3.98376        1        0.629792        0.545295        -0.734152
Mo        5.79744        5.26841        3.93850        1        -0.315865        0.017101        0.084634
Mo        2.60291        7.12020        3.83998        1        -0.129981        0.176549        -0.155510
Mo        5.86903        8.79727        3.82754        1        -0.023910        0.165879        -0.787011
Mo        8.83777        10.55267        3.96940        1        0.786131        0.930037        -0.047742
Mo        12.20228        1.84202        3.95520        1        -0.693074        -0.572572        0.257709
Mo        8.96325        3.56496        4.04963        1        0.144594        -1.200000        -1.368127
Mo        12.21354        5.28262        3.94271        1        -0.227236        0.953897        -0.576381
Mo        8.97264        7.20900        3.89821        1        0.395502        -0.648223        0.661902
Mo        12.13192        8.77497        3.86943        1        0.686496        0.298568        0.063357
Mo        15.45683        0.00439        3.99045        1        0.053913        0.150666        -0.985472
Mo        18.76768        1.81686        3.98776        1        0.734016        0.020963        0.204856
Mo        15.42136        3.52124        3.88648        1        0.077560        0.206682        0.463050
Mo        18.74250        5.40517        3.98671        1        -0.035338        -0.185233        -0.011277
Mo        15.44881        7.06958        3.94710        1        0.501008        -0.485494        -0.140117
Mo        18.92475        8.90594        3.86620        1        -0.676074        -0.435983        0.318249
Te        1.51034        1.74251        5.70967        2        -0.651933        -0.404194        0.079272
Te        4.56439        3.59033        5.78952        2        0.661455        -0.374698        -0.273135
Te        1.49387        1.76788        2.15692        2        -0.696696        0.049000        0.140262
Te        4.73999        0.09343        2.11285        2        0.269365        -0.368695        0.452860
Te        1.48397        5.44110        5.61983        2        -0.482182        -0.393701        0.581651
Te        4.76537        7.08535        5.58591        2        -0.547337        0.062411        0.606601
Te        1.27770        5.26651        2.24091        2        0.686103        0.212143        -0.410903
Te        4.69652        3.51968        2.20788        2        -0.203249        -0.255451        0.248649
Te        1.49691        8.87042        5.66448        2        0.082867        -0.048804        -0.128947
Te        4.81143        10.56204        5.54281        2        -0.879772        -0.167186        1.141820
Te        1.53739        8.89297        2.03958        2        -0.294727        -0.242769        0.165889
Te        4.74011        6.99443        2.07460        2        -0.053483        0.177845        0.023234
Te        7.97316        1.65795        5.83902        2        -0.379725        0.610125        -0.126586
Te        11.05865        3.61131        5.73626        2        0.586776        -0.380705        0.445778
Te        7.92986        1.76882        2.12740        2        -0.239833        0.292263        0.940435
Te        11.00781        0.04114        2.22252        2        0.271947        -0.138743        0.032060
Te        7.90047        5.23485        5.75430        2        -0.297184        1.238237        0.160389
Te        11.08843        7.10090        5.69934        2        0.024187        -0.282958        -0.147793
Te        7.91672        5.39335        2.24659        2        0.017353        -0.563980        -0.428034
Te        11.00606        3.55586        2.19255        2        0.298883        0.078984        0.048129
Te        7.77010        8.81273        5.75636        2        0.477033        -0.144566        0.053353
Te        11.05993        10.52827        5.63724        2        0.094610        0.540065        0.155375
Te        7.99193        8.94487        2.06196        2        -0.682878        -0.609707        -0.417530
Te        11.07996        7.11243        1.98991        2        0.146048        -0.431928        0.980886
Te        14.34429        1.77447        5.71289        2        -0.014065        0.059916        0.062813
Te        17.60777        3.68338        5.71908        2        -0.095317        -0.708901        -0.000315
Te        14.19684        1.78122        2.12388        2        0.921357        -0.295068        0.299979
Te        17.74215        0.02469        2.21548        2        -0.538382        0.244918        -0.172745
Te        14.38861        5.27294        5.74030        2        -0.229746        0.079879        -0.455704
Te        17.63757        7.20573        5.67307        2        0.169893        0.086347        0.052393
Te        14.35701        5.30584        2.10230        2        -0.072202        -0.019656        0.485394
Te        17.65158        3.58057        2.27643        2        -0.113489        -0.087774        -0.567548
Te        14.34005        8.83741        5.66957        2        -0.362469        0.022340        0.264599
Te        17.64610        10.63697        5.69818        2        0.335316        0.056076        -0.149051
Te        14.36257        8.81309        2.23752        2        -0.095102        0.487374        -0.547322
Te        17.64113        7.05595        2.14008        2        0.066069        0.584226        0.307230
