54
Lattice="19.535457354 0.000008540 -0.000615361 -0.000005198 11.278316666 0.000045896 0.042448411 0.000094922 30.000000000" Properties=species:S:1:pos:R:3:tags:I:1:forces:R:3 energy=-315.99993832 stress= -17.17717 -15.79164 -4.32925 -1.21236 0.57553 0.75851 pbc="T T T"
Mo        2.47682        11.23826        4.11897        1        1.256829        0.616312        -0.349352
Mo        5.71473        1.81663        3.90915        1        0.337804        1.086813        -0.067524
Mo        2.19085        3.73485        3.97831        1        0.919133        0.682848        -1.230408
Mo        5.95939        5.87396        3.64818        1        -0.979204        -1.392831        0.512593
Mo        2.53146        7.52708        4.05974        1        -0.220660        0.355095        -1.248496
Mo        5.89808        9.37123        3.98192        1        -0.452793        1.253739        -1.128495
Mo        9.06374        11.23685        3.88052        1        0.095296        0.245823        -0.485333
Mo        12.24970        1.94894        3.89146        1        0.010990        0.309704        -0.339514
Mo        8.95207        3.73420        3.75973        1        1.363196        1.176526        0.345266
Mo        12.31169        5.75055        3.87761        1        0.981149        -0.480374        0.158296
Mo        9.05022        7.32122        3.72187        1        0.298291        0.556530        0.160617
Mo        12.14321        9.59207        4.01767        1        1.124195        0.101943        -1.444520
Mo        15.32762        11.24890        4.06964        1        0.912479        -0.978104        -0.664266
Mo        18.77025        1.67752        4.05474        1        -0.525790        0.450993        -1.289112
Mo        15.49834        3.60775        3.88776        1        -0.138321        0.704317        0.132590
Mo        18.54656        5.57952        4.08847        1        0.276124        0.575376        -1.653175
Mo        15.36088        7.63657        3.99033        1        0.969947        -0.198768        -0.723998
Mo        18.62747        9.25587        4.17280        1        0.362970        0.047430        -0.586142
Te        1.36679        1.85419        5.66813        2        -0.084966        -0.106582        1.495492
Te        4.50198        3.88882        5.48564        2        0.798192        0.012831        -0.304021
Te        1.42885        1.67055        2.22356        2        -0.518490        0.495213        0.397650
Te        4.63268        0.07536        2.19767        2        0.072384        -0.738682        0.684348
Te        1.26807        5.74152        5.67655        2        -0.013559        -0.605467        0.694326
Te        4.86035        7.49042        5.55251        2        -0.243904        -0.039473        0.805837
Te        1.16094        5.71277        2.29395        2        0.244997        -0.013966        0.247812
Te        4.51227        3.93652        2.17109        2        0.061691        -0.582056        0.483569
Te        1.39229        9.35340        5.80674        2        -0.053728        -0.121850        0.276868
Te        4.79028        0.04865        5.86175        2        -0.003022        -0.352624        -1.032961
Te        1.39740        9.52483        2.42138        2        -0.594792        -1.232184        -0.134116
Te        4.62887        7.72578        2.09419        2        0.143162        -0.132562        0.453564
Te        7.98790        1.98341        5.53200        2        -0.607234        -0.789405        0.285731
Te        11.28825        3.82157        5.63110        2        -0.855267        0.535158        -0.500834
Te        8.04383        1.84034        2.10159        2        -1.067555        -0.554184        0.052004
Te        11.27405        0.17841        2.14465        2        -0.824730        -0.766226        -0.040164
Te        7.91597        5.61512        5.59436        2        0.264404        -0.177050        -0.843820
Te        11.21417        7.66885        5.54870        2        -0.827668        -1.213591        0.613705
Te        8.02692        5.44819        1.78771        2        -0.122811        0.687394        1.014605
Te        11.31919        3.85058        2.08966        2        -0.491743        0.068334        0.528837
Te        8.17153        9.20862        5.61046        2        -0.603050        0.311292        -0.593901
Te        11.07592        0.27044        5.69247        2        0.016792        -0.721599        0.136879
Te        8.01108        9.31482        2.01206        2        -0.144946        0.069414        1.139479
Te        11.34138        7.60423        2.16680        2        -0.536931        0.228282        -0.236154
Te        14.25092        1.83514        5.65560        2        0.666905        0.545160        0.744246
Te        17.59436        3.71441        5.75134        2        -0.123458        -0.996505        -0.030493
Te        14.38863        1.72500        2.17162        2        0.292823        0.459083        0.110225
Te        17.58079        10.92222        2.28259        2        -0.039653        1.103132        0.914910
Te        14.59360        5.68626        5.63643        2        -1.322860        -0.908106        -0.069925
Te        17.45265        7.34953        5.86819        2        0.210312        0.790570        -0.325186
Te        14.53973        5.71410        2.11874        2        -0.385959        -0.396129        0.813408
Te        17.68194        3.52543        2.24045        2        0.159269        0.228563        0.469216
Te        14.19729        9.35385        5.83619        2        0.388377        0.590708        -0.411537
Te        17.60890        0.03419        5.84762        2        -0.458753        -0.784066        -0.219529
Te        14.33168        9.45888        2.14845        2        -0.269762        0.150158        1.057729
Te        17.52900        7.51100        2.20112        2        0.291745        -0.130816        1.208830
