54
Lattice="18.798270284 0.000008540 -0.000615361 -0.000005198 10.639921383 0.000045896 0.042448411 0.000094922 30.000000000" Properties=species:S:1:pos:R:3:tags:I:1:forces:R:3 energy=-321.75341663 stress= -5.38767 -1.64436 -3.16765 0.81521 -1.47449 -0.25431 pbc="T T T"
Mo        2.37546        0.06313        4.00917        1        0.385705        -0.410606        0.665339
Mo        5.53276        1.84674        3.83989        1        -0.089944        -0.337169        0.213772
Mo        2.52915        3.51105        3.94194        1        -0.740021        0.568343        0.421014
Mo        5.57039        5.34316        3.79544        1        -0.264008        -0.567770        1.409585
Mo        2.37378        7.16706        4.00960        1        -0.644592        -0.153391        1.206311
Mo        5.44591        8.78080        4.11350        1        0.393910        0.205158        -0.582944
Mo        8.62486        10.50988        3.86207        1        -0.018231        0.319191        -0.488369
Mo        11.61274        1.74353        3.92776        1        0.996967        -0.422392        -0.508726
Mo        8.56966        3.48852        3.73922        1        0.653510        -0.636026        1.065016
Mo        11.94717        5.40105        3.90880        1        -0.376261        -1.347584        0.084106
Mo        8.71607        6.90086        3.92944        1        -0.645630        0.846349        0.096669
Mo        11.75640        8.84050        3.98253        1        -0.847835        -0.270552        0.347689
Mo        14.82548        10.61941        3.81729        1        0.350055        0.353373        0.744549
Mo        18.09127        1.86883        3.93325        1        0.048158        0.350173        -0.196351
Mo        15.01913        3.52471        3.86369        1        -0.367179        0.073560        0.741941
Mo        17.96418        5.48249        3.84622        1        0.347557        -1.081799        0.696806
Mo        14.92607        7.12978        3.96230        1        0.391858        0.480775        0.610141
Mo        18.13541        8.99631        3.98359        1        -0.605747        -0.438648        0.377738
Te        1.32868        1.84394        5.79435        2        0.190493        0.018226        -0.224416
Te        4.53319        3.61967        5.75468        2        0.397016        -0.311765        -0.672086
Te        1.42223        1.82019        2.20681        2        -0.281755        -0.298475        -0.597876
Te        4.46545        10.53890        2.23637        2        -0.115527        0.343638        0.077948
Te        1.30257        5.29933        5.68946        2        -0.131982        0.187997        -0.279839
Te        4.46168        6.89736        5.80415        2        0.028871        0.732330        -0.152630
Te        1.36711        5.33146        2.21428        2        -0.095971        0.250552        -0.065490
Te        4.48576        3.59233        2.01927        2        0.051415        -0.087529        0.057184
Te        1.38513        8.98753        5.94681        2        -0.146245        -0.279545        -1.029899
Te        4.56373        0.15906        5.79196        2        -0.487521        -0.519089        -0.417160
Te        1.35533        8.92201        2.22877        2        0.101012        0.200542        -0.369175
Te        4.28605        7.12509        2.23855        2        1.098487        0.222463        -0.867013
Te        7.58213        1.67589        5.58626        2        0.301379        0.414902        -0.000756
Te        10.66692        3.57847        5.62690        2        -0.062592        -0.054059        -0.261516
Te        7.51339        1.65346        1.91183        2        0.381984        -0.048945        0.868077
Te        10.71978        10.53745        2.07321        2        -0.271724        0.259516        0.478794
Te        7.64720        5.18414        5.66889        2        -0.393873        -0.148696        -0.100060
Te        10.77268        6.89846        5.74970        2        0.094772        1.040882        0.182467
Te        7.66045        5.26023        2.03785        2        -0.460772        0.419264        -0.695977
Te        10.77266        3.59046        2.07364        2        0.030789        -0.019756        0.349500
Te        7.70438        8.76773        5.74730        2        -0.526882        -0.352748        -0.287962
Te        10.59768        10.51870        5.79242        2        0.363121        0.601740        -0.556023
Te        7.42142        8.68414        2.18024        2        0.471644        0.112659        0.484471
Te        10.69977        7.08000        2.16575        2        0.629921        0.008932        -0.418552
Te        13.79360        1.76490        5.64789        2        -0.068935        -0.022512        -0.427043
Te        17.06081        3.59991        5.71956        2        -0.104067        0.354119        -0.351240
Te        13.79776        1.83527        2.07636        2        -0.245496        -0.338535        0.379732
Te        17.02306        0.09495        2.14146        2        -0.064589        -0.162495        0.105041
Te        14.04177        5.20986        5.82033        2        -0.448363        0.502345        -0.897928
Te        17.01004        7.18642        5.75509        2        0.118344        0.207152        -0.286959
Te        14.05346        5.39809        2.18464        2        -0.565410        -0.518493        -0.820048
Te        17.04345        3.59666        2.03398        2        0.218891        0.101970        0.329464
Te        13.86171        8.91590        5.75491        2        -0.067123        -0.167941        -0.237044
Te        16.92909        0.12676        5.68126        2        -0.051019        -0.221224        -0.178157
Te        13.68174        8.79916        2.15714        2        0.998516        0.177662        -0.412879
Te        16.97133        7.32152        2.09601        2        0.128019        -0.166008        0.415828
