54
Lattice="19.940895089 0.000456147 -0.025753600 -0.000245476 10.721779888 0.000007040 0.013560576 0.000001770 30.000000000" Properties=species:S:1:pos:R:3:tags:I:1:forces:R:3 energy=-317.99502169 stress= -10.36185 -8.43236 -1.52099 -0.73521 0.35430 -0.26582 pbc="T T T"
Mo        2.30760        0.13184        3.70303        1        -0.359162        -0.119729        0.396334
Mo        4.55728        1.85792        3.95401        1        0.631469        0.198098        0.316278
Mo        2.29678        3.45893        3.85381        1        0.032008        0.094158        -0.123017
Mo        4.68688        5.44445        3.91091        1        0.267778        -0.117618        1.026367
Mo        2.18132        7.38264        3.93948        1        0.246609        0.432204        -0.885149
Mo        4.69614        9.13135        3.92837        1        -0.848051        0.840836        -0.880809
Mo        8.79262        0.17008        3.82126        1        1.027782        -0.194803        -0.203986
Mo        11.38173        1.71201        3.99972        1        -0.233541        0.223734        -0.050564
Mo        8.99551        3.36951        3.85997        1        -0.123151        0.702134        0.324891
Mo        11.37901        5.16235        4.03313        1        -0.460295        -0.076888        0.480935
Mo        8.82638        7.52760        3.94736        1        -0.859634        -0.297891        0.899419
Mo        11.09715        8.89989        3.98665        1        1.152177        0.307181        -0.212474
Mo        15.50224        10.58962        3.85616        1        0.024084        0.161847        -0.407460
Mo        18.00493        1.63092        4.00940        1        -0.209698        0.015873        0.167945
Mo        15.50094        3.29570        3.87364        1        0.894742        0.133492        -0.021088
Mo        18.00152        5.04743        4.04682        1        -0.362827        0.130859        -0.285104
Mo        15.57309        7.03254        3.86144        1        -0.502365        -0.208523        -1.423321
Mo        17.85514        9.11273        4.01689        1        -0.178865        0.673219        -0.130257
Te        0.67387        1.66035        5.54705        2        0.035965        0.071977        -0.953983
Te        4.04603        3.73322        5.96332        2        -0.133546        -0.145216        -0.770386
Te        6.41821        0.19995        2.30455        2        -0.723348        0.017293        0.371873
Te        2.90357        1.94702        1.72746        2        0.182375        -0.614219        0.559567
Te        0.69968        5.40127        5.12792        2        -0.372964        -0.442243        0.279577
Te        4.11667        7.38901        5.79043        2        -0.231237        -0.963150        0.692276
Te        6.43033        3.51800        2.72486        2        -0.207590        0.436718        -0.716293
Te        2.93050        5.49455        1.96349        2        -0.643375        -0.137654        0.345215
Te        0.43940        9.12806        5.41998        2        0.619542        0.020797        -0.544270
Te        3.98198        0.17127        5.90863        2        -0.334775        -0.329165        -0.339942
Te        6.27789        7.33184        2.44121        2        0.108938        -0.106057        0.218684
Te        2.91250        8.96182        1.87511        2        -0.068955        0.200791        -0.002102
Te        7.20495        1.82510        5.36937        2        0.035832        -0.046468        0.277324
Te        10.68088        3.40578        6.00604        2        0.008540        0.242941        -0.349357
Te        13.02252        0.01065        2.53974        2        -0.384777        -0.396573        -0.597114
Te        9.79029        1.87474        1.84600        2        -0.328362        -0.343506        -0.078930
Te        7.29783        5.30927        5.21112        2        0.270176        0.757721        -0.135671
Te        10.63140        7.02253        5.96866        2        -0.001501        0.127150        -0.425386
Te        13.08055        3.43611        2.42650        2        -0.449273        0.068495        0.456220
Te        9.44982        5.59723        2.19641        2        0.204607        -1.121362        -0.567720
Te        7.05941        9.22182        5.31855        2        0.926197        -0.432995        0.308658
Te        10.71999        10.70194        5.89245        2        -0.751988        -0.160774        0.498987
Te        12.78320        7.01830        2.53244        2        0.495948        0.337974        0.090188
Te        9.38880        9.10432        1.91216        2        0.446480        0.029310        -0.696613
Te        13.87920        1.65285        5.39621        2        0.055359        0.032871        0.236440
Te        17.21922        3.33526        5.96022        2        0.043064        0.643846        0.235165
Te        19.26713        10.61534        2.16418        2        0.776653        0.281319        0.707358
Te        16.33179        1.65064        1.89376        2        -0.488149        -0.529240        0.296568
Te        14.07194        5.30827        5.32466        2        -0.833223        -0.688052        0.194432
Te        17.24036        7.15776        5.85164        2        0.604136        -0.599727        0.201713
Te        19.69850        3.37938        2.54830        2        -0.428726        0.350046        0.059795
Te        16.25112        5.00572        1.92938        2        0.242204        1.186327        0.681711
Te        13.67183        8.82866        5.17544        2        0.809669        -0.006645        0.253988
Te        17.17943        0.04312        6.03474        2        -0.141096        -0.393868        -0.249104
Te        19.42526        7.25966        2.72318        2        0.413729        -0.851168        -0.001258
Te        16.12356        8.71448        1.86109        2        0.121947        0.590494        0.482913
