54
Lattice="19.557416337 0.000456147 -0.025753600 -0.000245476 10.515591813 0.000007040 0.013560576 0.000001770 30.000000000" Properties=species:S:1:pos:R:3:tags:I:1:forces:R:3 energy=-321.00342845 stress= -7.68014 -6.99992 -2.74473 -0.42569 0.08460 -0.05416 pbc="T T T"
Mo        2.18956        10.49610        3.71833        1        -0.001514        0.115852        0.297881
Mo        4.65836        1.72695        3.93689        1        -1.128339        -0.122268        0.149056
Mo        2.30635        3.41384        3.82774        1        -0.715836        0.524898        0.034816
Mo        4.68427        5.20096        4.00114        1        -0.659941        0.233571        -0.175889
Mo        2.20583        6.96290        3.82673        1        0.335678        -0.267356        0.531663
Mo        4.64343        8.73314        3.87067        1        -1.111445        0.137862        -0.140811
Mo        8.72656        0.03531        3.75553        1        0.021582        0.223737        0.614310
Mo        11.03080        1.73505        4.06643        1        -0.004011        0.108622        -0.319085
Mo        8.68511        3.48345        3.91362        1        0.621539        0.210417        0.047576
Mo        11.16145        5.23430        4.10512        1        -0.627466        0.498237        1.141418
Mo        8.72884        7.02838        3.99814        1        -0.122029        -0.044584        -0.348761
Mo        11.10251        8.65430        4.06245        1        -0.449023        0.259027        0.562196
Mo        15.14826        10.47117        3.70463        1        0.347272        0.280053        0.362956
Mo        17.54479        1.88252        4.03170        1        0.149139        -0.373351        -0.304536
Mo        15.21050        3.59284        3.83448        1        0.357553        -0.534723        0.359398
Mo        17.65521        5.25275        4.05410        1        -0.659025        -0.216732        0.288534
Mo        15.23437        7.03877        3.81755        1        -0.027986        -0.124450        -0.453893
Mo        17.62304        8.86759        3.80722        1        -0.394011        -0.472682        1.324238
Te        0.51301        1.83728        5.42173        2        0.524682        -0.244102        -0.439159
Te        4.04280        3.44437        5.92782        2        -0.232738        -0.000699        0.089723
Te        6.14549        0.08197        2.32520        2        0.534095        -0.661702        -0.071762
Te        2.84249        1.74261        1.79995        2        0.277500        -0.098189        0.189111
Te        0.59793        5.23701        5.52424        2        0.303691        0.069602        -0.670625
Te        3.99800        7.04001        5.91911        2        -0.202685        -0.396825        -0.476513
Te        6.30976        3.39950        2.41937        2        -0.379313        0.791574        0.261949
Te        2.92671        5.19029        1.85751        2        0.045877        0.099157        0.661291
Te        0.47806        8.89722        5.24786        2        0.393451        -0.392565        0.159026
Te        3.87752        10.38598        5.83448        2        -0.080093        0.729205        -0.056937
Te        6.24640        6.97203        2.44519        2        0.367722        -0.148195        0.070663
Te        2.80697        8.63946        1.81946        2        0.121931        0.470444        -0.014620
Te        7.07912        1.67651        5.37099        2        0.162024        0.203969        0.049282
Te        10.41509        3.53218        6.05565        2        -0.049930        -0.480133        -0.213954
Te        12.60474        10.38084        2.41277        2        -0.089045        0.591680        0.285458
Te        9.31610        1.89332        1.82771        2        0.521416        -0.652252        0.683993
Te        7.12595        5.30518        5.48336        2        -0.101052        -0.388270        -0.156752
Te        10.38386        6.97653        6.19765        2        0.377455        0.064180        -1.181776
Te        12.59704        3.51134        2.55419        2        0.618340        -0.265738        -0.405492
Te        9.49114        5.32138        2.04915        2        -0.489541        -0.176006        -0.218579
Te        6.95880        8.89419        5.29694        2        0.970558        -0.387488        0.177510
Te        10.34604        10.44510        6.00935        2        -0.004377        0.225437        -0.623831
Te        12.71650        6.91624        2.49668        2        -0.035569        0.336063        0.127907
Te        9.37919        8.70681        1.99034        2        0.079374        -0.038477        -0.685139
Te        13.64452        1.83251        5.31590        2        -0.411869        -0.575827        0.008278
Te        16.86667        3.45424        6.08053        2        0.037855        0.759987        -0.777804
Te        19.16870        0.10791        2.40728        2        0.161872        0.087319        -0.315745
Te        15.88534        1.79649        1.89349        2        -0.028896        0.186261        -0.323494
Te        13.71211        5.28113        5.43794        2        -0.278447        0.297078        0.008563
Te        16.90077        7.09442        5.89208        2        0.439275        0.185893        -0.065230
Te        19.17370        3.54611        2.42175        2        0.325055        -0.187902        0.311670
Te        15.92517        5.27338        1.89337        2        0.200134        0.153772        -0.049811
Te        13.60003        8.84449        5.33368        2        0.145669        -0.453093        0.113873
Te        16.79051        0.01920        5.84672        2        0.315043        -0.260917        -0.199642
Te        19.28627        6.93252        2.51482        2        -0.318091        0.191146        -0.303955
Te        15.86455        8.74838        1.75413        2        -0.143910        -0.078460        0.061256
