54
Lattice="18.798270284 0.000008540 -0.000615361 -0.000005198 10.639921383 0.000045896 0.042448411 0.000094922 30.000000000" Properties=species:S:1:pos:R:3:tags:I:1:forces:R:3 energy=-319.19442903 stress= -5.17508 -0.91725 -2.21221 0.35956 -0.12004 -1.09524 pbc="T T T"
Mo        2.46537        0.09620        4.05646        1        -0.786695        0.580532        0.419802
Mo        5.58528        1.88675        4.03648        1        -0.120554        -0.315553        -1.194873
Mo        2.25781        3.50772        3.95174        1        0.555324        0.331669        -0.118447
Mo        5.48387        5.36617        3.95247        1        -0.525637        -1.841895        0.024244
Mo        2.48591        7.15461        3.80516        1        0.596498        -1.129411        0.986995
Mo        5.50107        8.85854        3.98618        1        0.918243        -0.857496        -0.070397
Mo        8.56802        0.00819        3.93890        1        0.097795        0.134138        -0.366020
Mo        11.88746        1.99140        3.87515        1        -0.748246        -1.072095        -0.459398
Mo        8.80241        3.49725        3.96140        1        -0.428719        -1.935333        -0.980024
Mo        11.76339        5.47732        3.91239        1        -1.007336        -1.136176        -0.345982
Mo        8.54326        7.07996        3.93660        1        0.967738        0.945846        -0.969742
Mo        11.94789        8.95676        3.86607        1        -0.226078        -2.120355        0.664447
Mo        14.64619        10.62204        3.99752        1        1.352194        -0.203384        0.538291
Mo        18.17106        1.63016        4.02039        1        -0.355639        1.770044        0.448210
Mo        14.85578        3.52673        3.79031        1        0.374295        -0.854637        -0.656788
Mo        17.83574        5.20881        3.82369        1        1.222414        0.756348        -0.167315
Mo        14.92613        7.34511        3.94420        1        0.294288        -2.195684        0.480715
Mo        18.14352        8.67820        3.84632        1        -0.402119        0.932595        0.863937
Te        1.33281        2.00198        6.00403        2        -0.031061        -1.318343        -1.020336
Te        4.42535        3.51221        5.87629        2        -0.222852        0.533703        -1.116516
Te        1.32126        1.71580        2.07723        2        0.248248        0.099180        0.919628
Te        4.52093        0.08722        2.27175        2        -0.020191        0.076641        -0.091633
Te        1.21122        5.45457        5.56048        2        0.121695        -0.626240        -0.209196
Te        4.59335        6.93662        5.84799        2        -0.896683        1.325988        -0.444215
Te        1.28165        5.31738        2.03064        2        -0.207576        0.028668        0.857325
Te        4.31844        3.62932        2.12837        2        0.540170        -0.446058        0.824898
Te        1.45905        8.73187        5.69668        2        -0.303299        0.988186        0.102172
Te        4.59029        10.60069        5.77418        2        -0.409521        0.550465        0.331187
Te        1.49679        9.01924        2.23129        2        -0.393322        -0.292245        -1.152553
Te        4.59125        7.03025        2.08209        2        -0.282133        0.851408        -0.131657
Te        7.58266        1.69770        5.80386        2        0.678524        0.613861        -0.099737
Te        10.72444        3.49321        5.74753        2        0.784673        1.131351        0.414235
Te        7.70425        1.83709        2.00357        2        -0.414616        -0.352880        1.256034
Te        10.74623        0.01667        2.25866        2        -0.137826        0.892307        -0.808954
Te        7.63232        5.20668        5.55110        2        -0.207514        0.479184        1.958589
Te        10.74364        7.20706        5.72440        2        -0.205931        -0.010721        -0.614681
Te        7.55906        5.05238        2.26007        2        0.049136        1.786538        -1.132442
Te        10.82424        3.73152        2.02437        2        -0.101357        -0.403181        0.553128
Te        7.70331        8.87261        5.81456        2        -0.730899        -0.256511        -0.476217
Te        10.76817        10.62886        5.60105        2        0.247968        0.929501        0.182429
Te        7.48846        8.97692        2.07586        2        0.272848        -0.763649        0.644296
Te        10.57986        7.16684        2.04131        2        0.534537        0.298336        0.853638
Te        13.86743        2.03881        5.68304        2        -0.460652        -1.629873        0.859563
Te        16.81301        3.47086        5.60505        2        0.920884        -0.168571        0.500907
Te        13.86763        1.53449        2.00403        2        -0.234097        1.530464        0.043697
Te        16.97324        0.04846        2.32464        2        -0.427231        -1.459528        -0.472687
Te        13.79701        5.25388        5.63099        2        0.624885        1.303285        -0.018733
Te        17.11304        7.02369        5.67259        2        -0.918803        0.092809        0.319631
Te        13.88243        5.36260        2.15185        2        -0.319669        0.929556        -0.116387
Te        16.96869        3.36137        2.06041        2        0.208829        -0.181089        0.167213
Te        13.85594        8.78237        5.94959        2        -0.276059        0.784035        -0.704272
Te        16.88992        10.52999        5.78274        2        0.428706        -0.271012        -0.994980
Te        13.97582        8.83868        2.01813        2        -0.736996        0.613709        -0.116138
Te        16.88955        7.00942        2.06042        2        0.530556        0.541271        -0.186417
