54
Lattice="18.798270284 0.000008540 -0.000615361 -0.000005198 10.852719811 0.000045896 0.042448411 0.000094922 30.000000000" Properties=species:S:1:pos:R:3:tags:I:1:forces:R:3 energy=-320.32435342 stress= -5.69884 -4.79787 -0.82314 -0.05434 -2.00648 0.15407 pbc="T T T"
Mo        2.50301        0.12023        3.99833        1        -0.536831        -0.152432        -0.441777
Mo        5.67991        1.84271        3.71504        1        -1.409563        -0.156440        2.074574
Mo        2.36161        3.66918        3.98106        1        0.727819        -0.336043        -1.160807
Mo        5.48315        5.36827        3.78170        1        0.090567        0.775096        1.460034
Mo        2.38513        7.20288        3.91189        1        -0.662465        0.894241        1.002725
Mo        5.49727        8.90862        3.90422        1        -0.045633        0.381617        0.539930
Mo        8.44073        10.80518        4.02115        1        1.536753        -0.048906        -0.695613
Mo        11.70306        1.84336        3.80864        1        -0.300045        0.409484        -0.182877
Mo        8.62235        3.39203        3.70335        1        0.854846        0.637940        1.476844
Mo        11.66511        5.32352        4.02939        1        -0.284257        1.609913        -0.529834
Mo        8.72341        7.18301        4.09821        1        -0.224894        0.946700        -0.444277
Mo        11.84685        9.00402        4.05589        1        0.585539        0.065515        0.185098
Mo        14.85351        0.04254        3.85902        1        0.240816        -0.265400        0.393136
Mo        18.00264        1.85149        3.85256        1        0.156071        -0.021215        -1.331716
Mo        14.89834        3.50293        3.78808        1        0.417848        1.116813        0.130501
Mo        18.00164        5.38541        3.90394        1        0.261572        -0.204850        0.510037
Mo        14.86925        7.33002        4.09443        1        0.829890        -0.574032        -0.663390
Mo        18.12096        9.22387        4.17508        1        0.498340        -0.785528        -1.569989
Te        1.20715        1.87168        5.67995        2        0.726047        0.030662        0.279543
Te        4.54442        3.58274        5.63256        2        -0.092215        -0.053168        -0.271260
Te        1.44294        1.89213        2.16161        2        -0.529114        -0.255886        0.030750
Te        4.43074        10.73368        2.13122        2        0.691988        0.567815        -0.158371
Te        1.23312        5.35801        5.67098        2        0.359266        0.680029        0.647677
Te        4.44450        7.09770        5.70652        2        0.210265        0.028955        -0.275616
Te        1.36012        5.50410        2.13050        2        -0.543238        -0.545133        0.028876
Te        4.48332        3.66986        2.04325        2        -0.513218        -0.651349        -0.260938
Te        1.60510        9.17416        5.80116        2        -0.655989        -0.472287        -0.175553
Te        4.70374        0.10016        5.61268        2        -0.498618        -0.191658        -0.051552
Te        1.38461        9.20157        2.18631        2        -0.398967        -0.354348        0.939844
Te        4.34595        7.23892        2.13924        2        0.676838        -0.319664        -0.835017
Te        7.63034        1.79945        5.80863        2        -0.283793        0.268442        -1.063685
Te        10.64516        3.56201        5.74193        2        -0.246594        -0.489845        -0.717641
Te        7.56676        1.57171        2.00511        2        1.063301        0.257310        -1.031458
Te        10.69122        10.66651        2.24185        2        -0.422220        0.738971        0.147150
Te        7.61353        5.26958        5.57927        2        -0.228629        -0.383943        0.044366
Te        10.86057        7.34911        5.95822        2        -0.490415        -1.002009        -0.694535
Te        7.64061        5.44934        2.15650        2        0.231621        -0.144276        -0.168771
Te        10.75747        3.78575        1.92650        2        -0.317369        -0.981266        0.928945
Te        7.48151        9.03596        5.77082        2        0.255535        -0.780846        0.402608
Te        10.76279        0.02464        5.72648        2        -0.604268        0.160028        -0.492836
Te        7.62873        8.89757        2.21763        2        -0.181051        0.035046        0.080903
Te        10.69098        7.33476        2.27427        2        0.439841        -0.902365        0.106149
Te        13.71605        1.82264        5.53045        2        0.462552        0.013995        0.932444
Te        16.90851        3.48790        5.64211        2        -0.057066        1.008720        0.053419
Te        13.81117        1.83692        2.02065        2        -0.219272        -0.598464        -0.301907
Te        16.93507        10.70749        2.15255        2        0.712301        0.807161        0.201150
Te        13.89370        5.32972        5.59933        2        -0.140635        -0.254233        0.791724
Te        17.16898        7.27158        5.82416        2        -0.723744        -0.156009        -0.133718
Te        13.73838        5.49872        2.24787        2        0.499030        -0.054579        0.024008
Te        17.01427        3.72482        1.97284        2        -0.167808        -0.632162        0.481237
Te        14.05944        9.15739        5.82700        2        -0.887274        0.161675        0.119595
Te        17.00463        0.24006        5.73063        2        -0.650496        -0.725108        0.233082
Te        13.87427        8.98139        2.19099        2        -0.246414        0.197864        -0.043672
Te        16.99916        7.30734        2.40353        2        0.026790        0.703108        -0.549078
