54
Lattice="18.429676749 0.000008540 -0.000615361 -0.000005198 11.491115093 0.000045896 0.042448411 0.000094922 30.000000000" Properties=species:S:1:pos:R:3:tags:I:1:forces:R:3 energy=-317.28614224 stress= -5.00745 -14.93122 -2.22773 0.82634 0.88099 -0.19203 pbc="T T T"
Mo        2.42755        11.48167        3.84285        1        0.137823        -0.760456        -0.260876
Mo        5.38910        2.01486        3.80969        1        -0.856245        -0.085278        -0.089113
Mo        2.25588        3.86842        3.97558        1        -0.275284        -0.453420        0.075719
Mo        5.34553        5.79627        4.04728        1        -1.083621        -1.048909        0.190984
Mo        2.06697        7.57646        3.91049        1        0.958465        0.572866        -0.647255
Mo        5.17447        9.59450        3.77707        1        1.547201        -0.717329        0.727296
Mo        8.34949        0.10921        3.79618        1        0.319933        -0.962319        1.276148
Mo        11.81285        1.96108        3.89898        1        -2.952280        0.609636        -0.543469
Mo        8.53102        3.89680        3.84676        1        -1.013632        -0.935397        0.601576
Mo        11.57016        5.76349        4.06453        1        0.683017        0.090024        0.550515
Mo        8.34044        7.68747        3.93748        1        0.186142        -0.408490        -0.585161
Mo        11.60781        9.84785        3.84195        1        -1.079736        -1.139559        -0.018415
Mo        14.77608        11.43204        3.89015        1        -1.159871        0.324465        -0.810321
Mo        17.80682        1.79242        3.99133        1        0.180087        0.946978        -0.737372
Mo        14.62401        3.59510        4.07538        1        1.595533        1.060402        0.847847
Mo        17.56343        5.69768        4.14943        1        0.450878        -0.142993        0.240621
Mo        14.63018        7.67341        4.01380        1        -0.679565        0.065860        -0.036789
Mo        17.71309        9.53035        3.70749        1        0.227427        1.296095        1.923825
Te        1.45589        1.73305        5.73999        2        0.014821        0.550246        -0.448142
Te        4.30453        3.73542        5.79083        2        0.328641        0.600673        -0.837934
Te        1.45942        1.81144        2.18204        2        -0.494725        0.972535        -0.122966
Te        4.62133        0.06050        1.98297        2        -1.386694        0.121528        0.348995
Te        1.25404        5.78521        5.80059        2        -0.126354        -0.458973        -0.129820
Te        4.13501        7.68533        5.73183        2        0.560067        0.111153        -0.707436
Te        1.04855        5.64854        2.14639        2        0.525208        0.117565        0.881316
Te        4.26494        4.07097        2.14165        2        0.276090        -0.680751        0.603755
Te        1.35350        9.60169        5.66318        2        -0.491790        -0.067927        -1.045232
Te        4.49116        11.48090        5.56575        2        -0.335824        0.458258        0.134194
Te        1.24337        9.65475        1.90030        2        0.819236        -0.515775        0.940602
Te        4.30430        7.49650        2.22328        2        -0.774312        0.632674        -0.190591
Te        7.31601        1.97437        5.59812        2        1.177436        0.151098        0.021156
Te        10.51185        3.89631        5.69256        2        0.553551        -0.607438        0.108888
Te        7.48294        1.89078        2.06307        2        -0.086627        1.318210        -0.367004
Te        10.45014        0.22435        2.08582        2        0.930233        -0.223230        0.247873
Te        7.41362        5.71033        5.69654        2        0.695947        0.285735        0.260860
Te        10.51238        7.84013        5.56350        2        0.228961        0.171464        0.444868
Te        7.30712        5.66535        2.22834        2        0.712276        0.829790        -0.524444
Te        10.64083        4.04621        2.16490        2        0.272047        -0.718181        0.057490
Te        7.31064        9.56910        5.61895        2        -0.037930        0.311202        -0.578239
Te        10.48889        0.18759        5.63671        2        0.001100        -0.122454        -0.589693
Te        7.34534        9.54115        2.06971        2        0.299112        -0.097575        0.482059
Te        10.60076        7.58494        2.27648        2        -0.300402        0.885687        -0.179709
Te        13.71642        1.67695        5.63706        2        0.110045        -0.093324        1.668697
Te        16.74551        3.43780        6.00138        2        -0.197617        0.952757        -1.273187
Te        13.79630        2.01741        2.10173        2        -0.131494        -0.999000        -0.227364
Te        16.71844        0.11050        2.06657        2        0.512737        -0.492197        -0.094624
Te        13.82702        5.61063        5.90286        2        -0.886742        0.385516        -0.852165
Te        16.60462        7.78688        5.74244        2        0.801800        0.079414        0.059896
Te        13.72738        5.59614        2.47151        2        -0.187521        0.463195        -0.857036
Te        16.73838        3.85631        2.39992        2        -0.246411        -0.946119        -0.336677
Te        13.54756        9.68186        5.69587        2        0.557176        -0.192724        -0.179623
Te        16.86966        11.42266        5.55944        2        -0.494304        -0.998323        0.919444
Te        13.63471        9.57534        2.10304        2        0.450563        -0.020802        0.310248
Te        16.73625        7.56721        2.27916        2        -0.877551        -0.503511        -0.668101
