54
Lattice="19.174335959 0.000456436 -0.025753600 -0.000245188 11.849097688 0.000007040 0.013560858 0.000001769 30.000000000" Properties=species:S:1:pos:R:3:tags:I:1:forces:R:3 energy=-309.23004182 stress= -7.59425 -13.79989 -5.26504 1.67204 -2.37424 0.62738 pbc="T T T"
Mo        2.02946        11.59769        3.93555        1        0.436076        -0.141827        -0.107214
Mo        4.31199        1.27846        4.04314        1        0.249490        0.517048        -1.434227
Mo        1.88290        3.26037        3.71543        1        -0.240670        1.169654        1.570675
Mo        5.18363        6.80381        3.79293        1        -1.353663        0.053237        -1.214751
Mo        2.19527        8.37271        4.07975        1        0.941495        -0.746380        -1.272765
Mo        4.51336        9.88184        4.04813        1        -0.048701        0.185884        -0.439412
Mo        8.61212        11.76512        4.06243        1        -0.690694        0.078199        -1.147864
Mo        10.98212        1.51430        4.06375        1        -0.630761        0.966481        0.611287
Mo        8.45579        3.46639        3.80007        1        0.285153        0.135735        0.802242
Mo        10.85021        6.46391        3.81185        1        -0.062227        -0.699383        0.066379
Mo        8.65253        8.23316        3.52254        1        -1.301095        -0.505917        1.019615
Mo        10.89079        10.01655        4.15617        1        0.057006        -0.198735        -0.131132
Mo        15.24639        11.69623        3.44174        1        -0.700648        1.187415        3.000773
Mo        16.92146        2.21216        4.12592        1        0.436350        -0.568499        -1.413353
Mo        14.76212        4.19262        3.81820        1        0.827904        0.361851        -0.431019
Mo        17.45185        6.14635        4.00557        1        -1.095759        -0.077996        -0.580656
Mo        14.95607        8.06778        3.76618        1        0.171933        0.209855        1.350046
Mo        17.31163        9.77102        4.10202        1        -0.892767        -0.688438        -0.409721
Te        0.38208        1.66269        5.29385        2        0.465182        1.013980        0.079578
Te        3.78613        3.43207        5.41082        2        0.191221        0.891317        0.668292
Te        5.98432        11.76412        2.38835        2        0.261207        0.104300        0.670518
Te        2.40939        1.61025        1.93425        2        0.934602        -1.245633        -1.130694
Te        0.85808        6.02476        5.16099        2        0.027199        -0.296326        -0.668676
Te        4.10187        7.96046        5.97082        2        0.016765        0.230432        -0.284767
Te        5.82747        3.71032        2.91357        2        0.126162        0.337441        0.172590
Te        2.97072        6.03351        2.42672        2        -0.072971        -0.011928        0.963348
Te        0.66596        9.82117        5.75381        2        -0.231769        0.202592        -0.307407
Te        3.83375        11.67800        6.12259        2        -0.440940        -0.913470        -0.432016
Te        5.96782        8.39735        1.76055        2        0.243293        -0.119409        1.940374
Te        2.65914        9.75736        1.75607        2        0.309829        0.835649        1.876098
Te        7.15650        1.87042        5.66948        2        -0.317354        -0.499171        -0.848291
Te        10.25710        3.63889        5.73893        2        0.029628        0.451624        -0.410890
Te        12.17789        11.70830        2.31465        2        1.694422        -0.077469        0.299683
Te        9.38598        1.75282        2.01648        2        -1.215096        -0.178250        -0.498614
Te        7.25540        6.00897        5.10076        2        0.886154        -0.424534        -0.038337
Te        10.04702        8.02870        5.86857        2        0.357528        0.104197        -0.485304
Te        11.99385        3.93434        2.61758        2        0.944174        0.407109        0.644148
Te        8.97320        5.79949        1.95519        2        0.145577        0.523629        0.728390
Te        6.98978        9.90150        5.52373        2        0.579435        -0.013569        -1.165542
Te        10.25716        0.00881        6.22169        2        0.311294        -0.504085        -0.901708
Te        12.32670        8.13502        2.30423        2        0.168972        -0.142337        0.796459
Te        9.40764        10.15575        1.84437        2        -0.452678        -0.101462        0.642009
Te        13.53158        1.83981        4.89361        2        1.138599        -0.089664        -0.138520
Te        16.66211        4.01019        5.94918        2        -0.616411        1.472556        -0.060921
Te        18.40540        11.84921        2.92665        2        0.627170        0.937981        -1.371144
Te        15.49908        2.15298        1.80002        2        -0.213652        0.025217        0.837714
Te        13.37987        6.03714        5.25919        2        -0.353678        -0.027449        -0.344889
Te        16.71197        7.90027        5.83556        2        -0.405038        -0.302007        1.482186
Te        18.57972        4.03197        2.67918        2        0.159112        -0.445974        -0.097678
Te        15.55941        6.40829        1.90790        2        0.523503        -2.446552        -0.228871
Te        13.60202        9.62103        5.44669        2        -0.870655        1.411836        -0.505107
Te        16.86885        0.17398        5.88480        2        -1.662839        -1.101590        -0.342123
Te        19.00713        8.31160        2.64773        2        -0.634568        -1.010021        -0.154067
Te        15.43623        9.76849        1.81143        2        0.949200        -0.211302        -1.246870
