54
Lattice="18.429676749 0.000008540 -0.000615361 -0.000005198 11.491115093 0.000045896 0.042448411 0.000094922 30.000000000" Properties=species:S:1:pos:R:3:tags:I:1:forces:R:3 energy=-312.12966228 stress= -2.16929 -12.27897 1.76204 2.38390 -0.10530 -0.26564 pbc="T T T"
Mo        2.44925        11.40229        3.95609        1        -2.712711        -0.683853        -1.952743
Mo        5.42295        1.74497        3.93887        1        0.213401        1.361784        -1.286649
Mo        2.35029        4.02345        4.03380        1        -2.065611        -0.215517        -1.700995
Mo        5.38760        5.81135        3.47190        1        1.585568        -0.675802        1.734420
Mo        1.92959        7.66693        3.96526        1        0.847015        -0.585985        -1.220139
Mo        5.38244        9.71215        3.96469        1        0.127399        -0.311600        -0.480041
Mo        8.65778        0.26228        4.02228        1        -2.363431        0.214383        1.739324
Mo        11.74154        1.87339        3.98686        1        -0.835075        -0.817911        -0.431166
Mo        8.48898        3.72476        3.96169        1        -0.639548        -0.536006        0.824164
Mo        11.35161        5.78512        3.77255        1        2.032054        -1.183639        -0.699986
Mo        8.43813        7.66842        3.90245        1        1.170964        -0.107372        -0.762215
Mo        11.37988        9.66722        3.99609        1        0.069474        1.444214        1.053180
Mo        14.88557        0.23358        4.15888        1        -0.898814        -0.998038        -0.489549
Mo        17.63673        1.64594        3.98884        1        1.321297        1.042687        -0.103586
Mo        14.66627        3.73298        3.86689        1        -1.120474        0.631843        0.886662
Mo        17.66386        5.63491        3.72213        1        -0.122363        0.325918        1.859775
Mo        14.37116        7.64240        4.10192        1        1.104563        -1.031144        -0.804110
Mo        17.78244        9.68757        3.88268        1        -2.476929        -0.141944        0.793928
Te        1.53468        1.95616        5.64698        2        -1.003311        -0.267538        0.136280
Te        4.42817        3.99454        5.40823        2        2.055506        0.072551        1.696430
Te        1.55900        1.96717        2.33639        2        -1.092999        -0.444760        0.018493
Te        4.33169        11.37596        2.02423        2        0.699595        0.195390        0.443272
Te        1.23092        5.95377        5.90963        2        -0.342769        -1.353321        -1.410851
Te        4.45245        7.41504        5.46942        2        -0.629963        1.243810        0.049157
Te        1.06994        5.28499        1.90343        2        1.173763        1.507489        0.331770
Te        4.45138        3.69358        2.22913        2        -0.531856        -0.068129        -1.392834
Te        1.10479        9.27394        5.83611        2        1.300544        1.544228        0.112633
Te        4.28275        0.12898        5.58661        2        1.755553        -1.514711        3.266529
Te        1.06057        9.72211        1.98426        2        1.680097        -0.503908        0.221165
Te        4.05543        7.80751        2.31509        2        0.623090        0.337318        -1.025340
Te        7.23404        2.02241        5.94153        2        1.118497        -0.256817        -1.155543
Te        10.65454        3.68226        5.62156        2        -0.687863        1.045295        0.408443
Te        7.53965        2.06398        2.15861        2        -0.740596        -1.306913        -0.034373
Te        10.43726        0.39208        2.19517        2        1.628329        -1.849364        -0.858280
Te        7.50987        5.60798        5.46321        2        -1.120767        1.291128        0.458594
Te        10.57190        7.53618        5.52098        2        -0.751111        1.063970        1.445908
Te        7.77705        5.56387        1.95118        2        -1.006594        1.010304        0.648087
Te        10.48502        3.62870        2.30728        2        1.291514        0.722875        -1.414358
Te        7.40816        9.63359        5.79692        2        0.536961        -0.027949        -0.829736
Te        10.47047        0.23322        6.00564        2        0.744261        -0.763449        -1.156060
Te        7.73095        9.77612        2.33980        2        -1.238439        -0.035269        -0.052639
Te        10.62063        7.90505        2.08299        2        -0.711294        -0.626954        0.200091
Te        13.57818        1.92787        5.79798        2        1.581150        0.538588        0.847517
Te        16.78039        3.77045        5.56794        2        -0.107505        -0.176378        0.299230
Te        13.82518        1.94705        2.11991        2        -0.891404        -0.695989        0.303960
Te        16.52555        0.00227        2.09391        2        1.132594        -0.179979        0.068768
Te        13.43245        5.53458        5.60548        2        0.143474        0.437833        -0.199740
Te        16.66259        7.54305        5.55732        2        -0.252476        0.256185        -0.035181
Te        13.73446        5.67401        1.96437        2        -1.034959        0.220421        1.474095
Te        16.68037        3.64761        2.18365        2        0.619940        -0.420990        -0.704058
Te        13.73037        9.69407        5.71899        2        -0.951815        0.239642        0.753622
Te        16.98140        11.31514        5.94058        2        -0.812692        0.749622        -0.416796
Te        13.61995        9.71471        2.57447        2        -0.086287        0.683426        -1.396560
Te        16.42574        7.77564        2.27718        2        0.635248        -0.403024        -0.057807
