54
Lattice="19.173937585 0.000456147 -0.025753600 -0.000245476 11.134156037 0.000007040 0.013560576 0.000001770 30.000000000" Properties=species:S:1:pos:R:3:tags:I:1:forces:R:3 energy=-314.80578314 stress= -3.20475 -8.31719 1.47629 2.82129 0.54924 -1.44408 pbc="T T T"
Mo        2.19065        0.01569        4.02778        1        -1.045677        -0.225943        -0.692691
Mo        4.32100        2.03678        4.22315        1        0.635444        -0.422518        -1.471698
Mo        1.91825        3.76880        3.97276        1        1.279074        -0.296232        -0.002849
Mo        4.46713        5.58846        4.09023        1        -1.573988        -0.674652        -0.961009
Mo        2.14020        7.48221        3.90839        1        0.003616        0.056935        -0.131175
Mo        4.40399        9.32522        4.02391        1        0.706996        -0.287827        -0.893826
Mo        8.63845        0.30548        3.54601        1        -1.046793        -0.916233        -0.288940
Mo        10.90774        1.82797        3.80493        1        0.718076        0.128696        1.655538
Mo        8.67559        3.76304        3.81138        1        -1.433852        -0.673938        -2.536827
Mo        10.93968        5.46624        4.00910        1        0.827652        -0.592137        -0.416016
Mo        8.57003        7.66769        3.67459        1        -0.395004        -2.145409        0.697554
Mo        10.65526        9.48610        4.04045        1        0.892552        -0.125212        -1.775649
Mo        14.91314        11.03347        3.96704        1        0.950492        -0.678046        -2.709460
Mo        17.08316        1.61400        4.27566        1        1.262810        -0.837448        -1.467885
Mo        15.10127        3.37164        3.69753        1        0.108079        0.593945        1.021917
Mo        17.29049        5.62258        4.14500        1        -1.608414        0.368716        -0.447171
Mo        15.17502        7.73690        3.82166        1        -1.758189        -0.738306        0.258285
Mo        17.51681        9.08003        4.02838        1        -1.376916        0.892002        -1.045873
Te        0.40675        1.80535        5.51521        2        0.749748        0.000532        0.133959
Te        3.72319        3.71961        6.14571        2        -0.183750        0.831066        -0.468445
Te        5.85585        0.21126        2.46933        2        0.071764        -0.002840        0.075273
Te        2.72628        1.69099        2.04319        2        -0.091907        1.413841        0.578333
Te        0.44928        5.73694        5.52242        2        0.939624        -0.828891        -0.260912
Te        3.96705        7.50035        5.89182        2        -0.231255        -0.287280        1.096814
Te        6.02495        3.83534        2.50068        2        -0.305647        -0.346555        0.292701
Te        2.53600        5.69002        1.96628        2        0.578799        -1.000289        0.779827
Te        0.62751        9.13837        5.66939        2        0.431126        0.398721        -0.603891
Te        4.00476        11.08430        5.95159        2        -0.190137        0.679452        1.126844
Te        5.90808        7.40279        2.48189        2        0.155344        0.153749        -0.267395
Te        2.76283        9.36663        1.99679        2        -0.813182        -0.271583        -0.096134
Te        7.10993        1.97349        5.05424        2        -0.870503        -0.294374        0.971971
Te        10.26627        3.58357        5.79176        2        0.981193        0.110914        1.568918
Te        12.43640        11.07497        2.51065        2        0.102705        0.029208        -0.443307
Te        9.47551        1.89164        1.57775        2        -0.780610        0.677496        0.290261
Te        6.94860        5.54137        5.20294        2        1.103659        0.540217        0.483072
Te        10.24267        7.41254        5.75034        2        -0.067167        0.040076        0.518831
Te        12.61756        3.76761        2.44969        2        -0.436446        -0.551738        0.153912
Te        9.31560        5.49169        1.94686        2        -0.284487        0.967209        -0.697598
Te        6.96232        9.40402        4.85422        2        0.367606        0.422310        1.259500
Te        9.99405        0.02645        5.84407        2        0.279822        1.152009        0.857378
Te        12.30295        7.60304        2.70466        2        0.323295        -0.333790        0.320392
Te        9.04709        9.30644        1.77818        2        0.682798        1.121203        -1.009245
Te        13.50303        1.56769        5.32756        2        -1.371826        2.221325        0.527819
Te        16.47899        3.45881        6.16634        2        -0.036739        0.678308        -1.097140
Te        18.84484        0.07080        2.51473        2        0.014530        -0.545202        0.824839
Te        15.75167        1.64071        1.85108        2        -0.112936        -0.204427        0.134811
Te        13.82134        5.40202        4.93580        2        -0.724908        1.021665        0.204935
Te        16.62950        7.44933        6.06216        2        0.054597        -0.573395        -0.204550
Te        18.60431        3.52138        2.64751        2        0.128067        0.537564        0.449119
Te        15.50746        5.85297        1.86591        2        0.735418        -0.913491        1.075161
Te        13.24548        9.36086        5.28809        2        0.317765        -0.937550        0.501917
Te        16.61238        10.64316        5.93068        2        0.035370        1.538611        1.927807
Te        18.75065        7.33493        2.46303        2        0.893684        -0.469029        -0.161079
Te        15.67492        9.44981        1.85381        2        0.348511        -0.438899        0.361050
