54
Lattice="19.904050889 0.000008540 -0.000615361 -0.000005198 10.639921383 0.000045896 0.042448411 0.000094922 30.000000000" Properties=species:S:1:pos:R:3:tags:I:1:forces:R:3 energy=-315.78403235 stress= -16.59064 -4.08556 -4.20793 -0.88216 -0.68569 -0.62466 pbc="T T T"
Mo        2.57559        0.09464        3.87244        1        0.145755        -1.772902        1.445429
Mo        5.72902        1.68737        3.92497        1        0.137423        0.442248        0.528719
Mo        2.65011        3.67421        3.95252        1        -0.185608        0.478429        2.119486
Mo        5.90756        5.59225        4.10433        1        0.681516        -2.810160        -0.611696
Mo        2.58238        7.10081        3.93395        1        -0.000417        -0.193561        2.243247
Mo        6.00155        8.78154        3.78167        1        -1.498501        0.166945        0.434531
Mo        8.94120        10.47983        3.78883        1        0.621363        0.779279        0.111752
Mo        12.52960        1.89742        3.97083        1        -0.150078        -2.583868        -0.524085
Mo        9.14909        3.27812        3.88168        1        0.034894        1.194177        1.277845
Mo        12.46785        5.30809        4.05622        1        0.616204        0.794045        0.551558
Mo        9.28770        6.90233        3.93878        1        -0.480335        0.686050        0.431076
Mo        12.31804        8.93187        3.72622        1        1.375025        -0.946868        0.796531
Mo        15.75304        10.61715        3.80082        1        -0.489831        0.014140        0.253522
Mo        19.06628        1.80767        3.86528        1        -1.137264        0.012435        0.701999
Mo        15.78727        3.53159        4.04796        1        0.898238        -0.518303        0.833569
Mo        19.38812        5.33987        4.04239        1        -0.528933        1.286476        -0.028014
Mo        15.84337        7.14625        3.70007        1        -0.224724        -0.006475        0.953937
Mo        19.16565        9.14989        3.86083        1        -0.368217        -1.738272        -0.380805
Te        1.28962        1.80042        5.55797        2        0.654634        0.451510        0.914629
Te        4.83989        3.58432        5.85330        2        -0.190045        0.067671        -1.148884
Te        1.43016        1.91213        2.39216        2        -0.307630        0.047213        -2.352390
Te        4.57047        10.49840        2.08823        2        1.084300        0.655960        -0.058730
Te        1.59479        5.46620        5.97627        2        -0.124984        -0.532948        -1.418488
Te        4.85257        7.29164        5.78414        2        -0.684419        -0.280274        -0.204081
Te        1.55231        5.32637        2.18533        2        -0.488472        0.009222        -0.192942
Te        4.81097        3.74884        2.26971        2        0.094858        -0.647894        0.401922
Te        1.40526        9.02723        5.67497        2        0.084708        -0.189784        -0.238718
Te        4.75746        10.42909        5.71674        2        -0.140900        1.174090        -0.984018
Te        1.43277        8.77742        2.27277        2        0.086948        1.303199        -1.239339
Te        4.56223        6.93728        2.15793        2        1.335967        1.128422        -0.314061
Te        7.96133        1.61065        5.67276        2        -0.403588        -0.035021        -0.406337
Te        11.43215        3.40101        5.71841        2        -0.953187        1.116715        0.988545
Te        7.74570        1.79777        2.09288        2        0.568026        -1.131932        0.043657
Te        11.14321        10.60187        1.99451        2        0.178284        0.878199        0.785968
Te        8.15231        5.19460        5.86998        2        0.110743        0.055445        -1.421538
Te        11.46065        7.24087        5.69980        2        -0.527180        -0.515514        -0.195263
Te        8.11767        5.10487        2.16071        2        -0.356421        0.711525        0.727218
Te        11.35633        3.67314        2.32217        2        -0.121131        -1.167975        -1.243602
Te        7.91800        8.90677        5.73464        2        0.922811        -1.138168        -0.806617
Te        11.13116        10.57585        5.66308        2        0.370624        0.432733        -1.367011
Te        8.15883        8.56635        1.99729        2        -0.393668        0.170169        0.595530
Te        11.42183        6.87514        2.12098        2        -0.335840        0.863897        0.139978
Te        14.69433        1.62806        5.87768        2        -0.031780        0.469917        -1.484311
Te        18.13310        3.60013        5.76403        2        -0.352803        -0.201856        -0.317438
Te        14.60086        1.87373        2.17948        2        0.402954        -0.282462        0.148551
Te        17.88481        0.07707        2.01631        2        0.330952        0.458657        0.186043
Te        14.75346        5.45222        5.71132        2        0.070867        -0.223973        -0.205486
Te        17.92596        7.32523        5.47879        2        0.766641        -0.771649        0.213910
Te        14.67731        5.18513        2.34689        2        -0.567621        0.426660        -1.413331
Te        18.02425        3.79721        2.29762        2        -0.232080        -0.940338        -0.291877
Te        14.64113        8.81620        5.57311        2        -0.360148        0.283755        -1.067501
Te        17.79943        10.55763        5.63905        2        0.419370        1.460944        0.069508
Te        14.63796        8.77321        1.86652        2        -0.230560        0.656043        0.988410
Te        18.20951        7.18373        2.04341        2        -0.072337        -0.036107        1.037676
