54
Lattice="19.173937585 0.000456147 -0.025753600 -0.000245476 10.309403738 0.000007040 0.013560576 0.000001770 30.000000000" Properties=species:S:1:pos:R:3:tags:I:1:forces:R:3 energy=-318.43121468 stress= -0.06114 -0.79134 -3.53836 0.63146 3.58314 -0.36599 pbc="T T T"
Mo        2.24981        10.22644        3.98288        1        -0.265316        1.073357        0.104856
Mo        4.52836        1.86214        4.09588        1        0.020772        0.208641        1.042659
Mo        2.19397        3.42403        3.98739        1        -0.821848        -0.049604        -0.661829
Mo        4.47355        5.24145        4.15739        1        -0.435143        -0.349880        0.993573
Mo        2.07286        6.91499        4.11170        1        0.229961        -1.137553        0.192471
Mo        4.40583        8.50460        4.21569        1        0.500136        0.418626        0.135834
Mo        8.30239        0.16224        3.73605        1        1.628487        -0.691465        0.695342
Mo        10.85673        1.49379        3.72520        1        -0.167859        0.846567        0.502573
Mo        8.62682        3.50051        3.67149        1        -0.912238        0.845073        -0.308622
Mo        10.88480        5.26233        3.78024        1        0.961377        -0.577720        1.946388
Mo        8.55550        6.79024        3.64976        1        0.321679        1.352319        -1.729261
Mo        10.86781        8.48206        3.86625        1        -0.897605        0.546679        -0.397042
Mo        14.87200        10.25784        3.91039        1        1.686836        -0.183060        -0.873261
Mo        17.27653        1.62449        4.12693        1        -0.537639        -0.040216        -0.094259
Mo        14.99563        3.34770        3.74332        1        -0.947145        0.777461        0.125228
Mo        17.10494        5.12576        3.94809        1        1.753590        -0.242531        2.018918
Mo        15.07505        6.81078        3.61065        1        -1.383255        0.824861        -0.282715
Mo        17.18555        8.63166        3.92964        1        0.620294        0.303905        1.054182
Te        0.56619        1.73359        5.66970        2        0.123921        -0.313264        -0.658600
Te        3.65615        3.47926        6.18359        2        0.984802        0.295496        -0.488929
Te        5.76637        10.25437        2.47413        2        1.095173        0.214674        0.042540
Te        3.05005        1.71831        1.93481        2        -1.129397        -0.039936        0.503883
Te        0.49902        5.08676        5.63612        2        -0.331665        0.170823        -0.599923
Te        3.88539        6.91311        6.29515        2        -0.291236        -0.365575        -0.661823
Te        6.14816        3.68852        2.52798        2        -0.956418        -0.730684        -0.139505
Te        2.64623        5.18406        2.01642        2        0.446221        -0.130183        0.706751
Te        0.31925        8.63705        5.43037        2        1.062839        0.087488        0.522191
Te        3.94194        0.14736        6.17138        2        -0.111563        -0.562996        -0.710548
Te        6.02152        6.86899        2.51786        2        -0.433723        0.191442        -0.322915
Te        2.79884        8.40553        2.07668        2        -0.003180        0.840870        -0.597245
Te        6.98685        1.84918        5.46981        2        0.166330        0.019312        -0.462279
Te        10.12659        3.34399        5.71593        2        1.448076        0.013179        0.388955
Te        12.74471        10.25669        2.35019        2        -2.092285        -0.138039        -0.540834
Te        8.92388        1.84850        1.69136        2        0.643230        -1.045905        -0.450807
Te        7.26889        5.28248        5.43598        2        -1.636288        -1.102769        0.170714
Te        9.97109        6.79436        5.82475        2        1.573877        0.381298        0.354300
Te        12.46773        3.42987        2.35409        2        0.120040        -0.332794        -0.304526
Te        9.48795        5.13772        1.61645        2        -1.286528        0.407571        -0.291855
Te        6.98835        8.50856        5.37990        2        0.078730        0.661710        -0.291407
Te        10.38396        10.27954        5.86170        2        -0.778269        -0.225512        -0.684902
Te        12.42168        6.95013        2.16598        2        0.506761        -0.231534        0.084700
Te        9.16366        8.81553        1.63871        2        0.023365        -0.888815        1.267360
Te        13.31230        1.73841        5.28163        2        -0.587368        -0.260950        0.242844
Te        16.38672        3.33349        6.06087        2        0.547778        0.693373        -0.697612
Te        19.11908        0.05714        2.45378        2        -1.161261        -0.234685        0.425375
Te        15.60048        1.65733        1.86898        2        0.563253        -0.454976        -0.036452
Te        13.32048        5.09254        5.27052        2        -0.013877        0.470043        -0.469965
Te        16.52863        6.96535        5.96197        2        -0.071523        -0.712363        -0.641143
Te        18.76107        3.30005        2.60709        2        1.014268        0.627481        -0.504941
Te        15.64422        5.04559        1.68760        2        -0.133147        0.030921        -0.101043
Te        13.26702        8.40363        5.21140        2        0.320429        0.013187        0.320987
Te        16.49306        10.28850        6.12024        2        0.182206        -0.400139        -0.674593
Te        18.90971        6.87952        2.53094        2        -0.393020        -0.209722        -0.066617
Te        15.84401        8.72285        1.64769        2        -0.840019        -0.636972        0.879952
