54
Lattice="18.429676749 0.000008540 -0.000615361 -0.000005198 10.852719811 0.000045896 0.042448411 0.000094922 30.000000000" Properties=species:S:1:pos:R:3:tags:I:1:forces:R:3 energy=-315.45385295 stress= -3.94851 -5.22463 -11.44173 1.01328 1.59845 -0.86652 pbc="T T T"
Mo        2.38255        10.68106        3.84255        1        1.392303        0.233548        1.557314
Mo        5.43693        1.78596        3.98231        1        -1.279409        0.330393        -1.795507
Mo        2.27249        3.77363        4.02240        1        1.747983        -0.462745        -1.249778
Mo        5.33651        5.45567        3.47257        1        0.872256        -0.010252        1.695024
Mo        2.16036        7.35448        3.98666        1        -0.010158        -0.913480        -0.879564
Mo        5.66558        9.26543        3.70480        1        -1.629994        0.474267        -0.958076
Mo        8.66367        0.10025        3.94486        1        -0.469822        -0.670862        -0.524718
Mo        11.54818        1.95799        4.07681        1        1.567304        -1.272509        0.002742
Mo        8.51761        3.61657        3.79923        1        0.058238        1.829871        0.841355
Mo        11.56152        5.57531        3.95360        1        -0.363224        -0.887217        0.372459
Mo        8.32885        7.24866        3.43936        1        0.616051        0.331934        1.883596
Mo        11.42808        9.08867        3.91394        1        0.267767        0.204722        0.594768
Mo        14.44350        10.71684        4.10054        1        0.643788        -1.107527        0.710511
Mo        17.40046        1.75002        4.14517        1        1.304975        -0.472216        0.033316
Mo        14.66436        3.68230        4.14320        1        -0.184090        -0.536863        -0.976608
Mo        17.97033        5.24562        4.22250        1        -1.574256        -1.093042        -3.020805
Mo        14.65114        6.95355        4.14197        1        -0.210986        1.179061        -0.462679
Mo        17.52456        9.03568        4.05824        1        2.164066        -0.499752        -0.697958
Te        1.48509        1.75303        5.62487        2        -1.112885        -0.130010        0.452349
Te        4.51651        3.74568        5.60567        2        -0.585902        0.307669        -0.407384
Te        1.15776        1.71359        2.42234        2        -0.152254        0.826520        -0.592258
Te        4.44796        0.11561        1.82495        2        -0.348099        -0.243469        1.784126
Te        1.44054        5.45554        5.98465        2        0.996597        0.182301        0.032934
Te        4.53088        7.44868        5.36091        2        -0.370319        -0.544539        -0.104607
Te        1.29634        5.32695        2.04368        2        -0.016341        0.601043        1.130641
Te        4.48904        3.51260        1.89749        2        -1.313982        -0.274807        0.868992
Te        1.20502        9.12279        5.96007        2        0.401993        -0.172028        -1.552124
Te        4.51997        0.09777        5.85256        2        -0.291319        -0.959050        -1.269073
Te        1.23416        9.10444        2.07465        2        -0.904256        -0.599309        0.464160
Te        4.21005        7.31795        1.87449        2        0.215562        0.633617        1.011909
Te        7.43898        1.93601        5.67138        2        1.072864        -0.469927        0.565104
Te        10.36741        3.68074        5.78531        2        0.457587        0.605233        -0.375634
Te        7.50302        1.81573        2.28588        2        -0.186027        -0.595087        -1.865311
Te        10.60553        0.29306        2.07433        2        0.450803        -0.821605        0.832925
Te        7.22043        5.48527        5.47178        2        0.837346        0.207348        -1.183054
Te        10.06177        7.32394        5.78095        2        1.438349        -0.591215        -1.942375
Te        7.50576        5.26776        1.75356        2        -0.114120        0.350342        0.459199
Te        10.75841        3.63018        2.13260        2        -0.503562        0.678865        0.356610
Te        7.61068        9.08962        5.50820        2        -0.585854        -0.132475        -0.095871
Te        10.65213        10.80701        5.88297        2        -0.417405        0.801324        -0.737189
Te        7.50850        9.25668        1.62104        2        0.469423        -0.410749        1.665071
Te        10.70624        7.32668        2.03285        2        -1.684378        -0.354960        -0.053106
Te        13.73483        1.78291        5.99588        2        -1.063992        -0.038236        -1.211154
Te        16.60048        3.53590        6.03649        2        0.673157        0.250700        -0.334182
Te        13.88579        1.71634        2.32453        2        -1.978805        1.284897        0.257227
Te        16.44077        10.77855        2.30573        2        0.487046        -0.250378        -0.229548
Te        13.43592        5.18262        5.95358        2        0.263160        1.357860        -0.396431
Te        16.93749        6.98441        5.79959        2        -1.829052        1.236836        0.838337
Te        13.56118        5.74943        1.98919        2        0.445371        -1.924041        1.425184
Te        16.67593        3.50797        2.27013        2        0.013590        0.857448        0.448899
Te        13.44807        8.73169        5.92346        2        0.082196        0.413013        -1.287794
Te        16.56447        10.68039        5.86941        2        -0.739045        0.346086        0.712330
Te        13.39562        8.89824        1.99072        2        1.271223        0.855383        1.952431
Te        16.76133        7.03372        2.25745        2        -0.270226        0.050840        1.250538
