54
Lattice="18.429676749 0.000008540 -0.000615361 -0.000005198 10.852719811 0.000045896 0.042448411 0.000094922 30.000000000" Properties=species:S:1:pos:R:3:tags:I:1:forces:R:3 energy=-318.45558508 stress= 2.94211 -1.35340 4.95578 0.87862 1.67773 -0.26075 pbc="T T T"
Mo        2.33067        0.27028        3.70475        1        0.886583        -2.564970        -0.049968
Mo        5.47045        2.01768        3.92930        1        0.072357        -0.553432        -1.344707
Mo        2.32769        3.83325        3.56755        1        2.060822        -2.222573        2.638896
Mo        5.26453        5.80002        3.84772        1        0.231808        -1.736663        0.114130
Mo        2.27719        7.41116        3.76458        1        -0.561604        0.486108        0.288401
Mo        5.41834        9.24337        3.84956        1        -0.295646        -0.942629        0.088719
Mo        8.26051        10.84044        3.80923        1        1.664010        0.892959        1.414293
Mo        11.48090        1.89378        4.04533        1        1.108038        -0.940969        -0.533859
Mo        8.33478        3.63021        3.96114        1        2.365668        0.860789        -1.426749
Mo        11.50862        5.32265        4.06067        1        -0.262806        -0.810865        1.000721
Mo        8.45017        7.29033        4.01490        1        -0.271157        1.447956        -0.227782
Mo        11.56699        8.87651        3.95820        1        -0.449102        0.242093        0.705014
Mo        14.80628        10.56575        4.06062        1        -2.903878        0.408873        0.955253
Mo        17.68615        1.77282        4.04282        1        -0.791138        -0.670222        -1.638673
Mo        14.84885        3.36920        4.24849        1        -0.519439        0.781391        -1.047527
Mo        17.73905        5.21501        3.79807        1        -1.387761        0.264420        0.182254
Mo        14.68223        7.07970        4.01475        1        -1.135272        0.323178        1.297510
Mo        17.65556        8.87720        3.87533        1        0.704225        1.763860        0.653692
Te        1.44612        1.92775        5.42193        2        0.259160        1.211418        1.807669
Te        4.45624        3.81339        5.57127        2        -1.311198        0.603384        0.135289
Te        1.32307        1.95275        1.92089        2        -0.897252        -0.042016        0.014522
Te        4.55282        0.20920        2.07291        2        -0.740618        0.244170        -0.314255
Te        1.29602        5.47249        5.42466        2        1.123929        0.207346        1.233940
Te        4.22266        7.58761        5.63529        2        0.143161        -0.657562        0.184282
Te        1.37727        5.47772        1.95689        2        -1.307081        1.680922        -1.499706
Te        4.57155        3.65729        1.96972        2        -0.667453        1.284787        0.197294
Te        1.23875        9.22921        5.70286        2        0.626573        -0.229465        -1.312219
Te        4.46109        0.15535        5.56417        2        -1.098678        0.594470        0.614548
Te        1.31193        9.22650        1.87355        2        -0.525979        -0.281528        1.201318
Te        4.31467        7.52290        2.06029        2        0.165907        0.012579        -0.880530
Te        7.49334        1.87920        5.61886        2        -0.639116        -0.949120        1.826624
Te        10.41414        3.48081        5.83995        2        -0.183718        1.094410        0.146361
Te        7.43985        1.96185        2.07193        2        0.250600        -0.421874        -0.399916
Te        10.57077        10.77932        2.23129        2        -0.262975        0.338766        -0.028650
Te        7.32784        5.48664        5.60237        2        -0.454670        0.247735        1.273576
Te        10.32659        7.09788        5.86856        2        1.228304        0.454973        -0.104316
Te        7.39700        5.62660        2.26632        2        0.108687        -0.612725        -1.245948
Te        10.56437        3.59460        2.13001        2        -0.438728        0.134997        0.624429
Te        7.27847        9.16433        5.83339        2        0.811603        -0.206818        -0.788949
Te        10.51707        10.84526        5.59448        2        -0.890668        -0.766014        0.519386
Te        7.40876        9.11086        2.08808        2        0.395993        -0.937257        -0.788001
Te        10.57490        7.06495        2.31541        2        -0.424282        0.364480        -1.183595
Te        13.77702        1.56346        5.92797        2        -0.825454        -0.150162        -0.275064
Te        16.85188        3.44410        6.03184        2        0.254619        0.431524        -0.886556
Te        13.67643        1.61552        2.50754        2        0.054053        0.298317        -0.861310
Te        16.56797        10.75356        2.21697        2        1.543995        0.116343        -0.777319
Te        13.64430        5.23299        5.86662        2        -0.027828        0.296302        -0.011614
Te        16.74551        7.03195        5.67717        2        0.328737        -0.104013        0.302517
Te        13.70463        5.18116        2.48758        2        -0.213273        -0.539922        -1.013193
Te        16.58025        3.38399        2.08376        2        0.240197        0.230527        0.766822
Te        13.48225        8.82624        5.77603        2        0.864132        0.007822        0.639376
Te        16.65806        10.64556        5.87800        2        1.351611        0.063013        -0.160249
Te        13.65726        8.89427        2.22899        2        -0.161548        -0.154089        -0.355279
Te        16.56871        7.14868        2.22488        2        0.788505        -0.901361        -1.644600
