54
Lattice="19.174335959 0.000456436 -0.025753600 -0.000245188 11.539990792 0.000007040 0.013560858 0.000001769 30.000000000" Properties=species:S:1:pos:R:3:tags:I:1:forces:R:3 energy=-316.76947210 stress= -4.27836 -15.34468 -1.25405 0.95478 1.10609 -0.65665 pbc="T T T"
Mo        2.20232        0.42188        3.81574        1        -0.559922        -0.711860        0.097312
Mo        4.38497        2.02161        4.15419        1        0.405586        0.201679        -0.250031
Mo        2.09042        3.80291        3.78172        1        0.742950        0.363425        1.093780
Mo        4.61289        5.34484        4.02988        1        -1.176328        0.414501        0.160748
Mo        2.25591        7.44077        3.67920        1        -0.302407        -0.138360        0.573825
Mo        4.34089        9.81312        4.25116        1        1.306421        0.527102        -0.119496
Mo        8.70107        0.13966        3.83099        1        -0.732691        0.867132        0.148756
Mo        10.87572        1.98269        3.95399        1        0.161250        0.066393        0.949249
Mo        8.57578        3.60974        3.79936        1        0.402516        0.369736        -0.386704
Mo        10.81760        5.26133        4.03292        1        0.270534        0.911651        0.009741
Mo        8.53872        7.27921        3.94367        1        0.330232        0.248976        -0.227914
Mo        10.96048        9.71959        4.05393        1        -0.619481        0.122457        -0.132185
Mo        14.90466        0.32028        3.79920        1        0.276904        0.103840        -0.024627
Mo        17.15987        2.03117        3.90251        1        0.094498        0.316243        0.887029
Mo        14.95070        3.83067        3.62737        1        -0.202640        0.698989        0.155353
Mo        17.19951        5.67622        3.90250        1        0.092345        -0.011793        0.265529
Mo        14.89124        7.48760        3.80245        1        0.574679        -0.435488        0.256060
Mo        17.19186        10.02300        4.06294        1        -0.292486        -0.144628        -0.348818
Te        0.48455        1.98232        5.35836        2        0.172006        0.272776        -0.183509
Te        3.55795        3.87305        6.08132        2        0.549427        -0.286261        -0.835239
Te        6.08379        0.15171        2.79908        2        -0.823667        -0.251823        0.042613
Te        2.76636        2.13196        1.80305        2        0.455860        -0.531809        0.500029
Te        0.60857        5.84560        5.33239        2        0.167181        -0.169459        -0.619777
Te        3.92357        7.53624        5.75787        2        0.048079        -0.069732        -0.179363
Te        6.12897        3.62751        2.41241        2        -0.636236        0.263637        0.176912
Te        2.99450        5.58059        1.89296        2        -0.086933        0.363378        -0.343007
Te        0.69477        9.66998        4.78996        2        0.479038        0.309310        -0.009740
Te        3.73908        0.18398        6.11245        2        -0.088786        -0.298076        -0.564034
Te        6.05212        7.66966        2.93127        2        -1.280946        -0.622429        -0.034707
Te        2.81158        9.68415        2.13428        2        -0.173104        0.288139        -0.120831
Te        7.09194        1.99277        5.46963        2        -0.460321        -0.666905        -0.014999
Te        10.12785        3.70147        6.03592        2        0.267828        -0.426069        -0.222153
Te        12.40012        0.01707        2.56722        2        0.032915        0.036797        -0.322550
Te        9.26777        1.88445        1.81052        2        -0.252967        -0.187048        -0.062480
Te        6.97856        5.38273        5.38520        2        0.420725        0.568851        0.139782
Te        10.37876        7.47491        5.75851        2        0.376117        -0.064063        0.381025
Te        12.35881        3.76569        2.28780        2        0.080317        -0.047017        0.215016
Te        9.17058        5.68352        1.95168        2        -0.163099        -0.691890        -0.365765
Te        7.25770        9.59236        5.05312        2        -0.471888        0.020815        0.440105
Te        10.37438        0.08906        5.90405        2        0.133494        -0.248321        0.285758
Te        12.30848        7.41457        2.82284        2        -0.509804        0.568252        0.326862
Te        8.96737        9.54380        2.19179        2        0.874626        -0.412505        -0.015686
Te        13.38862        2.08614        5.30154        2        -0.233212        -0.124431        -0.004013
Te        16.48933        3.91512        5.86020        2        0.421082        -0.001656        -0.374011
Te        18.76962        0.23843        2.51485        2        -0.175132        -0.053674        -0.062753
Te        15.44614        2.03247        1.76141        2        0.345270        -0.500104        -0.402450
Te        13.36040        5.54208        5.23252        2        0.204792        0.185310        -0.035519
Te        16.84500        7.71385        5.67406        2        -0.535529        0.412147        0.037331
Te        18.83057        3.99903        2.54738        2        -0.361435        -0.473633        -0.940266
Te        15.54117        5.87724        1.74720        2        0.139385        -0.542076        0.277716
Te        13.63242        9.60559        5.12174        2        -0.498580        0.313600        -0.218995
Te        16.49080        0.30290        5.98429        2        0.378212        -0.245962        -0.520884
Te        18.66715        7.87096        2.48457        2        -0.004994        -0.492755        0.632911
Te        15.34784        9.70677        2.13722        2        0.410559        0.055067        -0.125710
