54
Lattice="19.557416337 0.000456147 -0.025753600 -0.000245476 10.309403738 0.000007040 0.013560576 0.000001770 30.000000000" Properties=species:S:1:pos:R:3:tags:I:1:forces:R:3 energy=-320.96536162 stress= -5.84761 -2.32432 -1.00583 0.03171 1.70548 -0.15969 pbc="T T T"
Mo        2.17801        0.06475        3.88755        1        0.070307        -0.463643        0.644851
Mo        4.61942        1.70049        4.14578        1        -0.591275        0.253960        -0.629158
Mo        2.20597        3.49638        3.90022        1        -0.228352        0.031248        0.008734
Mo        4.63675        5.14692        3.97059        1        -1.093921        -0.291382        0.591646
Mo        2.18904        6.91999        3.94137        1        0.296565        -0.684187        0.096787
Mo        4.55745        8.43349        3.94143        1        0.123657        0.677318        0.405292
Mo        8.75564        0.00758        3.82408        1        0.025794        -0.152908        0.762990
Mo        11.05799        1.66730        3.95432        1        0.329336        -0.139130        -1.014408
Mo        8.75291        3.39905        3.78030        1        -0.459801        0.195484        -0.022567
Mo        11.01021        5.12234        3.87072        1        0.848380        -0.258267        0.121221
Mo        8.74428        6.79947        3.73921        1        -1.178256        0.542716        -1.025165
Mo        11.17922        8.43101        3.90988        1        -0.547496        0.821038        0.919945
Mo        15.22944        10.29713        3.95183        1        -0.435009        0.367786        -1.618768
Mo        17.59489        1.83648        4.02759        1        -0.461642        -0.392288        0.271050
Mo        15.18172        3.51029        3.79418        1        -0.276315        -0.503464        1.242258
Mo        17.50334        5.15192        4.08338        1        1.511023        0.279192        -0.816936
Mo        15.32825        6.84153        3.70175        1        -0.801031        0.478344        0.715303
Mo        17.60877        8.56301        4.09120        1        0.918729        1.091885        0.225414
Te        0.42028        1.74991        5.47449        2        0.926451        0.191587        -0.166661
Te        3.84217        3.44431        6.08888        2        0.243966        -0.014227        -0.739764
Te        6.26640        10.30871        2.55727        2        -0.612881        0.007754        -0.344021
Te        2.91346        1.71975        1.98037        2        0.339530        0.399239        -0.167383
Te        0.57116        5.24128        5.43687        2        -0.159496        -0.575277        0.302454
Te        4.05368        6.78623        6.05181        2        -0.361278        0.300204        -0.647914
Te        6.15718        3.47535        2.47513        2        0.377560        -0.711198        -0.149363
Te        2.83588        5.17878        1.84300        2        0.029102        -0.029981        1.008821
Te        0.62766        8.67610        5.54959        2        -0.336145        -0.250539        -0.311588
Te        3.83522        10.16706        5.97966        2        0.367789        0.212115        0.020062
Te        6.05676        6.79536        2.22692        2        0.506036        0.437963        0.499143
Te        2.68821        8.55970        1.92500        2        0.391784        0.452290        -0.203018
Te        7.14663        1.73876        5.41204        2        0.142259        -0.032662        0.095815
Te        10.53032        3.35025        5.89914        2        -0.461056        0.667908        0.016004
Te        12.83329        0.02420        2.38568        2        -0.354584        -0.184990        0.407141
Te        9.32817        1.66298        1.79614        2        0.271972        0.339813        0.169434
Te        7.08397        5.17324        5.33931        2        0.262984        -0.162926        -0.069087
Te        10.23214        6.74636        5.86220        2        0.954208        0.454734        0.497038
Te        12.75630        3.50158        2.27966        2        -0.453141        -0.250400        0.389771
Te        9.28127        5.13278        1.74093        2        0.238373        -0.164416        0.048300
Te        7.05549        8.57132        5.27628        2        0.223281        -0.296389        0.149980
Te        10.47889        10.25882        5.98618        2        0.011801        -0.453663        -0.920897
Te        12.77252        6.86541        2.29701        2        -0.055657        -0.060978        0.000028
Te        9.45181        8.66243        1.86509        2        -0.140693        -0.781476        -0.433907
Te        13.47489        1.75170        5.33102        2        0.675163        -0.043959        0.134134
Te        16.85255        3.52438        6.00993        2        -0.325990        -0.526252        0.267302
Te        19.33136        0.12940        2.48392        2        -0.815275        -0.519763        0.202290
Te        15.88359        1.79193        1.91523        2        0.092349        -0.815628        0.062476
Te        13.50472        5.21992        5.27574        2        0.224624        -0.056961        -0.019848
Te        16.85818        6.89824        5.97515        2        -0.256211        0.028111        0.541934
Te        19.19706        3.42701        2.44168        2        0.181633        0.402138        0.246430
Te        16.00556        5.06948        1.86947        2        0.101624        0.693039        -1.143242
Te        13.60813        8.49894        5.36916        2        0.070368        -0.064076        -0.143124
Te        16.80070        0.10885        6.04052        2        0.793787        -0.394938        -0.046294
Te        19.30079        6.81821        2.58838        2        -0.544059        0.414003        -0.232236
Te        16.13584        8.73308        1.91231        2        -0.618236        -0.471174        -0.208623
