54
Lattice="19.174335959 0.000456436 -0.025753600 -0.000245188 11.952133320 0.000007040 0.013560858 0.000001769 30.000000000" Properties=species:S:1:pos:R:3:tags:I:1:forces:R:3 energy=-308.31596936 stress= -7.90646 -13.78493 -4.87274 -1.45403 -0.24955 1.86460 pbc="T T T"
Mo        2.13542        11.81043        3.96766        1        -1.484493        0.048618        -1.142160
Mo        4.09094        1.68486        3.97383        1        1.205826        -0.345051        0.543441
Mo        1.61832        3.19232        4.22380        1        1.322782        0.870670        -1.206712
Mo        4.99025        6.65692        3.93223        1        -1.283338        -1.093316        2.333181
Mo        2.39032        8.23911        3.96542        1        -1.542193        2.068277        -0.709584
Mo        4.46996        10.09307        4.04422        1        -1.272472        0.223090        0.144427
Mo        8.35799        0.27361        3.80987        1        1.437665        -0.191194        -0.091123
Mo        10.72016        1.90910        4.04754        1        0.613059        0.795537        0.110794
Mo        8.38745        4.05497        4.02036        1        0.756549        -0.223630        1.596813
Mo        10.83622        5.69134        4.01988        1        -0.818498        -0.544335        -1.064674
Mo        8.08223        7.25669        3.66221        1        -0.554834        0.863807        1.598069
Mo        10.83690        10.54980        4.08610        1        0.878593        0.443726        -1.802070
Mo        15.24229        11.72133        3.65943        1        1.006913        -0.654997        1.100709
Mo        17.50816        1.91721        4.23993        1        -0.772134        0.248149        0.262291
Mo        15.14099        4.12739        3.78446        1        -0.228316        0.855336        0.317311
Mo        17.40161        6.25689        3.82276        1        -0.149633        0.783706        1.422121
Mo        15.13165        8.21773        3.79025        1        -1.138657        -0.812011        0.029638
Mo        17.57179        9.40126        3.92385        1        -1.466494        0.815301        -0.288930
Te        0.55956        1.67496        5.87510        2        -0.141213        -0.965116        0.618931
Te        4.00022        4.04004        5.43418        2        -1.328233        -0.187314        -0.720288
Te        5.94892        11.92932        2.37725        2        -0.954537        0.714461        0.394131
Te        2.16263        1.78787        1.83342        2        0.663104        -0.174649        2.031432
Te        0.91214        6.10029        5.01218        2        -0.460750        -1.276277        0.102172
Te        3.85680        8.26113        6.08926        2        1.360667        -0.317078        -0.446129
Te        5.88460        3.90166        3.01074        2        -1.074917        0.846184        -0.407785
Te        2.73093        6.61460        2.11108        2        1.526142        -1.653364        -0.679907
Te        0.54128        9.73989        5.62980        2        0.892778        0.125943        -0.442137
Te        3.69955        0.00556        6.11423        2        0.723334        -0.325394        -0.880125
Te        5.88690        7.95203        2.03640        2        0.871392        0.873521        -0.730706
Te        2.66164        10.14548        1.92471        2        0.406912        -0.089200        0.835314
Te        6.91857        1.98146        5.36805        2        -0.614766        -0.439065        0.048060
Te        10.34844        4.01222        6.03694        2        -0.387485        -0.729680        -0.862180
Te        12.73292        11.81705        2.55328        2        -1.648201        -0.009674        -0.218392
Te        8.89426        2.30295        2.06385        2        0.623600        -1.397653        -0.198653
Te        7.05702        5.92481        5.89277        2        0.205333        0.455868        -1.817844
Te        10.28703        8.15344        5.17626        2        -1.050558        -0.936170        0.543964
Te        12.57275        4.13065        2.57794        2        -1.037317        -0.206957        -0.436505
Te        8.72262        5.51915        1.85821        2        1.362129        0.635209        -0.303769
Te        6.95363        9.89039        4.69451        2        1.740312        -0.220369        0.375013
Te        10.01583        0.17806        6.05468        2        -0.118979        0.229504        -0.574908
Te        12.43075        7.82919        3.06813        2        -0.492097        1.330126        -1.145580
Te        9.15616        10.05502        2.00909        2        0.219213        0.156595        1.365368
Te        13.57212        1.90023        4.54717        2        0.239373        0.235400        1.158599
Te        16.85560        4.36500        5.83173        2        0.165880        -0.726761        -0.794528
Te        18.65354        11.57802        2.36483        2        0.358220        0.682806        1.323887
Te        15.88357        2.05189        2.20401        2        -0.045797        -0.364033        -0.960660
Te        13.37203        5.91873        5.19992        2        0.923863        -0.364343        0.655925
Te        16.51106        7.93473        5.98530        2        1.028047        -0.484964        -0.498631
Te        18.87391        4.13807        2.60571        2        -0.630706        -0.362617        0.203478
Te        15.42228        6.18276        1.92704        2        0.520483        -0.257199        0.106580
Te        13.64464        9.95919        5.37625        2        -0.004426        0.834554        -0.129173
Te        16.89108        11.67878        5.89556        2        -0.488473        0.350847        -1.410904
Te        18.93415        7.95600        2.17237        2        -0.229933        -0.150864        0.184841
Te        15.60175        9.86110        1.69904        2        0.399200        -0.024475        0.580477
