54
Lattice="19.173937585 0.000456147 -0.025753600 -0.000245476 10.721779888 0.000007040 0.013560576 0.000001770 30.000000000" Properties=species:S:1:pos:R:3:tags:I:1:forces:R:3 energy=-314.35462120 stress= -3.27745 -4.06162 -4.29340 -0.02820 -0.27707 0.33125 pbc="T T T"
Mo        2.29368        10.70464        3.69460        1        -0.534679        -0.086393        -0.521500
Mo        4.42000        2.00638        4.23270        1        0.010807        -0.433357        -2.050675
Mo        2.06175        3.49274        3.69469        1        0.255787        0.598889        1.084124
Mo        4.41054        5.18950        3.88872        1        0.508896        1.249881        -0.851882
Mo        2.29231        7.24883        3.54067        1        -0.189174        -0.864996        -0.583861
Mo        4.60399        8.93893        3.80451        1        -1.352712        -0.897063        -0.028828
Mo        8.57757        0.13162        3.55677        1        0.989742        -1.168720        1.201470
Mo        10.80420        1.96848        4.00163        1        0.835454        1.022404        0.381974
Mo        8.55214        3.30239        3.66676        1        0.037325        2.663138        1.845576
Mo        10.73274        5.49854        3.92274        1        1.697870        -0.884178        2.098247
Mo        8.66267        7.03607        3.68423        1        -0.479334        1.065245        0.471659
Mo        11.02318        8.61150        4.06321        1        -1.394109        0.265129        -1.045112
Mo        15.01287        0.01325        4.19793        1        -0.061538        -0.009323        -0.720437
Mo        17.37922        1.49559        4.15933        1        -2.036981        0.397783        0.011190
Mo        14.91375        3.57583        3.90180        1        1.221376        -1.018687        0.534119
Mo        16.97269        5.36730        4.25326        1        1.041648        -0.026761        -1.682356
Mo        14.75920        7.43107        4.23893        1        0.454768        -0.465298        -0.858040
Mo        17.55407        8.78397        4.12970        1        -3.350860        -0.006489        -0.853614
Te        0.63561        1.61616        5.23195        2        0.714593        0.358096        0.825202
Te        3.63099        3.88997        6.02158        2        -0.350293        -1.321897        -0.278900
Te        6.02875        0.11307        2.68823        2        0.233003        0.790723        -0.570920
Te        2.91404        1.80099        1.81134        2        0.197495        -0.018672        0.500090
Te        0.44560        5.49191        5.01706        2        1.155601        -0.877658        0.418682
Te        3.91885        7.09122        5.78074        2        -0.168592        0.782918        -0.917401
Te        5.96626        3.65980        2.12284        2        -0.000414        -0.514891        1.357033
Te        2.79649        5.19296        1.69009        2        -0.128735        0.720917        0.456721
Te        0.80840        8.79115        5.16504        2        0.737818        0.299141        1.068153
Te        3.72823        0.03196        5.92137        2        0.766428        -0.359789        0.063532
Te        6.33914        7.16241        2.10771        2        -1.140088        -0.018468        0.851123
Te        2.57185        9.11174        1.53245        2        0.925921        -0.847720        0.907049
Te        7.20789        1.93059        5.40960        2        -1.306772        -1.111140        0.272740
Te        10.07777        3.82639        6.15387        2        0.064867        -0.428193        -2.282573
Te        12.45881        10.70126        2.77928        2        0.190116        0.355377        -0.119856
Te        9.34213        1.89385        1.74603        2        0.639555        -1.234566        -1.691464
Te        6.84748        5.38930        5.39108        2        0.500652        -0.220509        -0.929382
Te        9.88834        7.44815        6.14148        2        0.445372        -1.514543        -0.819680
Te        12.61525        3.62408        2.30410        2        -1.467389        -0.134569        0.744387
Te        9.25767        5.20036        1.83012        2        -0.369638        0.302791        -1.147626
Te        7.00169        8.68401        5.22104        2        -0.143471        0.925849        -0.016852
Te        10.26341        10.65517        5.70826        2        -0.789001        1.069961        -0.012528
Te        12.59374        7.38313        2.40374        2        -0.273750        -1.104245        -0.165798
Te        9.40155        8.86667        1.67881        2        -0.109122        0.278758        1.309188
Te        13.45832        2.01619        5.50087        2        -1.209783        -1.244203        0.601087
Te        16.56484        3.42656        6.15467        2        0.160983        -0.147387        -0.851104
Te        18.74423        10.54452        2.50654        2        0.916945        0.726151        -0.614926
Te        15.54876        1.79075        2.06371        2        0.146286        -0.779832        0.280961
Te        13.21573        5.20265        5.43869        2        -0.119591        1.371408        -0.177490
Te        16.70322        7.11451        6.12462        2        -0.405695        0.298342        1.167877
Te        18.55428        3.47692        2.50375        2        0.248083        0.096827        0.348215
Te        15.31165        5.49378        2.13974        2        0.450955        0.828664        0.246241
Te        13.08976        9.03884        5.83935        2        1.861832        -0.125436        -0.151723
Te        16.93593        10.35247        6.18394        2        -0.536519        1.400861        0.167033
Te        18.58595        6.99092        2.36263        2        0.480092        -0.149331        0.084310
Te        15.59447        8.97540        2.17693        2        0.018972        0.140221        0.663003
