54
Lattice="19.173937585 0.000456147 -0.025753600 -0.000245476 10.515591813 0.000007040 0.013560576 0.000001770 30.000000000" Properties=species:S:1:pos:R:3:tags:I:1:forces:R:3 energy=-320.88209893 stress= -2.72529 -2.80869 -1.29925 -0.48062 -1.17398 0.13895 pbc="T T T"
Mo        2.17230        10.47056        3.82924        1        0.425191        -0.261302        0.624967
Mo        4.48648        1.71210        4.04355        1        -0.579586        0.450272        0.179754
Mo        2.06443        3.54675        3.77701        1        0.419579        0.500698        -0.444413
Mo        4.44973        5.33989        3.84073        1        0.276520        -0.141084        1.681674
Mo        2.15049        6.95899        3.78301        1        -0.490260        -0.161370        0.998627
Mo        4.62557        8.67067        4.12428        1        -1.459335        -0.564957        -0.906586
Mo        8.61324        10.48168        3.81053        1        0.144387        0.381905        1.039738
Mo        10.87044        1.82971        4.04205        1        -0.613618        -0.216643        -0.291576
Mo        8.51832        3.50292        3.84614        1        0.395908        -0.623310        -0.307510
Mo        10.81727        5.27255        4.00523        1        0.801695        -0.305943        0.359056
Mo        8.67715        7.02632        3.86681        1        -0.748917        -0.632057        -0.021847
Mo        10.93968        8.73041        4.05367        1        0.139920        0.258585        -0.102920
Mo        14.96692        0.05045        3.84948        1        -0.442888        -0.021196        -0.446367
Mo        17.26517        1.83527        4.01695        1        0.199023        0.225281        0.083421
Mo        14.87788        3.61653        3.75702        1        0.622996        -0.846316        0.840999
Mo        17.08763        5.35718        3.99139        1        1.242307        -0.967613        -0.238101
Mo        14.87203        6.97379        3.82905        1        -0.180809        0.036887        -0.695448
Mo        17.16319        8.76270        4.00688        1        0.458060        -0.183126        0.197356
Te        0.65946        1.76357        5.31997        2        -0.630571        0.035462        0.422743
Te        3.69209        3.63595        5.88281        2        0.553081        -0.694698        -0.102127
Te        6.06685        10.46473        2.64456        2        0.475257        0.126782        -0.802366
Te        2.68075        1.77134        1.89195        2        0.524234        -0.430819        -0.159499
Te        0.49937        5.23346        5.41099        2        -0.138736        0.362595        -0.482622
Te        3.75019        6.87480        6.03117        2        0.142989        0.488472        -0.882912
Te        5.99951        3.46002        2.46559        2        0.363899        -0.256018        -0.306218
Te        2.86758        5.27509        1.78443        2        -0.863246        -0.175433        -0.477387
Te        0.49221        8.78804        5.45185        2        0.452565        -0.380861        -0.543248
Te        3.98160        10.42481        5.96611        2        -0.689391        0.516441        0.549840
Te        6.16978        6.99796        2.35256        2        -0.185466        0.354315        0.325873
Te        2.88496        8.65815        1.94579        2        0.303868        0.860303        -0.377427
Te        7.05027        1.77727        5.50563        2        -0.308201        -0.221051        -0.605859
Te        10.20552        3.56920        6.05446        2        -0.133658        -0.212464        -0.717769
Te        12.30337        0.08792        2.38893        2        0.981569        -0.346552        0.465703
Te        9.26060        1.67257        1.76136        2        -0.247078        0.454050        1.329024
Te        6.85277        5.32852        5.14133        2        0.458302        -0.380173        1.035406
Te        10.42323        6.98133        6.05123        2        -0.455750        0.160820        -0.277134
Te        12.45270        3.52147        2.37851        2        -0.460992        0.132017        0.264223
Te        9.16283        5.18662        1.88194        2        0.022693        0.336704        -0.226131
Te        7.08589        8.67663        5.46545        2        0.175251        0.280269        0.002889
Te        10.30754        10.48898        6.01125        2        -0.256337        0.332986        -0.535384
Te        12.47473        7.00759        2.39379        2        -0.396340        -0.101491        0.345054
Te        9.26552        8.68321        1.94525        2        0.100384        0.373691        -0.879813
Te        13.37942        1.81174        5.29156        2        -0.242268        -0.132621        0.454954
Te        16.52054        3.53940        6.00170        2        0.058125        0.127729        -0.696254
Te        18.80002        10.50797        2.54419        2        0.220715        -0.017825        -0.420500
Te        15.68632        1.77310        1.90265        2        -0.452988        -0.031788        -0.417578
Te        13.33722        5.19791        5.42312        2        -0.207142        0.346820        -0.282693
Te        16.46682        6.99058        5.95992        2        0.410567        0.535517        0.592488
Te        18.75709        3.61769        2.29526        2        -0.080739        -0.183344        0.745196
Te        15.49954        5.19683        1.78532        2        0.150028        1.016914        -0.206834
Te        13.46068        8.78226        5.42332        2        -0.507503        0.089546        -0.076422
Te        16.70268        0.06613        5.95864        2        -0.321791        -0.197025        0.140856
Te        18.72518        7.01628        2.37505        2        0.219890        0.063973        0.327348
Te        15.42928        8.79788        1.88532        2        0.337279        -0.204482        -0.068509
