54
Lattice="20.324373841 0.000456147 -0.025753600 -0.000245476 10.927967962 0.000007040 0.013560576 0.000001770 30.000000000" Properties=species:S:1:pos:R:3:tags:I:1:forces:R:3 energy=-315.92765875 stress= -12.08564 -10.35343 -1.18275 -1.33884 2.16647 1.29782 pbc="T T T"
Mo        2.22226        10.68618        3.94492        1        0.293425        -0.843519        -0.528378
Mo        4.61749        1.44043        4.14137        1        0.353340        0.087914        -0.376104
Mo        2.31704        3.77072        3.96242        1        -0.268207        -0.176103        -0.689863
Mo        4.76595        5.65139        4.11969        1        0.032281        -0.068110        0.159142
Mo        2.39049        7.25437        3.82475        1        -0.828885        -0.396608        0.092304
Mo        4.67017        8.85398        3.87138        1        0.425397        0.794493        0.745798
Mo        9.00878        10.77049        3.73546        1        -0.329734        0.357741        0.067533
Mo        11.39656        1.65520        3.84858        1        0.545460        -0.418036        -0.070928
Mo        9.00155        4.05349        3.76935        1        0.724042        -0.309725        -0.069662
Mo        11.47827        5.65498        3.83482        1        -0.022028        0.007018        0.925916
Mo        9.12050        7.31781        3.67739        1        -0.555957        0.722241        0.140939
Mo        11.54161        9.15057        3.94633        1        -0.962123        -0.743902        0.387865
Mo        15.60862        10.71387        3.80950        1        1.892202        -1.031707        0.047723
Mo        18.43246        1.72075        3.99278        1        0.297493        -0.814241        0.619012
Mo        15.82342        4.12346        3.98096        1        0.350026        -0.371287        -0.409445
Mo        18.29959        5.79957        3.90268        1        -0.037252        0.277655        1.294707
Mo        15.78435        7.45734        3.78174        1        0.151312        -0.152816        0.440935
Mo        18.48844        9.22706        3.95298        1        -0.495858        -0.338547        1.216339
Te        0.71320        1.63951        5.44178        2        0.159855        0.324820        -0.464178
Te        4.02468        3.67674        5.91338        2        0.526410        -0.521125        0.152844
Te        6.15140        10.76765        2.37965        2        0.171905        0.041428        0.439960
Te        2.95271        1.57217        2.13546        2        -0.264065        1.058958        -0.251881
Te        0.59784        5.55441        5.34398        2        0.221517        0.158158        -0.112063
Te        3.91085        7.39437        6.06763        2        0.459592        -0.696347        -0.591767
Te        6.24666        3.45979        2.83233        2        -0.189064        0.681768        0.058477
Te        3.19970        5.40042        1.94721        2        -0.429233        -0.207883        0.288914
Te        0.61644        8.86960        5.51191        2        0.098209        0.371064        -0.441218
Te        3.91170        10.66294        5.95867        2        0.275655        -0.309669        0.610934
Te        6.37879        7.00300        2.32967        2        -0.065761        0.793659        0.483107
Te        2.90597        8.89902        1.82304        2        -0.083772        0.728080        0.231571
Te        7.36487        1.89460        5.03290        2        0.494810        -0.386040        -0.220983
Te        10.99058        3.64751        5.64371        2        -0.596999        0.269531        -0.192057
Te        13.17418        10.64142        2.50219        2        0.173434        1.221457        -0.398159
Te        9.56305        1.85070        1.90234        2        -0.002749        0.428445        0.671391
Te        7.42172        5.55133        5.40127        2        0.277295        0.388439        -0.487033
Te        10.80580        7.41841        5.80035        2        -0.136802        -0.794163        0.327247
Te        13.25603        3.70422        2.68844        2        -0.257996        -0.369872        0.164727
Te        9.73007        5.67844        1.70991        2        0.250525        -0.790424        0.191892
Te        7.26669        9.14240        5.13202        2        0.378870        -0.620034        0.001812
Te        10.73542        10.90203        5.84129        2        -0.072684        0.286768        -0.091210
Te        13.31149        7.20458        2.60965        2        -0.379412        0.702502        -0.655743
Te        9.92097        9.25292        1.80961        2        -0.548175        -0.873403        -0.434647
Te        14.17717        1.65364        5.10858        2        -0.244384        1.213284        -0.432530
Te        17.84560        3.79189        5.76493        2        -0.506752        -0.036216        -0.049252
Te        20.11827        0.02058        2.53752        2        -0.401471        -0.015178        0.135859
Te        16.53990        1.92614        2.24585        2        -0.597243        0.215718        -0.431539
Te        14.22039        5.63336        5.48230        2        -0.209680        0.025772        -0.359839
Te        17.48183        7.45524        5.87200        2        0.297719        -0.031285        -0.155623
Te        20.03623        3.81698        2.93030        2        -0.374363        -0.877918        -0.142662
Te        16.55202        5.68970        1.90195        2        -0.056870        -0.388569        -0.155576
Te        14.05469        9.06330        5.40591        2        0.139262        0.175759        -0.075753
Te        17.38370        10.88253        5.90028        2        0.324246        0.350852        -0.595938
Te        19.96505        7.30298        2.43150        2        0.570645        0.478418        -0.355977
Te        16.87849        9.12676        1.91534        2        -0.973652        0.403000        -0.647643
