54
Lattice="18.429676749 0.000008540 -0.000615361 -0.000005198 14.044696225 0.000045896 0.042448411 0.000094922 30.000000000" Properties=species:S:1:pos:R:3:tags:I:1:forces:R:3 energy=-306.69710911 stress= -3.67156 -3.04154 -1.39437 0.41199 0.08838 1.12445 pbc="T T T"
Mo        2.25250        0.41702        3.96737        1        0.265296        0.549587        0.046297
Mo        5.40889        2.28228        4.00360        1        0.295807        -0.016263        -0.051521
Mo        2.32827        3.53901        4.08306        1        -0.049248        0.187295        -0.483102
Mo        5.88787        5.84146        3.94476        1        0.089327        0.373059        -0.033775
Mo        2.45592        10.08363        4.08619        1        0.064828        0.250198        -0.144518
Mo        4.12320        12.38401        4.15417        1        -0.227835        -0.076049        0.086333
Mo        8.54795        0.37034        4.01097        1        0.046648        0.187222        0.081942
Mo        11.47076        1.78722        3.86543        1        0.419601        0.091997        0.172250
Mo        8.51762        3.71673        3.92911        1        0.325200        -0.073440        -0.187063
Mo        11.77375        6.04324        3.83148        1        -0.210746        -0.422609        0.181496
Mo        8.79007        6.84266        3.77405        1        0.169837        -0.835215        0.028005
Mo        11.62756        12.88050        4.09512        1        0.177755        -0.030448        -0.171413
Mo        14.57875        0.17043        3.90405        1        -0.063616        -0.089367        -0.435526
Mo        18.00330        2.35809        3.94386        1        0.307230        -0.153409        -0.069395
Mo        13.24891        3.74601        3.83695        1        -0.478725        -0.172707        0.483641
Mo        18.12692        9.70519        3.42206        1        -0.844225        0.902921        0.719844
Mo        15.45571        10.92732        3.70748        1        -0.348050        -0.609580        -0.062033
Mo        18.13302        12.66724        3.80023        1        -0.238200        0.241574        0.167578
Te        1.27702        2.10634        5.98949        2        -0.089732        -0.442438        0.536109
Te        4.40760        4.23173        5.71851        2        0.299176        -0.259664        0.084268
Te        1.39142        2.22614        1.95258        2        -0.067918        -0.385511        0.213014
Te        4.43757        0.35242        2.25823        2        -0.277085        0.008448        0.283230
Te        1.29219        5.82559        4.60104        2        -0.341344        -0.416615        -0.106571
Te        4.58115        10.19354        5.78560        2        0.049964        0.423473        -0.354636
Te        1.41398        8.18947        2.29165        2        -0.003079        0.167920        -0.658497
Te        4.33968        4.17433        2.31383        2        0.078892        0.089515        -0.079945
Te        1.87181        12.29918        5.76232        2        -0.479926        -0.105974        -0.350105
Te        4.34534        0.51226        5.84793        2        -0.123832        -0.219852        -0.596922
Te        2.04222        12.15892        2.28849        2        0.086546        -0.181030        0.041537
Te        3.70541        7.42876        4.38897        2        0.336894        0.070602        0.302854
Te        7.34057        2.02450        5.82014        2        0.631839        0.160231        0.122304
Te        10.80982        4.06029        5.49039        2        -0.259804        -0.000913        -0.025438
Te        7.34173        1.95984        2.13882        2        0.460376        -0.005809        0.070727
Te        10.31572        14.03098        2.05410        2        0.257455        0.191902        -0.203563
Te        7.73285        5.46626        5.88473        2        0.202753        0.452818        -0.231994
Te        10.52219        10.63737        4.27773        2        -0.246842        0.039862        0.050121
Te        7.62663        5.34521        1.91901        2        0.117300        0.066110        0.106239
Te        10.90005        4.03837        2.17617        2        0.003153        -0.443281        0.189503
Te        6.92548        12.44980        3.90530        2        0.115328        -0.127223        0.185990
Te        10.41918        0.33233        6.00817        2        0.063710        -0.194230        -0.138449
Te        6.85185        8.43660        3.38728        2        -0.193648        0.185902        0.185847
Te        10.67111        7.59667        1.95217        2        -0.492647        0.035413        -0.366862
Te        13.54928        1.76933        5.78072        2        -0.128617        0.367463        -0.456233
Te        16.08541        4.03742        3.78252        2        0.054385        0.100072        -0.037221
Te        13.56169        1.76788        1.88267        2        -0.261712        0.358973        0.624517
Te        16.75811        0.68697        2.23340        2        -0.005426        -0.516814        0.081353
Te        13.75266        5.79069        5.59533        2        0.275301        -0.114401        -0.105964
Te        17.30372        10.93262        5.69123        2        0.160283        0.149153        -0.227606
Te        12.70374        8.72153        3.61265        2        -0.138024        -0.036510        0.162610
Te        15.90974        8.29905        3.98778        2        0.495387        -0.007135        -0.177875
Te        14.00337        12.16045        5.65197        2        -0.771712        0.368024        -0.176219
Te        16.78336        0.42631        5.52318        2        0.250653        0.060732        0.057053
Te        13.64409        12.32634        2.11415        2        -0.164774        0.101531        0.541314
Te        17.07006        11.39958        1.61748        2        0.425364        -0.240553        0.101276
