54
Lattice="18.429676749 0.000008540 -0.000615361 -0.000005198 10.852719811 0.000045896 0.042448411 0.000094922 30.000000000" Properties=species:S:1:pos:R:3:tags:I:1:forces:R:3 energy=-317.92236947 stress= 2.71903 -3.60007 2.58110 -2.42287 4.15419 -0.65795 pbc="T T T"
Mo        2.49934        10.76103        3.74465        1        -0.689624        -0.622838        1.718302
Mo        5.43629        1.75445        3.73249        1        -1.526794        -0.815839        0.918004
Mo        2.36618        3.75058        3.68246        1        0.153049        -1.116778        0.855692
Mo        5.31390        5.40198        3.71051        1        1.244776        0.149039        0.643103
Mo        2.05167        7.09538        3.83741        1        1.872650        1.206807        1.077655
Mo        5.41135        9.18412        3.75855        1        -1.617704        -1.170416        2.230826
Mo        8.57830        0.00550        3.90028        1        -1.039862        -0.533196        -1.355237
Mo        11.63192        1.90153        3.92976        1        -1.309860        -0.304363        0.128942
Mo        8.39170        3.66962        3.90885        1        -0.414507        -0.940052        -1.339517
Mo        11.71564        5.45221        4.05609        1        -0.451415        2.267780        0.365639
Mo        8.37444        6.94531        3.85987        1        -0.548659        0.966779        1.447783
Mo        11.33577        9.17645        4.02841        1        1.008508        -1.435512        1.043286
Mo        14.69663        0.23601        4.18928        1        -0.750133        -0.923676        0.289481
Mo        17.97333        1.83374        3.97435        1        -2.394853        -0.299403        -1.091905
Mo        14.56396        3.65481        4.13788        1        -0.537689        -0.219716        -0.556904
Mo        17.76417        5.35232        3.90843        1        -0.209439        0.510969        0.264333
Mo        14.69543        7.26719        4.15147        1        -0.256551        -0.368559        -1.708352
Mo        17.75095        9.20487        4.06275        1        -0.313356        -2.059069        0.553432
Te        1.52952        1.74135        5.48718        2        1.625929        0.942498        1.384446
Te        4.32927        3.73807        5.50885        2        -0.046360        -0.965264        0.160295
Te        1.50509        1.70014        2.00105        2        -0.644009        0.727454        -0.116818
Te        4.32691        10.68053        1.92883        2        0.936863        1.139541        -1.152883
Te        1.22400        5.38934        5.73045        2        0.830303        -0.548052        0.114896
Te        4.18783        7.32496        5.53404        2        0.748321        -0.390830        -0.593437
Te        1.28888        5.47229        1.95760        2        -0.688629        -0.863154        -0.866879
Te        4.54795        3.51115        1.92681        2        -1.047362        0.519187        -0.286324
Te        1.45411        9.08213        5.76735        2        -0.425197        -0.153412        -0.669825
Te        4.35484        0.09559        5.80977        2        0.647493        -0.364440        -1.641397
Te        1.18471        8.88715        2.14442        2        -0.062840        1.238878        -0.768140
Te        4.33372        7.22091        2.04103        2        -0.641707        0.515199        0.053878
Te        7.36785        1.68763        5.56283        2        0.328384        0.811547        0.646926
Te        10.43468        3.69849        5.58380        2        0.299825        -0.245915        1.316795
Te        7.43447        1.60249        1.97627        2        1.105615        0.871864        0.372946
Te        10.79008        10.80956        2.08879        2        -1.426058        1.306439        -0.270412
Te        7.15121        5.31394        5.72429        2        0.726722        0.123750        -0.410267
Te        10.38130        7.15730        5.81402        2        0.122641        0.252347        -0.416268
Te        7.41231        5.25461        1.95563        2        0.053773        0.508797        -0.029838
Te        10.71434        3.99081        2.17931        2        -1.123158        -2.381812        -0.420098
Te        7.32575        8.84097        5.60649        2        0.842337        0.715051        0.107080
Te        10.40916        0.21632        5.68306        2        0.703169        -0.383345        1.438421
Te        7.48803        8.99383        2.24861        2        0.958403        -0.367762        -1.633560
Te        10.45426        7.27866        2.32136        2        1.041326        -0.357645        -0.919822
Te        13.32971        1.79184        6.05760        2        1.333194        0.733254        -0.932369
Te        16.73848        3.54742        5.67987        2        0.240544        0.352454        0.926152
Te        13.63270        1.87219        2.28396        2        1.021479        0.054559        -0.528297
Te        16.71964        0.09228        2.43011        2        -0.446652        0.021174        -1.762835
Te        13.67830        5.59572        5.93190        2        -0.136908        -0.942585        0.333241
Te        16.76872        7.19650        5.85305        2        0.396640        0.449448        -0.590889
Te        13.64206        5.44558        2.17121        2        0.841167        0.372591        0.900493
Te        16.67904        3.51887        2.29466        2        -0.359176        0.198420        -0.586986
Te        13.44234        9.08525        5.81998        2        0.535249        0.478797        -0.163590
Te        16.92159        0.19732        5.89216        2        -0.591803        -0.360616        0.070373
Te        13.54028        9.06740        2.38528        2        0.828977        0.415497        0.523920
Te        16.74412        7.09866        2.14526        2        -0.749736        1.277759        0.938383
