54
Lattice="18.429676749 0.000008540 -0.000615361 -0.000005198 11.491115093 0.000045896 0.042448411 0.000094922 30.000000000" Properties=species:S:1:pos:R:3:tags:I:1:forces:R:3 energy=-314.61954263 stress= -4.64070 -13.89074 -1.78539 1.72365 -2.76795 0.31214 pbc="T T T"
Mo        2.31386        0.24258        3.85877        1        0.634029        -0.571382        0.221919
Mo        5.24587        1.84483        3.86293        1        1.447401        0.222401        1.551779
Mo        2.40658        3.87253        4.01147        1        -1.363525        0.106028        -0.175574
Mo        5.40753        5.82206        4.17766        1        -1.287275        0.447416        -0.799798
Mo        2.35678        7.74530        3.88897        1        0.689890        -1.164902        0.580034
Mo        5.41674        9.60256        3.96868        1        -0.696803        0.263405        0.528386
Mo        8.62223        11.33545        3.93474        1        -1.667816        -0.823673        0.275954
Mo        11.39992        1.75859        3.92309        1        1.048580        0.273042        0.686301
Mo        8.43349        3.85376        4.25476        1        -1.938649        0.539285        -0.618088
Mo        11.42212        5.69231        4.04516        1        -0.393786        -0.649842        -1.811742
Mo        8.21761        7.57443        3.94870        1        1.339936        0.893930        -0.160922
Mo        11.71087        9.49757        3.66115        1        -0.143030        -0.453830        1.632318
Mo        14.71058        11.39841        3.85720        1        1.331300        2.112774        -1.282005
Mo        17.75436        2.01094        3.80586        1        0.542027        0.674191        1.941988
Mo        14.64685        3.79075        3.79021        1        -1.384096        0.531972        1.901607
Mo        17.50273        5.95605        3.94513        1        1.331516        -1.145360        1.282037
Mo        14.72167        7.60140        3.87110        1        -0.868018        0.219383        -0.952036
Mo        17.52064        9.60343        3.71823        1        0.801899        -0.521088        1.258791
Te        1.34855        1.95266        5.85493        2        -0.153053        0.334819        -1.459888
Te        4.50882        3.80575        5.62364        2        -0.322632        -0.471697        1.507644
Te        1.45694        2.22362        2.04084        2        -0.375653        -0.586921        0.619951
Te        4.52696        0.05286        2.11063        2        -1.190812        -0.791086        -0.275407
Te        1.16603        5.65263        5.78798        2        0.537602        0.814160        -0.972727
Te        4.22880        7.72894        5.91822        2        0.346441        0.206032        -1.147336
Te        1.31016        5.83001        2.19519        2        0.047923        -0.053889        0.704368
Te        4.45706        3.93742        2.23679        2        -0.344156        -0.047376        0.232791
Te        1.39751        9.64346        5.53196        2        -1.157715        0.392992        -0.100836
Te        4.30283        11.39278        5.71120        2        0.175437        0.815833        -0.149696
Te        1.38932        9.67888        2.28457        2        -0.239738        0.121919        -1.315551
Te        4.65280        7.73594        2.20321        2        -1.812123        -0.498161        0.487490
Te        7.56288        1.68722        5.61613        2        -0.756859        0.238543        0.672516
Te        10.59627        3.73822        5.82450        2        -0.074277        -0.119669        0.254017
Te        7.39827        1.90096        2.29738        2        0.750000        0.054036        0.128614
Te        10.50415        11.36422        2.19331        2        0.811340        0.442795        -2.098816
Te        7.30832        6.03580        5.98773        2        0.937653        -1.151321        -0.071077
Te        10.59171        7.67012        5.62896        2        -0.544500        0.274999        -0.338959
Te        7.08709        5.66144        2.23259        2        2.619452        -0.059684        0.106972
Te        10.21054        3.63169        2.40521        2        1.349244        0.982811        -1.242416
Te        7.47411        9.56908        5.71931        2        0.165632        -0.066054        0.024922
Te        10.81174        11.06506        5.57380        2        -0.792306        1.381977        0.834786
Te        7.32895        9.48109        2.11125        2        1.215390        0.449536        0.306145
Te        10.46721        7.66504        2.17136        2        -0.729391        -1.043803        0.000676
Te        13.60530        1.94442        5.59418        2        0.274503        -0.701328        -0.237150
Te        16.68236        3.86758        5.87642        2        -0.304373        -0.101850        -1.812423
Te        13.70288        1.86472        2.20542        2        -1.199978        -0.309423        -0.558646
Te        16.83292        0.32732        1.98720        2        -0.695067        -1.488218        0.190461
Te        13.58721        5.64291        5.49359        2        0.789905        0.446975        0.991281
Te        16.61717        7.71440        5.86559        2        0.098994        0.281233        -1.336842
Te        13.32072        5.68934        2.03972        2        0.756816        -0.091182        0.888565
Te        16.61592        4.07090        2.23866        2        1.416789        -0.755443        -1.419944
Te        13.86497        9.67221        5.48507        2        -1.150955        -1.841778        0.983500
Te        16.89507        11.42491        5.68049        2        -0.868478        0.606938        -1.187243
Te        13.65867        9.53426        1.88985        2        1.125495        -0.111421        0.560945
Te        16.63972        7.44625        1.94730        2        -0.167187        1.505171        0.163161
