54
Lattice="19.174335959 0.000456436 -0.025753600 -0.000245188 11.539990792 0.000007040 0.013560858 0.000001769 30.000000000" Properties=species:S:1:pos:R:3:tags:I:1:forces:R:3 energy=-313.91161100 stress= -4.20579 -11.60499 1.86781 0.00783 -0.50266 -0.18600 pbc="T T T"
Mo        2.30036        0.06303        3.75704        1        -0.919401        0.077258        1.700360
Mo        4.54155        1.92080        4.10251        1        0.232275        0.890536        -0.625080
Mo        2.27321        3.65706        3.93918        1        -0.771977        -0.664215        0.115232
Mo        4.53568        5.42564        4.11061        1        -0.840249        -0.653292        0.070457
Mo        2.19310        7.76259        3.82021        1        0.470646        0.367222        -0.390131
Mo        4.47142        9.95309        4.10099        1        -0.379411        -1.049837        0.285762
Mo        8.79393        11.51476        3.55012        1        -0.238913        0.057239        -0.382067
Mo        10.91253        2.15422        4.05995        1        -1.125911        0.644633        -0.149150
Mo        8.61771        4.24626        3.67485        1        1.404772        -0.451149        1.416242
Mo        11.04861        6.08226        4.12998        1        -1.221718        -1.257092        -2.057259
Mo        8.48489        7.56486        3.96759        1        0.378246        0.124005        -1.031063
Mo        10.71870        9.38363        3.89343        1        0.511115        0.174659        1.137021
Mo        14.83886        11.46504        3.93609        1        0.303910        0.328148        1.096496
Mo        17.39017        1.79607        4.14571        1        -1.732566        -0.651745        -1.472029
Mo        14.98051        3.53206        3.72814        1        0.228238        0.245051        -0.303303
Mo        17.27748        5.59635        4.00748        1        -0.787733        -1.014872        -0.774276
Mo        14.84070        7.82551        3.88089        1        -0.763563        1.006919        -2.300725
Mo        17.13540        9.87702        4.17366        1        -0.068424        -0.839680        -0.498464
Te        0.54347        1.88487        5.45568        2        1.565021        -0.052546        0.200169
Te        3.84142        3.68507        6.12826        2        0.186053        0.333835        -0.421814
Te        5.81110        11.52715        2.52885        2        1.461287        0.667059        -0.837824
Te        2.93438        1.91810        1.95126        2        -0.227401        0.182187        -0.235876
Te        0.52884        5.89069        5.02335        2        1.144338        -1.157550        0.338211
Te        4.08945        7.54961        5.70613        2        -0.273125        0.970568        0.220359
Te        6.10509        4.06422        2.40740        2        -0.355866        -0.546493        0.157599
Te        2.73774        5.57569        2.10559        2        -0.039057        0.631402        -0.168083
Te        0.59175        9.47221        5.25740        2        0.279742        0.884989        0.151180
Te        3.88001        0.28421        6.02834        2        -0.436857        -1.212630        0.146182
Te        5.85562        7.47091        2.68912        2        0.070235        0.833572        0.379725
Te        2.87790        9.70137        1.92675        2        -0.317503        -0.581042        0.072780
Te        7.28792        2.01043        4.85280        2        -0.211275        -0.064998        0.330930
Te        10.29501        4.01354        5.91979        2        -0.221597        0.321428        -0.380728
Te        12.13980        0.05407        2.60030        2        0.226262        -0.212760        0.149980
Te        9.19388        2.20787        2.07319        2        0.190971        -0.616232        -1.489173
Te        7.12586        5.61770        5.29662        2        -0.834080        0.476131        1.192518
Te        10.27716        7.74864        6.03417        2        -0.150491        0.286594        -0.054304
Te        12.35701        4.04385        2.33601        2        0.128790        -0.433242        0.816564
Te        9.24238        5.93441        1.84216        2        0.663663        0.858706        0.278824
Te        7.11988        9.88374        4.91704        2        -0.057904        -1.081004        0.742500
Te        10.24647        11.52291        5.78726        2        0.317761        -0.037626        -0.461816
Te        12.40218        8.00566        2.26250        2        -0.430570        -0.814676        0.536786
Te        8.84617        9.33042        1.89165        2        0.535362        0.440466        -0.111974
Te        13.32029        2.09825        5.23311        2        0.399328        -0.865020        0.635378
Te        16.61378        3.65874        5.77884        2        -0.147101        0.936893        1.733778
Te        18.77072        11.46660        2.66882        2        0.446547        -0.090073        -0.704861
Te        15.67405        1.57861        2.01027        2        -0.094780        0.763279        -0.464060
Te        13.55351        5.61007        5.32400        2        0.042395        0.457912        -0.263300
Te        16.47229        7.54002        5.70427        2        1.319185        0.593167        2.133081
Te        18.89519        3.57026        2.50801        2        -0.128057        0.488555        0.293502
Te        15.37507        5.66974        2.11732        2        0.326730        0.381100        -0.348098
Te        13.18366        9.41592        5.37808        2        0.229404        0.631870        -0.171645
Te        16.60037        0.08431        6.16192        2        -0.458055        -0.292519        -0.560059
Te        18.61140        7.71671        2.72539        2        -0.161778        0.452918        -0.151881
Te        15.40879        9.78163        1.96199        2        0.334010        -0.920342        0.460250
