54
Lattice="19.904050889 0.000008540 -0.000615361 -0.000005198 10.639921383 0.000045896 0.042448411 0.000094922 30.000000000" Properties=species:S:1:pos:R:3:tags:I:1:forces:R:3 energy=-315.16018866 stress= -15.43134 -5.08361 -4.64239 -1.35352 3.27154 -0.72479 pbc="T T T"
Mo        2.37229        10.59754        3.76912        1        0.690713        -0.638112        0.383020
Mo        5.78696        1.55306        3.92686        1        0.373200        0.655831        1.991158
Mo        2.57269        3.47120        3.88565        1        -0.442791        -1.196971        -0.867984
Mo        5.74549        5.17144        4.00626        1        -0.382122        -0.046202        -0.283803
Mo        2.57362        7.02436        3.69104        1        -1.099428        -0.788634        -0.033719
Mo        5.83775        8.59196        3.88375        1        -0.269523        0.532888        0.264749
Mo        9.08591        0.02807        3.94766        1        1.082899        -0.787289        1.306879
Mo        12.38457        1.68652        3.95190        1        1.000098        0.642723        0.671691
Mo        8.98816        3.71619        3.92752        1        0.771953        -0.255447        1.541094
Mo        12.51458        5.50189        3.98004        1        0.156560        -1.445698        0.149332
Mo        9.30008        7.05140        4.08934        1        -1.672619        -0.496039        -1.715399
Mo        12.54802        8.78519        4.03162        1        0.168192        0.210150        0.114556
Mo        15.72737        0.32994        4.24362        1        0.384619        -1.805603        -1.536281
Mo        19.14696        2.09229        3.81504        1        -0.816793        -1.716941        1.273905
Mo        15.93479        3.70195        3.80881        1        -0.491387        -0.796650        0.721330
Mo        19.36143        5.34706        3.90097        1        -2.581781        0.852858        -1.779836
Mo        16.08024        7.23409        3.83420        1        -0.063664        0.093137        1.454886
Mo        19.29271        8.98114        3.89601        1        -1.759400        -0.507732        -1.171057
Te        1.38514        1.74230        5.67369        2        -0.110999        -0.093459        -0.688621
Te        4.52238        3.42488        5.76019        2        0.931458        -0.466982        -0.325790
Te        1.21898        1.77244        2.06471        2        0.830944        -0.074174        -0.071172
Te        4.75566        10.47150        2.09365        2        -0.327367        -0.498636        0.361330
Te        1.35324        5.16651        5.51707        2        1.996406        0.868358        1.382207
Te        4.40220        7.01148        5.68356        2        1.012504        -0.262477        -0.418670
Te        1.72875        4.96507        1.76768        2        -0.676245        1.594917        1.398777
Te        4.72098        3.13891        2.19719        2        -0.116084        1.729271        -0.514422
Te        1.32699        8.67194        5.54290        2        1.695830        0.877955        0.478005
Te        4.61018        10.44662        5.53659        2        -0.391130        -0.386631        0.309919
Te        1.47011        8.82749        1.85069        2        -0.352834        0.088289        1.090966
Te        4.78209        6.83481        2.11584        2        -0.052672        0.260057        -0.409756
Te        8.11832        1.87093        5.81397        2        -0.723692        -0.364224        -0.732494
Te        11.25737        3.40476        5.65603        2        -0.207999        1.328303        -0.117928
Te        7.93786        1.83390        2.39490        2        0.415986        -0.331444        -1.808646
Te        11.38374        10.57815        2.23789        2        -0.600842        -0.474548        0.037552
Te        7.69094        5.52038        5.92099        2        1.143875        -1.030267        -1.260969
Te        11.23185        7.06195        5.82346        2        1.499443        0.040065        0.399881
Te        7.86029        5.31461        2.10632        2        0.449063        0.247899        0.883555
Te        11.44246        3.60314        2.21943        2        -0.884679        0.172707        0.408033
Te        7.94699        8.75938        5.73539        2        0.236996        0.871865        -0.382440
Te        11.51029        10.51826        5.86518        2        -0.843435        0.282093        -0.871885
Te        8.10643        8.67777        2.22960        2        0.066579        0.783753        0.166811
Te        11.53371        7.12055        2.10007        2        -0.653538        0.179163        0.699934
Te        14.55727        2.08818        5.79198        2        -0.072723        0.251996        -0.176429
Te        18.00654        3.65176        5.73038        2        0.260280        0.706621        -0.758970
Te        14.51663        1.81283        2.21470        2        0.736318        0.365126        0.322972
Te        17.78496        0.06756        2.35749        2        0.614993        1.064910        -0.033310
Te        14.84486        5.43722        5.53485        2        -0.228116        0.532073        0.576592
Te        18.20369        7.23429        5.73265        2        -0.057177        -0.329461        -1.040126
Te        14.76738        5.52505        2.20251        2        -0.346383        -0.145563        -0.588562
Te        18.06360        3.84243        2.05347        2        -0.067279        -0.694831        -0.166335
Te        14.89267        8.90610        5.82559        2        -0.383100        0.000575        -0.509060
Te        18.06138        0.30332        5.79975        2        0.275738        -0.339593        -1.035304
Te        14.84468        9.03898        2.33706        2        -0.628471        0.535250        0.054146
Te        18.15633        7.19380        2.02811        2        0.530942        0.165446        0.872425
