54
Lattice="19.940895089 0.000456147 -0.025753600 -0.000245476 10.721779888 0.000007040 0.013560576 0.000001770 30.000000000" Properties=species:S:1:pos:R:3:tags:I:1:forces:R:3 energy=-313.75495279 stress= -6.43681 -4.70239 1.56906 -0.35279 -1.49143 1.03449 pbc="T T T"
Mo        2.28248        10.64817        3.99677        1        -0.757049        -0.258410        -1.857215
Mo        4.68062        1.33006        4.19570        1        -0.653632        1.446127        -2.155123
Mo        2.21877        3.74322        3.86931        1        0.503377        0.540379        0.360168
Mo        4.66712        5.59896        4.18292        1        0.716211        -0.727563        -0.713791
Mo        2.43350        7.16695        3.92516        1        -1.305956        -0.217117        -1.214912
Mo        4.74891        8.92583        3.95524        1        -0.453713        0.051635        1.946344
Mo        9.09530        10.67603        3.74649        1        -0.488610        1.189828        1.454691
Mo        11.30377        1.70109        4.20110        1        1.046885        -0.434571        -0.507169
Mo        9.08295        3.18355        4.15222        1        -1.817929        2.442556        -0.133962
Mo        11.34936        5.42100        4.03575        1        -0.060349        -0.811153        -0.382923
Mo        8.89690        7.63813        3.99882        1        -0.827370        -1.412200        -0.920580
Mo        11.34275        9.05586        3.86367        1        -0.012662        -0.947806        1.290285
Mo        15.46784        0.04655        3.72354        1        1.221224        0.087847        -0.402212
Mo        18.10627        2.02305        3.82198        1        -1.716304        0.236250        -0.967949
Mo        15.35646        3.47936        3.82760        1        0.877773        0.949071        -2.034923
Mo        18.07725        5.45359        3.92880        1        -1.156033        0.059642        0.414095
Mo        15.67001        6.93304        3.80211        1        -1.068600        1.306295        -0.229980
Mo        18.02480        8.62698        3.85981        1        0.202793        0.019321        0.207610
Te        0.86008        1.84758        5.18555        2        -2.017950        0.068415        0.802599
Te        3.83020        3.61118        5.90419        2        0.738312        -0.411882        0.386660
Te        5.90435        10.48511        2.11377        2        0.561751        1.129347        0.681555
Te        2.92067        1.81659        2.06466        2        0.322037        -0.619691        0.234390
Te        0.55986        5.41540        5.40817        2        0.366657        0.284799        -0.229709
Te        3.97560        7.25747        6.07912        2        0.244776        0.356865        0.567432
Te        6.07332        3.37493        2.69719        2        0.020389        0.356578        0.758154
Te        3.22447        5.16973        1.96281        2        -0.141378        1.665995        -0.501619
Te        0.72458        9.04674        5.42063        2        -1.117376        -1.353689        -0.019266
Te        3.65295        10.63805        6.12376        2        1.591504        -0.643283        1.056596
Te        6.29185        7.06738        2.55524        2        0.073946        0.514316        -0.012560
Te        2.90406        9.08802        2.04090        2        -0.267804        -1.225774        -1.297833
Te        7.18750        1.86161        5.16106        2        -0.549033        -1.307973        0.736610
Te        10.79208        3.57666        6.08999        2        0.626546        -0.034680        0.259747
Te        12.89011        0.02589        2.41986        2        0.123716        0.174649        0.033198
Te        9.62684        1.86833        2.05380        2        0.651090        -0.365550        -1.853580
Te        7.36031        5.44699        5.33175        2        0.282847        0.157239        0.279937
Te        10.59234        7.02104        5.90267        2        0.622959        1.345960        0.892016
Te        12.82518        3.50123        2.41261        2        0.066354        0.027476        0.882017
Te        9.24365        5.34822        2.38599        2        0.605138        0.003733        -0.205355
Te        7.29863        9.35629        5.25548        2        -0.521329        -1.120638        0.666192
Te        10.59051        10.56578        6.09954        2        0.482119        0.152997        -1.077473
Te        12.65507        7.02105        2.31245        2        0.761758        0.641991        0.336351
Te        9.41309        9.05055        1.79229        2        0.636822        -0.891462        -0.563141
Te        14.14639        1.72212        5.35998        2        -1.559185        -0.226391        0.923937
Te        17.03922        3.57051        5.76080        2        1.435299        0.176169        1.079584
Te        19.33761        10.70238        2.26334        2        0.491697        -0.090959        0.926777
Te        15.90839        1.88146        1.73730        2        0.992637        -0.349963        0.697385
Te        14.04971        5.32722        5.44509        2        -0.524863        0.243174        -0.451818
Te        17.15042        7.03440        6.00358        2        0.815477        0.376671        -0.658206
Te        19.60321        3.73121        2.53212        2        0.936153        -0.395350        -0.781140
Te        16.24975        5.45850        1.78602        2        0.202313        -1.090092        0.141496
Te        14.05847        8.92570        5.21591        2        -0.620406        -0.277454        -0.198304
Te        17.51568        0.08484        5.57344        2        -0.315536        -0.823780        0.225514
Te        19.72269        7.03856        2.18540        2        -0.184050        0.545956        1.099323
Te        16.24127        8.94108        1.87516        2        -0.069578        -0.512254        0.036786
