54
Lattice="19.173937585 0.000456147 -0.025753600 -0.000245476 11.134156037 0.000007040 0.013560576 0.000001770 30.000000000" Properties=species:S:1:pos:R:3:tags:I:1:forces:R:3 energy=-311.74003514 stress= -6.12998 -11.66153 -3.58377 -1.04190 4.39514 -0.05676 pbc="T T T"
Mo        2.50584        0.21977        3.76269        1        -1.888848        0.738344        -3.010785
Mo        4.58757        2.34166        3.93314        1        0.696134        -1.307939        -0.277372
Mo        2.26540        3.79219        3.52304        1        -0.959471        0.398575        -1.305263
Mo        4.50963        5.50394        3.58941        1        -0.731912        0.604470        1.497949
Mo        1.94905        7.23851        3.66623        1        0.332224        0.022081        -1.710658
Mo        4.41939        8.94524        3.77942        1        -0.849777        0.055204        0.753639
Mo        8.36106        10.84838        4.11226        1        0.340086        -0.821170        0.183577
Mo        10.66391        1.37085        4.15953        1        2.772704        -0.399642        1.922247
Mo        8.77658        3.98471        4.01797        1        -1.350325        -1.051822        -0.841136
Mo        10.89002        5.65530        3.97030        1        1.452612        0.623209        2.193195
Mo        8.49278        7.12770        3.82493        1        0.501404        1.367974        -1.654481
Mo        10.86405        9.00944        4.25205        1        0.855591        0.237207        0.954578
Mo        15.03525        0.49768        4.17804        1        -0.424674        -0.710378        -0.433341
Mo        17.30366        2.10026        4.02176        1        -0.775492        -0.804916        1.180472
Mo        14.77218        3.81728        4.00940        1        -0.828498        -0.388571        -0.833543
Mo        17.01172        5.21871        3.95525        1        1.470160        1.603608        -0.460303
Mo        15.27252        7.46471        3.53425        1        -0.505292        -0.628730        0.495322
Mo        17.52208        9.63268        4.11382        1        -1.410190        0.451451        0.109822
Te        0.69489        2.13359        5.33381        2        0.501325        -0.507556        -0.671149
Te        3.53753        3.94086        5.75158        2        1.224212        -0.374245        0.626815
Te        5.94291        11.01176        2.51477        2        0.254188        0.472163        0.583155
Te        3.19431        2.02956        1.59891        2        -0.588229        -0.240003        1.158442
Te        0.58063        5.46227        5.21081        2        -0.854420        0.187675        -0.104544
Te        3.66872        7.09892        5.61608        2        0.530621        0.633132        0.549766
Te        6.32394        3.82252        2.49478        2        -0.032829        -0.338566        -0.644492
Te        2.79105        5.64423        1.42576        2        -0.412642        -0.059398        1.434950
Te        1.03434        9.45862        5.30371        2        -0.776595        -0.143947        -0.512589
Te        4.23084        0.06953        5.55472        2        0.712123        -0.108110        1.625704
Te        5.78993        7.51451        2.07404        2        1.106456        -0.638078        -0.068038
Te        2.52687        9.27936        1.75089        2        0.212394        0.110459        1.124417
Te        7.15576        1.83880        5.75674        2        -0.312014        0.239960        -1.221525
Te        10.46104        3.49381        5.93225        2        0.058700        0.278656        0.408554
Te        12.55650        10.99162        2.50362        2        -1.059978        0.447330        1.476258
Te        8.95658        1.68532        2.40482        2        -1.217734        0.586047        -1.894585
Te        6.95213        5.49327        5.33152        2        -0.555637        -0.118678        0.194007
Te        9.96973        7.08930        6.02269        2        0.555495        0.848433        0.280505
Te        12.18536        3.43991        2.74567        2        -0.008285        0.015221        -0.281378
Te        9.61062        5.28944        1.85511        2        -2.032123        0.726130        -1.484476
Te        6.64694        8.85855        5.52749        2        1.033881        0.249844        -0.827503
Te        10.08715        10.86607        6.24476        2        0.217675        -0.551250        -0.658873
Te        12.43511        7.34732        2.25348        2        0.285486        0.184583        1.072157
Te        9.51749        9.29246        2.13102        2        -1.847216        -0.627679        -0.652706
Te        13.35008        2.02127        5.75796        2        0.320762        -0.772392        -0.554550
Te        16.30421        3.89972        6.06958        2        1.353993        -0.864726        0.862807
Te        19.00324        0.10117        2.44627        2        -0.250958        0.218670        0.784722
Te        15.13700        2.07758        2.05723        2        0.941318        -0.487453        -0.239326
Te        13.32497        5.70781        5.31202        2        0.266373        0.473113        -0.176029
Te        16.40206        7.57799        6.11831        2        0.676250        -0.008300        -1.921816
Te        18.70538        3.67293        2.40647        2        0.086446        0.524074        -0.630242
Te        15.30421        5.36801        1.70676        2        0.287298        0.421346        0.896108
Te        13.73997        9.17518        5.11448        2        -0.493709        0.308521        0.288725
Te        16.87338        0.39038        6.19286        2        0.130822        -0.610993        -1.032266
Te        18.44207        7.38887        2.40786        2        -0.378059        0.143831        0.975725
Te        15.47741        9.79698        2.09711        2        1.352139        -0.624733        0.487647
