54
Lattice="20.324373841 0.000456147 -0.025753600 -0.000245476 10.309403738 0.000007040 0.013560576 0.000001770 30.000000000" Properties=species:S:1:pos:R:3:tags:I:1:forces:R:3 energy=-312.01534878 stress= -10.32737 -1.58897 -2.66802 2.41729 -0.67545 -1.24620 pbc="T T T"
Mo        2.18677        0.24195        3.73820        1        0.699071        -0.734283        0.462459
Mo        4.63861        1.76403        3.85837        1        0.314043        -0.481085        0.591246
Mo        2.29442        3.60230        4.02929        1        -0.484252        0.165897        -1.290394
Mo        4.65315        5.23988        4.17421        1        1.172629        -0.974675        -1.004477
Mo        2.16632        6.96710        4.22452        1        1.656809        -0.667183        -2.720751
Mo        4.70288        8.63081        3.76201        1        -0.006544        0.915868        0.477073
Mo        9.33102        10.25910        3.79579        1        -1.166148        -0.533952        -1.199823
Mo        11.43117        1.65916        3.95194        1        1.739021        -0.671929        1.320391
Mo        9.05668        3.45754        3.77111        1        -1.108539        -0.077701        0.915655
Mo        11.45482        4.90012        4.07003        1        0.637100        0.847691        1.357123
Mo        9.33866        6.83479        3.81348        1        -1.612812        -0.079152        2.142047
Mo        11.51781        8.34952        4.17431        1        0.935910        0.584357        -2.458047
Mo        15.78362        10.26106        3.86386        1        -1.253660        -0.831810        -1.812287
Mo        18.06567        1.29040        3.74178        1        0.562500        2.012021        0.235623
Mo        15.72776        3.48925        3.35171        1        1.245708        -0.120107        0.888532
Mo        18.37875        5.45058        4.06582        1        -2.093011        -1.613902        2.539047
Mo        16.12187        6.72698        4.03572        1        -1.198767        0.280555        -1.069674
Mo        18.51581        8.55076        4.18445        1        -3.417748        1.914291        1.117839
Te        0.48063        1.70970        5.12857        2        -0.537978        0.525293        0.609434
Te        4.05234        3.32975        6.09344        2        0.131728        0.662442        -0.745755
Te        6.09154        0.26490        1.89809        2        -0.205436        -0.573361        1.047123
Te        2.83325        1.99032        1.82104        2        0.049072        0.038076        0.438158
Te        0.74589        5.22214        5.79681        2        -0.206821        -0.499208        -0.627253
Te        4.40207        7.09397        5.93864        2        -0.950744        -0.016374        0.922435
Te        6.31285        3.54246        2.47693        2        0.308936        0.341669        0.065024
Te        2.99175        5.36441        1.97064        2        -0.323277        -0.157449        1.547931
Te        0.69847        8.63417        5.47477        2        -0.729545        1.546227        1.073180
Te        4.01804        0.02274        5.90572        2        -0.040117        0.040044        -1.572877
Te        6.57853        6.95616        2.67288        2        -0.437530        -0.729525        -0.855774
Te        2.67014        8.66331        1.89369        2        0.339141        -0.406071        0.592546
Te        7.32930        1.50898        5.20611        2        -0.003313        0.425548        -0.114570
Te        10.42965        3.03696        5.98455        2        0.982673        1.245399        0.019218
Te        13.03845        10.12665        2.31299        2        0.633937        0.333398        1.078324
Te        9.86931        1.81249        1.91937        2        -0.681491        -0.919423        -1.706331
Te        7.47959        5.15050        5.45745        2        0.008323        -0.044152        -0.319640
Te        10.96558        6.76178        6.17391        2        -0.610785        -1.539400        -0.540127
Te        13.15334        3.51405        2.28823        2        -0.517714        -0.362044        0.225704
Te        9.87744        5.17800        1.94099        2        0.181036        -0.723156        -1.431274
Te        7.27772        8.62082        5.00416        2        0.581323        0.648836        0.583277
Te        10.85118        9.97775        6.03724        2        -0.286606        1.915767        0.162874
Te        13.46499        6.78228        2.79038        2        -0.302946        0.019149        -0.312069
Te        10.07085        8.41255        1.81549        2        -0.268456        1.180724        0.406844
Te        14.26646        2.05178        5.24819        2        -1.058176        -1.295785        0.000241
Te        17.38512        3.30376        5.49599        2        0.182915        0.199363        -0.124611
Te        19.89003        0.08675        2.34039        2        0.572179        -0.912313        -0.394667
Te        16.29527        1.44095        1.61657        2        0.112914        0.426678        0.397331
Te        14.15214        5.14358        5.46708        2        0.300207        -0.265254        -0.294502
Te        17.60262        6.90476        6.30973        2        0.168409        -0.008508        -1.097528
Te        19.87866        3.65557        2.52773        2        0.232783        -0.927329        0.402378
Te        17.03112        5.07712        1.59595        2        -0.603506        0.449901        1.223064
Te        13.91083        8.68600        5.63383        2        1.420692        -0.172869        -0.344104
Te        17.35669        0.02968        5.88621        2        0.539476        -0.265755        1.751126
Te        19.79469        6.97159        2.83588        2        5.064591        -0.181781        -4.023457
Te        16.85971        8.44144        1.91262        2        -0.683446        0.058611        1.466312
