54
Lattice="18.429676749 0.000008540 -0.000615361 -0.000005198 10.852719811 0.000045896 0.042448411 0.000094922 30.000000000" Properties=species:S:1:pos:R:3:tags:I:1:forces:R:3 energy=-317.01949388 stress= 1.51100 -3.10273 1.25584 1.02391 -1.62690 -0.08255 pbc="T T T"
Mo        2.48354        10.64832        3.80842        1        -1.609016        -0.274124        -0.442760
Mo        5.20285        1.76352        4.06873        1        1.485262        0.534407        0.869992
Mo        2.32060        3.56428        3.70380        1        -0.319528        1.044402        1.120358
Mo        5.48621        5.28179        4.22758        1        0.191536        1.016494        -0.291079
Mo        2.09537        7.16182        3.87091        1        2.032297        0.330047        2.313799
Mo        5.51750        9.29509        4.16067        1        -0.429139        -0.913968        -0.913668
Mo        8.39078        0.22572        4.32395        1        1.742457        -0.048286        -3.433789
Mo        11.55757        1.77187        4.07882        1        -0.920284        0.750867        -0.225637
Mo        8.50260        3.81938        4.23454        1        -0.662320        -0.367584        0.249676
Mo        11.43643        5.57951        3.89005        1        1.275720        -2.368584        0.936041
Mo        8.68302        7.37223        4.22457        1        -3.102405        0.899344        -1.723981
Mo        11.35925        9.13306        3.85894        1        2.397304        -0.364444        0.004904
Mo        14.52320        10.83684        3.69934        1        0.959457        0.913624        0.449762
Mo        17.62815        1.66494        3.75571        1        0.714822        0.561970        -2.044545
Mo        14.68225        3.55689        3.83049        1        -1.644418        0.146057        0.053394
Mo        17.74025        5.34451        3.73770        1        -0.502458        -1.392279        0.373829
Mo        14.77191        7.21426        3.71771        1        -2.017592        -0.309010        0.973519
Mo        17.82418        8.89345        3.57342        1        -0.996409        -0.325924        0.753370
Te        1.29228        1.61408        5.39855        2        -0.011531        0.703368        0.487283
Te        4.19914        3.50869        5.77555        2        -0.565221        0.257091        0.588806
Te        1.45347        1.62008        1.88436        2        -0.536939        0.342347        0.987046
Te        4.45363        0.09624        2.17141        2        1.066624        -0.736041        -1.088150
Te        1.29744        5.33560        5.74479        2        -0.314304        -0.422827        -1.064008
Te        4.31880        7.13223        5.93496        2        -0.279322        0.625480        -0.994472
Te        1.24126        5.57448        2.00196        2        0.975912        -2.020294        -1.146349
Te        4.59883        3.71114        2.30724        2        -0.966422        -0.359956        -1.418852
Te        1.33872        9.08177        5.67074        2        -0.778232        -0.812613        -0.401679
Te        4.20089        10.79368        5.83893        2        0.284021        0.517888        0.967035
Te        1.40160        8.78517        1.93862        2        0.762851        1.367726        -1.095417
Te        4.55771        7.29476        2.62215        2        -0.451089        -0.300623        -0.975496
Te        7.36722        1.87238        6.11517        2        -0.440808        0.954536        -0.736294
Te        10.47385        3.63280        6.00458        2        1.085049        0.197430        -0.863107
Te        7.41699        2.18195        2.48351        2        -0.105002        -1.775603        -0.095464
Te        10.51960        0.10344        1.98255        2        -0.892102        0.160637        1.701561
Te        7.47506        5.65335        5.94063        2        0.598497        -0.254264        1.031406
Te        10.75304        7.30999        5.73854        2        0.179054        0.335838        1.876889
Te        7.55693        5.57863        2.34861        2        -0.294986        0.158160        0.751443
Te        10.36458        3.56691        2.25611        2        0.605855        0.433942        0.652778
Te        7.44302        9.33575        5.97270        2        0.385576        -1.566667        0.836975
Te        10.66291        10.80532        5.82286        2        -0.774593        0.430181        0.513533
Te        7.43467        9.27387        2.14252        2        0.506833        -0.154588        1.928938
Te        10.40714        7.24770        2.23460        2        -0.091671        0.806492        -1.853105
Te        13.66532        1.83624        5.80467        2        0.431248        -0.336335        -0.992714
Te        16.76314        3.53551        5.49271        2        0.055417        -0.233645        0.732439
Te        13.34902        1.88465        2.14092        2        0.902239        -0.271075        -0.654724
Te        16.63025        10.82351        1.86243        2        -0.117315        -0.563374        0.142212
Te        13.63491        5.36645        5.59203        2        0.268902        0.663691        -0.494912
Te        16.75789        7.11559        5.43922        2        0.406556        0.703169        0.834489
Te        13.50926        5.43465        2.00720        2        0.003435        -0.225140        0.703443
Te        16.49345        3.44709        1.89488        2        1.215575        0.331597        0.355404
Te        13.73786        9.14950        5.56905        2        -0.758896        -0.982706        -0.344437
Te        16.75341        10.57725        5.29644        2        -0.806211        0.619458        1.337633
Te        13.55691        8.97217        2.03387        2        -0.642284        0.259841        -0.220950
Te        16.64668        6.93007        1.91770        2        0.492315        1.297604        -1.003305
