54
Lattice="21.378425029 0.000008540 -0.000615361 -0.000005198 12.342308804 0.000045896 0.042448411 0.000094922 30.000000000" Properties=species:S:1:pos:R:3:tags:I:1:forces:R:3 energy=-297.89218703 stress= -27.42017 -27.46069 -0.60151 0.91594 0.11890 -0.15352 pbc="T T T"
Mo        2.64602        12.25832        3.95514        1        -0.106246        -0.264433        -0.242492
Mo        6.12772        1.88769        3.89991        1        0.518092        0.157633        0.196321
Mo        2.70326        3.96056        3.80073        1        0.512284        -0.183838        0.129173
Mo        6.34310        6.16862        4.12457        1        -0.220516        -0.264534        0.244831
Mo        2.77083        8.16803        3.83385        1        0.737073        -0.539208        0.033347
Mo        6.18631        10.18041        4.10144        1        0.051380        -0.059689        -0.047947
Mo        9.76688        0.05716        4.11965        1        -0.534673        -0.475720        -0.425215
Mo        13.33243        2.14135        4.21553        1        0.188013        0.112395        -0.465732
Mo        9.94392        4.27301        4.16753        1        -0.677052        -0.544639        -0.229033
Mo        13.48672        6.43888        3.93669        1        0.389360        -1.361897        0.033915
Mo        9.96040        8.22524        3.99208        1        -0.576221        -0.552938        0.307856
Mo        13.31235        10.34962        3.88117        1        -0.148379        0.071554        -0.387582
Mo        16.99054        0.03805        3.81658        1        -0.660985        0.076456        -0.290954
Mo        20.53870        2.07741        3.89357        1        -0.595986        0.166880        -0.661299
Mo        17.05103        4.28330        3.73144        1        -0.328725        -0.295019        0.368916
Mo        20.71957        6.16937        3.60504        1        -0.383898        0.337502        0.279307
Mo        16.95794        8.30437        3.86580        1        0.081282        -0.212758        0.358244
Mo        20.51157        10.32187        3.72895        1        -0.031455        -0.019420        -0.302818
Te        1.29797        1.96694        5.53005        2        0.796203        0.065948        0.064794
Te        5.10640        3.83173        5.58911        2        -0.409598        0.557609        -0.133134
Te        1.51330        1.87432        2.22344        2        0.077169        0.242595        0.240212
Te        5.09252        12.13478        2.39866        2        -0.267425        0.137170        0.134169
Te        1.70804        6.02538        5.40262        2        -0.446098        0.193475        0.219255
Te        5.06624        8.16825        5.70661        2        -0.199849        -0.040585        -0.307818
Te        1.77564        6.08889        2.22200        2        -0.275019        -0.122908        -0.570447
Te        5.25908        4.18969        2.35367        2        -0.436223        -0.558517        0.142349
Te        1.45155        9.99924        5.33219        2        -0.271009        0.815397        0.894166
Te        4.82505        12.27541        5.74024        2        0.336225        -0.094248        -0.527117
Te        1.59160        10.27861        2.20228        2        -0.138757        -0.041133        -0.260236
Te        5.25524        8.04650        2.33432        2        -0.165822        0.485128        0.278895
Te        8.44981        1.87380        5.77522        2        0.053083        0.399844        -0.371292
Te        12.20071        4.37670        5.76374        2        0.633589        -0.176984        -0.185611
Te        8.59369        2.23512        2.56532        2        0.126043        -0.335513        -0.103429
Te        11.93240        0.07352        2.24060        2        0.386986        0.090458        0.781308
Te        8.74039        6.25272        5.67658        2        -0.097566        0.134409        0.269258
Te        12.34943        8.28723        5.47149        2        -0.382588        0.589604        1.097552
Te        8.53953        5.99303        2.40445        2        0.696156        0.526720        0.078677
Te        12.28915        4.21547        2.54096        2        -0.092671        0.034257        -0.094727
Te        8.55842        10.20751        5.72500        2        0.235894        0.135184        0.031411
Te        12.05043        0.07033        5.54330        2        0.676306        -0.097608        0.358533
Te        8.67498        10.19718        2.59686        2        -0.304255        0.440848        -0.688631
Te        12.11951        8.19995        2.26193        2        0.389726        0.480746        -0.293032
Te        15.98447        1.99715        5.53816        2        -0.541548        0.586618        -0.174183
Te        19.42851        4.20050        5.33377        2        0.091625        0.244622        0.116014
Te        15.65456        2.13815        2.30941        2        0.062523        0.062463        0.397599
Te        19.20307        0.26592        2.10332        2        0.322053        -0.558050        0.192310
Te        15.98171        6.23759        5.62958        2        -0.150638        0.216682        -0.926856
Te        19.43143        8.23126        5.30742        2        -0.066305        0.043996        0.021804
Te        15.78839        6.28049        2.22270        2        -0.028622        0.180552        0.203022
Te        19.31963        4.30635        2.09076        2        0.246034        -0.394377        0.082466
Te        15.66837        10.23890        5.57801        2        0.262757        0.188559        -0.535378
Te        19.25549        0.08381        5.36504        2        0.587179        -0.370930        0.390254
Te        15.68303        10.42620        2.30007        2        0.009338        -0.303018        -0.097844
Te        19.36402        8.25570        2.07509        2        0.056085        0.108170        0.345495
