54
Lattice="19.166863819 0.000008540 -0.000615361 -0.000005198 10.639921383 0.000045896 0.042448411 0.000094922 30.000000000" Properties=species:S:1:pos:R:3:tags:I:1:forces:R:3 energy=-316.56697096 stress= -6.38895 -1.68976 -2.95550 0.11767 -0.25832 -0.07206 pbc="T T T"
Mo        2.60540        10.59403        3.91887        1        -1.926465        0.950511        -0.884990
Mo        5.84731        2.10533        4.16806        1        -0.994035        -1.707723        0.317323
Mo        2.44496        3.48465        3.82530        1        0.481423        1.097696        2.295338
Mo        5.66872        5.45996        4.26368        1        0.426396        1.635836        0.084294
Mo        2.49176        7.14624        3.83257        1        -0.886625        -1.854030        1.116752
Mo        5.48144        9.17264        4.12928        1        0.509488        0.890248        0.458380
Mo        8.68207        0.31707        4.38034        1        0.491920        0.599692        -3.216123
Mo        12.05171        1.78972        3.83823        1        0.346567        -0.897627        -1.020872
Mo        8.64891        3.83176        4.06601        1        0.400323        -0.669596        0.661821
Mo        11.96402        5.33307        3.81824        1        0.328420        0.817987        -0.330091
Mo        8.66114        7.32096        4.10775        1        0.480702        0.614159        0.265420
Mo        11.95161        8.97096        3.92867        1        0.071077        -1.300278        0.523887
Mo        15.27657        10.54251        3.59789        1        0.144498        -0.647882        2.279968
Mo        18.50599        1.44057        3.78901        1        -0.296230        0.121457        0.687749
Mo        15.25000        3.29108        3.74010        1        -0.867285        -0.825988        -1.183992
Mo        18.33258        4.96328        3.61425        1        1.208393        -0.385766        1.375806
Mo        15.27711        6.94263        3.85492        1        -0.030314        -0.648890        -2.046789
Mo        18.58868        8.48228        3.84973        1        -1.270876        1.024706        -1.506120
Te        1.34618        1.63821        5.78265        2        -0.209536        0.333129        -1.336412
Te        4.59690        3.67995        5.93323        2        -1.007270        0.424805        0.142238
Te        1.51449        1.73286        2.17888        2        -0.269287        -1.026330        -1.131555
Te        4.75256        0.42597        2.19677        2        -0.323158        -0.862512        0.705022
Te        1.29216        5.32166        5.57434        2        -0.032537        -0.628901        -0.989225
Te        4.44452        7.44217        5.83685        2        -0.204639        -1.217197        0.417702
Te        1.35677        5.20483        1.85908        2        0.573162        0.002719        1.301287
Te        4.79041        3.74252        2.48020        2        -1.060136        0.401589        -1.912111
Te        1.39111        8.79349        5.55069        2        0.212198        0.268294        1.430676
Te        4.32691        0.42564        5.81711        2        1.817843        -0.889967        0.521318
Te        1.47512        8.72579        2.02579        2        0.150349        0.885117        -0.341173
Te        4.65364        7.19554        2.45683        2        0.851811        0.355348        -1.570886
Te        7.75469        2.16600        6.10183        2        0.234744        0.015012        -0.058532
Te        10.99906        3.48054        5.52726        2        -0.264898        1.232114        1.060841
Te        7.73842        2.02685        2.22630        2        0.488095        -0.222001        0.918562
Te        10.65688        10.56637        2.22095        2        0.206988        1.448550        0.570465
Te        7.76177        5.68221        6.00220        2        -0.086268        -0.719983        0.050035
Te        10.94864        7.07584        5.79283        2        0.194530        0.391536        -1.062449
Te        7.63085        5.57545        2.30737        2        -0.162114        0.353518        0.004315
Te        10.62010        3.70674        2.18491        2        0.972203        -0.672129        -0.288686
Te        7.65605        9.22596        6.00478        2        -0.722810        -1.133488        0.132562
Te        10.99983        0.18161        5.72323        2        0.451269        -0.547048        0.672891
Te        7.50159        9.26372        2.48269        2        1.134497        -0.549650        -0.321678
Te        10.62497        7.30489        2.16539        2        0.804183        -0.618667        0.651324
Te        14.41722        1.38673        5.84545        2        -0.817292        1.077803        -2.153555
Te        17.22030        3.13369        5.48952        2        1.119375        0.585198        0.063185
Te        14.08777        1.54368        1.84200        2        -0.177826        0.871609        0.790766
Te        17.49383        10.38171        1.92675        2        -0.051730        -0.681227        0.584900
Te        14.18393        5.08410        5.46252        2        -0.255252        0.129067        0.235315
Te        17.40916        6.67135        5.49892        2        -0.168589        0.197772        0.563605
Te        14.15490        5.13072        1.78593        2        -0.109073        0.319889        1.896590
Te        17.41521        3.07849        1.87516        2        -0.496770        0.572370        0.455576
Te        14.26794        8.66989        5.63310        2        -0.462629        0.693099        -0.660160
Te        17.30036        10.19909        5.52957        2        0.544848        0.632018        -0.477041
Te        14.07357        8.76246        2.10257        2        -0.340095        -0.702036        -0.341797
Te        17.48659        6.81058        1.99098        2        -1.115118        0.489232        -0.456574
