54
Lattice="20.324373841 0.000456147 -0.025753600 -0.000245476 10.927967962 0.000007040 0.013560576 0.000001770 30.000000000" Properties=species:S:1:pos:R:3:tags:I:1:forces:R:3 energy=-316.83321239 stress= -11.47075 -7.12195 2.57696 1.37321 -0.94908 -0.97313 pbc="T T T"
Mo        2.29006        0.14356        3.93306        1        0.327511        0.116337        -0.658310
Mo        4.71749        1.87008        4.01874        1        -0.436508        -0.056169        -0.105369
Mo        2.35360        3.47904        3.76756        1        -0.335415        1.469935        -0.103764
Mo        4.57771        5.28870        4.14689        1        0.877576        -0.123064        -0.947265
Mo        2.21858        7.00903        3.96593        1        0.187441        -0.235084        0.072469
Mo        4.74374        8.58660        3.93009        1        0.740217        0.020119        -0.038347
Mo        8.92162        0.34672        3.85507        1        0.980723        -0.941646        -0.323838
Mo        11.47865        2.31846        3.97908        1        0.937753        -0.316290        0.028735
Mo        9.01613        3.65677        3.81765        1        0.147382        -0.019104        -0.220851
Mo        11.55702        5.53737        3.91168        1        -0.039436        0.007170        1.086601
Mo        9.02901        6.76114        3.88985        1        0.058750        0.228844        -0.223877
Mo        11.61113        8.97923        4.03184        1        0.302452        -0.918951        0.544030
Mo        15.76700        0.46820        3.91709        1        0.789497        0.019452        0.343304
Mo        18.39193        2.04202        4.11725        1        -0.329206        -0.765832        -0.561230
Mo        15.76286        3.76421        3.77887        1        0.505665        0.727124        0.714972
Mo        18.33039        5.19008        3.86062        1        -0.251256        0.331301        0.138785
Mo        15.84703        7.09218        3.77699        1        -0.355497        0.021811        1.133248
Mo        18.19290        9.62728        4.05262        1        0.554800        -1.366753        -0.986862
Te        0.70558        1.93298        5.34367        2        -0.253305        -0.653713        0.399441
Te        3.93011        3.45990        5.97703        2        -0.045328        0.065599        0.705950
Te        6.16103        10.86657        2.59490        2        0.336261        -0.446294        0.218030
Te        3.01726        1.78744        1.89607        2        0.091285        -0.551300        -0.446377
Te        0.51501        5.18197        5.22718        2        0.273769        0.411481        0.306416
Te        4.01296        7.09112        6.01031        2        -0.338756        0.006414        0.332458
Te        6.35207        3.57671        2.61369        2        0.101482        0.081794        -0.568023
Te        2.94054        5.50597        1.91546        2        0.116406        -0.932899        0.317867
Te        0.71782        9.15335        5.14779        2        -0.183146        -0.151066        0.041391
Te        4.29017        10.57567        5.70712        2        -0.339804        0.870038        0.095121
Te        6.43085        6.84050        2.50737        2        -0.437076        0.169544        0.351301
Te        2.93741        8.91789        2.10549        2        -0.685921        0.546965        -0.178463
Te        7.25983        1.84304        5.24277        2        0.242053        0.112359        0.561828
Te        10.86296        3.87717        5.93032        2        -0.816865        0.125439        0.595140
Te        13.06488        0.29486        2.92049        2        -0.054410        -0.651071        -0.108638
Te        9.97316        1.80198        1.89002        2        -0.861830        0.274898        -0.306860
Te        7.38422        5.28421        5.50411        2        -0.063008        0.022558        -0.015945
Te        10.69876        7.26032        5.97389        2        0.194977        0.268879        -0.555113
Te        13.24701        3.75719        2.41253        2        -0.270856        -0.030769        -0.279395
Te        9.92027        5.32670        1.80996        2        -0.441392        -0.244159        0.079079
Te        7.52556        8.89620        4.72450        2        -0.155827        0.527967        0.210620
Te        10.90419        0.23657        5.71930        2        -0.407062        -0.256520        -0.211121
Te        13.10397        7.15243        2.45569        2        0.670010        1.149443        -0.150930
Te        9.79308        8.90627        2.21149        2        -0.545941        0.642387        -0.392703
Te        14.12232        2.13310        5.36900        2        0.035411        0.036617        0.163620
Te        17.50199        3.70271        5.94037        2        -0.355105        0.586876        0.242235
Te        19.78808        0.14752        2.52105        2        0.593420        0.087785        0.074965
Te        16.73526        2.09133        2.02811        2        -0.177484        -0.731541        -1.267058
Te        14.13720        5.52804        5.29271        2        0.200644        0.293786        0.078226
Te        17.78705        7.33302        5.61722        2        -0.221102        -0.137875        0.135312
Te        20.00769        3.58115        2.38164        2        -0.042385        0.030363        -0.192910
Te        16.46014        5.62843        1.77851        2        0.671744        -1.050633        -0.240845
Te        14.43441        9.20737        5.01436        2        -0.621170        -0.346554        -0.112391
Te        17.58587        0.21593        6.00686        2        -0.713220        0.682979        0.584478
Te        19.89278        7.29929        2.79956        2        -0.247882        0.257880        -0.100009
Te        16.32481        9.24096        2.17276        2        0.080711        0.745918        -0.244633
