54
Lattice="18.429676749 0.000008540 -0.000615361 -0.000005198 10.852719811 0.000045896 0.042448411 0.000094922 30.000000000" Properties=species:S:1:pos:R:3:tags:I:1:forces:R:3 energy=-320.48718063 stress= -2.69946 -6.23922 -6.80626 -0.16815 -0.36234 0.17288 pbc="T T T"
Mo        2.33433        0.05148        4.15260        1        0.352119        -0.293029        0.111902
Mo        5.45137        1.82234        4.04870        1        -0.756389        0.894959        -0.138949
Mo        2.19798        3.60027        4.04818        1        -0.099938        0.545882        0.744530
Mo        5.36179        5.44319        3.82943        1        0.057803        0.038009        0.748077
Mo        2.29853        7.24862        4.09821        1        0.373627        -0.181417        0.133928
Mo        5.52533        9.12804        4.07837        1        -0.511727        0.039855        -0.918462
Mo        8.55146        10.81605        3.70136        1        -0.013585        0.332367        1.636158
Mo        11.56189        1.90131        3.72819        1        0.290380        -0.416089        -0.055247
Mo        8.47677        3.72651        3.82120        1        0.685056        -0.292838        -0.480140
Mo        11.62897        5.45973        3.77574        1        -0.068568        0.389114        -0.395861
Mo        8.45365        7.27675        3.71171        1        0.850114        -0.155821        1.251270
Mo        11.37833        9.09001        3.85276        1        2.126296        -0.206074        -1.660928
Mo        14.63795        10.63720        3.84871        1        -0.408070        0.594717        0.414119
Mo        17.73746        1.62041        4.09365        1        -1.003314        0.661309        -1.594438
Mo        14.68932        3.49095        3.79927        1        -0.810562        0.251175        0.827532
Mo        17.71692        5.37426        4.05094        1        -0.368945        0.470835        0.132365
Mo        14.50851        7.15494        3.85178        1        0.133047        -1.060952        0.458256
Mo        17.59436        9.13705        4.14694        1        0.821352        0.203188        -0.328944
Te        1.17990        1.75606        6.01160        2        0.855268        0.273897        -0.639375
Te        4.33035        3.82491        5.78950        2        0.174920        -0.924924        -0.615041
Te        1.33537        1.72645        2.28469        2        -0.206427        0.136737        -0.007427
Te        4.37796        0.02044        2.25772        2        -0.044087        0.006056        0.593312
Te        1.17733        5.53991        6.03476        2        0.411609        -0.665189        -1.250532
Te        4.50322        7.33767        5.85572        2        -0.210727        -0.559391        -0.809444
Te        1.32298        5.52451        2.20173        2        -0.157294        -0.501597        0.721983
Te        4.21897        3.45740        2.15596        2        0.454937        0.753599        0.734405
Te        1.33164        8.97266        5.92302        2        -0.466049        0.755530        -0.095821
Te        4.50330        0.11819        5.84282        2        -0.159838        -0.465200        0.493729
Te        1.30690        9.12878        2.35713        2        -0.178342        -0.292550        0.306917
Te        4.34554        7.37452        2.25759        2        -0.122754        -0.083947        0.039369
Te        7.70722        1.84858        5.63704        2        -0.553214        -0.400090        -0.156181
Te        10.55540        3.71669        5.55332        2        -0.026188        -0.210904        -0.092602
Te        7.35820        1.85715        2.19574        2        0.364461        0.030751        -0.977732
Te        10.49625        0.10043        1.88879        2        0.385248        -0.163118        0.314853
Te        7.41728        5.39609        5.62307        2        0.234610        0.812989        -0.363471
Te        10.55550        7.29198        5.64360        2        -0.642606        -0.792278        -0.703370
Te        7.47201        5.49808        2.00431        2        -0.822749        -0.439090        -0.298097
Te        10.56527        3.77654        1.91272        2        -0.275757        -0.430168        0.613885
Te        7.70593        9.07195        5.66717        2        -0.303816        0.067004        -0.257177
Te        10.73808        0.09034        5.58490        2        -1.413300        0.426977        0.081083
Te        7.32374        9.03683        1.96237        2        0.385836        0.340348        0.492183
Te        10.62299        7.33018        1.86587        2        -0.818485        -0.482628        1.018658
Te        13.61624        1.69365        5.65891        2        -0.298673        0.097258        -1.048438
Te        16.60823        3.47089        5.74241        2        0.215334        0.619027        -0.166811
Te        13.73573        1.63743        2.03201        2        -0.387289        0.247298        0.163864
Te        16.68417        10.65635        2.06414        2        0.330235        0.638683        0.832633
Te        13.53017        5.13835        5.71887        2        0.557728        1.010134        -0.978480
Te        16.48171        7.32240        5.79493        2        0.263602        -0.918717        -0.152480
Te        13.76546        5.35395        1.93258        2        -0.451799        -0.107963        0.697114
Te        16.74368        3.52843        2.14571        2        0.971061        -0.159758        0.432786
Te        13.51111        8.80198        5.64613        2        -0.474764        1.133093        -0.039222
Te        16.45122        0.11210        5.87622        2        0.469716        -1.270580        0.065694
Te        13.51099        8.92735        1.99087        2        0.032819        0.157871        0.749856
Te        16.71258        7.29685        2.36468        2        0.251095        -0.412542        -0.640041
