54
Lattice="19.557416337 0.000456147 -0.025753600 -0.000245476 10.309403738 0.000007040 0.013560576 0.000001770 30.000000000" Properties=species:S:1:pos:R:3:tags:I:1:forces:R:3 energy=-319.74106236 stress= -4.65805 -4.11893 -2.66796 0.33064 3.44233 -0.26528 pbc="T T T"
Mo        2.11598        0.06376        3.82654        1        0.928050        -0.931826        -0.385815
Mo        4.51242        1.66566        3.87102        1        0.616075        -0.003627        1.911729
Mo        2.11756        3.41529        3.86017        1        0.577883        0.240659        -0.337774
Mo        4.62549        5.04085        4.06713        1        -0.890996        0.724510        -0.023006
Mo        2.20614        6.81119        3.89173        1        0.281585        -0.163759        -0.388313
Mo        4.59215        8.43692        4.03735        1        -0.245725        -0.422532        0.547480
Mo        8.57502        10.27504        3.87731        1        1.260271        0.010864        0.771183
Mo        11.02109        1.70313        4.00223        1        -0.108853        0.618195        0.301447
Mo        8.67430        3.40593        3.83078        1        0.414959        -0.145222        -0.345610
Mo        11.11426        5.15975        3.91606        1        0.437683        -0.450021        0.764781
Mo        8.81178        6.80433        3.78014        1        -0.377702        -0.712483        -0.837740
Mo        11.16226        8.77019        4.13279        1        -0.370529        -0.649538        -0.845425
Mo        15.26532        0.18866        3.83566        1        -0.411488        -0.787080        -0.378652
Mo        17.50753        1.76353        4.00246        1        0.554837        0.302717        0.357801
Mo        15.12099        3.42547        3.77638        1        0.242026        0.756782        -0.624919
Mo        17.48776        5.19585        3.94570        1        0.111935        0.211693        0.206318
Mo        15.28558        7.07303        3.74261        1        -0.028323        -0.354394        -0.112557
Mo        17.66035        8.67040        3.98317        1        0.530836        -0.103071        -0.021733
Te        0.61395        1.60563        5.38273        2        -0.816477        0.801360        0.547219
Te        3.96757        3.34529        6.07071        2        -0.402517        -0.421115        -1.245950
Te        6.25706        10.19277        2.47258        2        -0.859376        0.271079        -0.186180
Te        2.79122        1.70317        1.81143        2        0.083576        0.308684        0.069842
Te        0.52315        5.15697        5.49010        2        -0.258867        -0.607157        -0.640604
Te        3.79251        6.65936        6.10735        2        0.299453        0.782302        -0.841183
Te        6.24373        3.42520        2.60161        2        -0.223860        -0.382384        -1.056806
Te        3.03552        5.21228        1.87382        2        -0.546998        -0.832747        0.499872
Te        0.62738        8.40277        5.45015        2        -0.507781        0.959830        -0.191631
Te        3.91582        10.27777        5.90766        2        -0.069677        -0.093568        -0.082679
Te        6.18906        6.81273        2.38276        2        0.074746        -0.204592        0.250075
Te        3.00729        8.54559        1.93974        2        -0.766184        0.198449        -0.291380
Te        7.07348        1.63041        5.56515        2        -0.194519        0.067944        -0.918320
Te        10.27442        3.45801        5.97325        2        0.653045        0.216516        -0.531815
Te        12.79573        0.18761        2.47200        2        -0.420642        -0.803450        -0.053805
Te        9.32038        1.61886        1.85762        2        -0.009772        0.104799        0.384361
Te        7.07368        5.12161        5.36771        2        0.418477        -0.223651        0.307023
Te        10.45299        6.83667        5.88528        2        -0.023420        0.426229        0.660046
Te        12.69450        3.37863        2.36215        2        -0.264497        0.334803        0.146323
Te        9.55874        5.01574        1.70919        2        -0.649619        0.412893        0.995223
Te        7.01487        8.24246        5.31261        2        0.527531        1.184581        0.702249
Te        10.29799        0.08935        6.02855        2        -0.095244        -0.165243        0.139463
Te        12.82523        6.97985        2.61899        2        -0.845202        0.327155        -0.923957
Te        9.55063        8.57487        1.99632        2        -0.055321        0.209520        -0.812794
Te        13.50211        1.86599        5.38998        2        0.226102        -0.384249        0.089294
Te        16.65875        3.51112        5.93075        2        0.884745        0.032626        0.081555
Te        19.25029        0.18215        2.35118        2        -0.123543        -0.845175        0.283898
Te        15.97956        1.83935        1.81311        2        -0.345948        -0.157599        -0.218241
Te        13.65950        5.33142        5.36248        2        -0.352454        -0.416909        -0.294446
Te        16.72521        7.07020        5.93728        2        0.858668        -0.956483        -0.159784
Te        19.13270        3.25444        2.30001        2        0.427867        1.141256        0.505083
Te        15.74406        5.22533        1.69583        2        0.345075        0.132625        1.329535
Te        13.59550        8.71854        5.49370        2        0.632479        0.225974        -0.391123
Te        16.93471        0.05268        5.94096        2        0.087537        0.013277        0.553506
Te        19.27304        6.78077        2.39855        2        -0.254465        0.295839        0.340566
Te        16.17898        8.78600        1.79026        2        -0.953121        -0.084651        0.391656
