54
Lattice="18.429676749 0.000008540 -0.000615361 -0.000005198 12.342308804 0.000045896 0.042448411 0.000094922 30.000000000" Properties=species:S:1:pos:R:3:tags:I:1:forces:R:3 energy=-304.42676364 stress= -8.28333 -19.16124 -1.01127 -3.63030 -0.95202 0.01490 pbc="T T T"
Mo        2.21011        0.10574        4.09838        1        0.971273        0.509728        -0.407680
Mo        5.52910        2.26150        3.74046        1        -0.241722        -0.222390        0.125199
Mo        1.90479        4.08093        4.47048        1        1.528155        0.842083        -1.863492
Mo        4.98447        6.28496        4.06499        1        1.888754        -0.458293        0.687067
Mo        2.11474        8.42384        3.80733        1        -1.562010        -0.248601        0.552229
Mo        5.27733        10.25977        3.85017        1        -1.418734        0.690551        1.490753
Mo        8.60552        0.22327        3.85323        1        0.556753        -1.768846        -0.022960
Mo        11.35820        1.58015        3.97157        1        0.452198        0.740929        -1.927213
Mo        8.66968        3.96078        3.85648        1        -0.635795        0.743736        -0.206553
Mo        11.46553        5.97351        3.81207        1        -0.156179        -0.337597        -1.365810
Mo        8.67658        8.05003        4.06490        1        -0.808666        0.911644        -0.811801
Mo        11.65717        10.11498        3.64815        1        -2.292251        0.159837        1.554128
Mo        14.82564        12.11161        3.77921        1        0.711123        1.583313        -1.063775
Mo        17.67537        2.10383        4.43991        1        -0.538655        0.240052        -1.652401
Mo        14.66028        4.11916        3.89210        1        0.285187        -0.484301        -1.554050
Mo        17.46883        6.32446        3.78088        1        1.080832        -0.728296        -0.548020
Mo        14.50612        8.14082        4.00574        1        0.678961        1.298257        -2.286647
Mo        17.78624        10.43690        4.02665        1        -0.470598        2.116026        -0.125080
Te        1.40797        2.04496        6.07336        2        -0.564638        -0.736968        0.406256
Te        4.17999        4.23517        6.01976        2        0.230894        0.147889        -1.011154
Te        1.22821        2.08446        2.56879        2        -0.008938        0.549943        0.153982
Te        4.24003        0.25313        2.19807        2        0.692007        -0.542210        0.504688
Te        1.04186        6.41985        5.61439        2        0.137868        0.245959        -0.002291
Te        3.95063        8.17226        5.69241        2        0.993237        0.983302        0.402069
Te        1.16735        6.03022        2.16841        2        0.135626        0.536046        0.674411
Te        4.11846        4.20287        2.59163        2        -0.766404        0.248430        -0.633299
Te        1.28182        10.63452        5.81163        2        0.636445        -1.290089        0.153524
Te        4.68046        0.54001        5.60333        2        -0.986963        -1.700506        -0.229223
Te        1.19001        10.55493        2.04779        2        1.201437        -0.395677        1.160329
Te        4.25770        8.23974        2.34090        2        0.391469        0.161134        -1.523290
Te        7.48486        2.16773        5.51420        2        1.162447        -0.027167        0.542702
Te        10.82844        3.94156        5.62549        2        -0.961207        -0.531154        -0.350076
Te        7.71109        2.05980        1.99099        2        -0.622757        0.485664        0.615914
Te        10.49019        12.06871        1.72978        2        0.255421        0.086564        1.906962
Te        7.37385        6.43398        5.73836        2        -0.265494        -1.143087        -0.393732
Te        10.92909        7.94968        5.56279        2        -0.908356        1.129706        0.197320
Te        7.43405        6.20340        2.20593        2        -0.098563        -0.409868        1.300974
Te        10.76256        3.76021        2.15224        2        -0.354574        0.107068        0.236023
Te        7.56400        10.38430        5.44265        2        -0.074135        -0.186753        0.747841
Te        10.72350        11.81392        5.65919        2        -0.530824        0.825109        -0.543899
Te        7.40178        10.05500        2.42850        2        1.252760        0.434675        -1.409645
Te        10.54626        8.02166        2.07635        2        -0.163677        0.168483        0.183126
Te        13.62279        1.91708        5.31877        2        0.844998        -0.349553        0.953623
Te        16.71665        4.60349        5.76306        2        -0.759573        -1.735010        -0.423402
Te        13.63492        1.63265        2.08872        2        -0.230818        0.437558        0.734303
Te        17.04323        0.09947        2.20267        2        -1.092814        0.343892        1.316315
Te        13.59160        6.14479        5.26339        2        0.586001        -1.415871        2.879289
Te        16.69135        8.35736        5.40415        2        0.364150        -0.044507        2.489259
Te        13.43421        6.18651        2.02806        2        1.146263        -0.564867        0.074471
Te        16.82853        3.86624        2.10169        2        -0.823498        0.566595        1.756160
Te        13.88314        10.41319        5.40133        2        -1.659109        -1.660537        2.026004
Te        16.58225        0.07571        6.07234        2        0.244244        -0.202947        -1.650057
Te        13.67578        9.90345        2.19422        2        1.612142        1.084515        -2.296686
Te        16.85767        8.61398        2.38755        2        -1.092126        -1.201094        -1.532677
