54
Lattice="19.174335959 0.000456436 -0.025753600 -0.000245188 11.849097688 0.000007040 0.013560858 0.000001769 30.000000000" Properties=species:S:1:pos:R:3:tags:I:1:forces:R:3 energy=-315.16217907 stress= -8.05625 -18.57204 -1.95653 -0.14933 0.47622 0.41744 pbc="T T T"
Mo        2.10164        0.32271        3.80526        1        0.901361        -0.093593        -0.159077
Mo        4.55328        2.18098        3.90370        1        0.216366        0.987791        0.019175
Mo        2.22899        3.98701        3.86405        1        -0.277514        -0.070465        -0.240390
Mo        4.41994        6.02901        4.02085        1        0.307190        -0.685295        0.286576
Mo        2.13277        7.63026        4.00722        1        -0.454664        0.233770        -0.176941
Mo        4.42913        9.55595        4.15134        1        0.102922        -0.668132        0.893836
Mo        8.51918        11.41211        3.75009        1        0.558616        0.417500        0.433351
Mo        10.75536        1.88232        4.04575        1        -1.024505        -0.888805        -0.560126
Mo        8.76542        4.07044        3.56800        1        -0.943690        0.902180        -0.427811
Mo        10.89289        6.23169        3.90728        1        0.115254        -0.018651        0.746668
Mo        8.55697        7.87937        3.84720        1        0.019417        -0.217222        -0.582492
Mo        10.94058        9.67035        4.00841        1        -0.776601        -0.119692        -0.376054
Mo        14.92503        0.02880        3.88195        1        -0.353831        0.706996        -0.900980
Mo        17.16001        2.02916        4.08134        1        0.098629        0.034583        -0.390445
Mo        14.88760        3.89316        3.88274        1        -0.411079        -0.260026        -0.493423
Mo        17.15522        5.66763        4.09821        1        0.061345        -0.040464        0.060688
Mo        15.10990        8.18245        3.70635        1        0.275342        -0.072336        0.277903
Mo        17.26088        10.15792        4.02711        1        -0.186543        0.053557        0.175310
Te        0.58742        1.94242        5.35952        2        0.021869        0.607972        -0.192349
Te        4.08534        4.01448        5.90370        2        -0.381467        -0.185984        -0.540908
Te        5.94765        11.50226        2.87144        2        -0.434215        0.784125        -0.369233
Te        2.84398        2.03732        1.88633        2        -0.379890        0.472009        -0.130353
Te        0.59297        5.85642        5.45810        2        -0.159374        -0.563260        -0.276345
Te        3.88412        7.73341        6.09721        2        0.022580        0.162678        -0.302426
Te        6.02023        4.23146        2.51993        2        0.213897        -0.515127        -0.174907
Te        2.51657        5.91645        1.95836        2        0.477739        -0.015276        0.381310
Te        0.66440        10.08931        5.06885        2        0.401387        -0.662026        -0.069428
Te        4.09698        0.16548        5.53423        2        -0.167935        -0.773439        1.116183
Te        5.97345        7.90040        2.52559        2        0.086885        -0.127521        0.195331
Te        2.69472        9.67674        2.24547        2        -0.551226        0.380411        -0.579718
Te        7.24897        1.98044        4.82153        2        0.173966        -0.136026        -0.027628
Te        10.26789        4.07733        5.69427        2        0.560921        0.091317        0.231411
Te        12.29187        0.00049        2.41422        2        0.177861        -0.039389        0.728754
Te        8.96057        1.87080        1.94862        2        0.484559        -0.546362        0.491420
Te        7.16630        5.73880        5.28289        2        -0.148889        0.578450        -0.334145
Te        10.22539        7.80999        5.97169        2        0.294495        0.426586        -0.263506
Te        12.26593        4.06588        2.86027        2        -0.138128        -0.496266        -0.109347
Te        9.27938        6.00732        1.70543        2        -0.185617        0.224954        0.774344
Te        7.00984        9.71363        5.48856        2        0.417302        -0.198429        -0.529760
Te        10.26687        11.59632        5.78775        2        -0.145447        0.551670        0.285199
Te        12.49946        7.92096        2.44965        2        0.196603        0.395620        0.011313
Te        9.20029        9.65517        1.89160        2        0.219271        -0.021852        -0.155865
Te        13.23339        1.94221        5.20247        2        0.572578        -0.039516        0.035724
Te        16.40707        3.87468        6.00411        2        0.778524        -0.079264        0.409286
Te        18.83733        0.02935        2.48299        2        -0.702256        0.439889        0.152179
Te        15.39298        2.04627        1.96576        2        0.354795        -0.275581        0.321967
Te        13.60601        6.10276        5.18561        2        -0.265267        0.206066        -0.483713
Te        16.76796        7.91608        5.86111        2        -0.213209        0.257820        -0.758174
Te        18.78485        3.96094        2.47997        2        -0.316107        -0.095689        0.778409
Te        15.39115        5.96078        2.04543        2        0.359318        -0.172111        0.266810
Te        13.48537        9.93410        5.24308        2        -0.127963        -0.435290        0.164602
Te        16.62322        0.12577        5.96699        2        0.065167        -0.175971        0.060367
Te        18.51966        7.82043        2.85002        2        0.260972        0.081525        0.234539
Te        15.59158        10.15882        1.87765        2        -0.028851        -0.307160        0.038637
