54
Lattice="18.429676749 0.000008540 -0.000615361 -0.000005198 11.491115093 0.000045896 0.042448411 0.000094922 30.000000000" Properties=species:S:1:pos:R:3:tags:I:1:forces:R:3 energy=-315.80821780 stress= -4.22602 -13.29401 -0.65915 0.67723 -2.25257 -0.06318 pbc="T T T"
Mo        2.27140        0.09487        4.04767        1        0.717773        -0.635232        -1.145853
Mo        5.41431        1.94932        3.88437        1        0.163344        -1.394958        -0.945467
Mo        2.58678        3.66583        3.88086        1        -1.158245        0.863392        -0.543374
Mo        5.32986        5.79794        3.92307        1        0.281505        -0.660312        -0.747591
Mo        2.35533        7.69636        3.93643        1        0.110907        1.062418        0.281050
Mo        5.57492        9.37537        4.05916        1        -1.121844        -0.287528        -0.388492
Mo        8.49475        11.44105        3.97378        1        -0.537750        0.213259        -0.526771
Mo        11.37827        2.07791        3.88553        1        0.664383        -1.389405        0.102435
Mo        8.27214        3.76769        3.78386        1        -0.660199        0.248063        -0.292397
Mo        11.32612        5.72166        4.06723        1        0.776396        -0.181143        -2.189840
Mo        8.52224        7.58563        4.12971        1        -0.181774        0.005213        -1.432249
Mo        11.50460        9.63066        4.06741        1        -1.119706        -0.371022        -0.324124
Mo        14.51270        0.09371        3.89121        1        0.725549        0.256271        -0.021640
Mo        17.57348        1.93016        4.07733        1        0.492720        -1.120858        -2.319103
Mo        14.59889        3.93415        3.86621        1        0.250011        0.503884        1.368373
Mo        17.89260        5.60158        3.71121        1        -0.919906        0.285424        1.280262
Mo        14.58310        7.67384        3.85923        1        0.183633        0.353191        0.168618
Mo        17.60016        9.69760        3.91858        1        1.593760        0.983417        0.681318
Te        1.40610        2.10517        5.76935        2        -0.448890        -0.777625        -0.142090
Te        4.56140        3.69405        5.66102        2        -0.320392        0.797087        0.521204
Te        1.16681        1.75912        2.24754        2        0.707049        1.002906        -0.055978
Te        4.51992        11.37436        2.28979        2        -0.742732        -0.101940        0.282063
Te        1.63280        5.66301        5.61697        2        -1.097945        -0.292877        -0.547375
Te        4.41114        7.57725        5.81986        2        -0.104740        0.122882        -0.456833
Te        1.60757        5.68634        2.16459        2        -0.069271        -0.240167        -0.284025
Te        4.53331        3.79455        1.99300        2        0.024157        0.104269        0.675923
Te        1.44229        9.86846        5.84412        2        -1.283224        -1.358393        -0.537879
Te        4.48802        11.15583        5.63564        2        -0.112794        2.056263        0.875790
Te        1.25637        9.76900        2.09340        2        0.430356        -0.366597        1.276008
Te        4.34670        7.76777        2.15764        2        0.490395        -0.330600        0.258438
Te        7.44791        1.89016        5.54201        2        0.001145        -0.223137        1.210409
Te        10.21044        3.78514        5.54774        2        0.783151        0.292085        1.503139
Te        7.40143        1.72386        2.03634        2        0.181723        0.210898        0.496494
Te        10.45761        11.42325        2.18918        2        0.539911        0.469108        0.174326
Te        7.38309        5.60456        5.69800        2        0.063894        0.359550        -0.197317
Te        10.56130        7.57253        5.87460        2        0.058433        0.564099        -0.001471
Te        7.52542        5.87160        2.10715        2        -0.892673        -0.136135        0.860639
Te        10.23333        3.76712        2.06777        2        1.410321        0.581031        -0.287359
Te        7.73568        9.52908        5.75945        2        -0.857623        0.195210        0.851679
Te        10.52580        0.18920        5.75319        2        0.362938        -0.407381        -0.144367
Te        7.46540        9.48692        2.30529        2        1.137668        -0.269538        -0.674291
Te        10.40316        7.59076        2.20241        2        0.801759        0.372990        0.848746
Te        13.62142        1.95663        5.72803        2        -0.771526        0.770062        -0.653721
Te        16.70879        3.78337        5.58912        2        -0.340916        1.892585        0.872213
Te        13.62760        2.08767        2.32714        2        -1.147535        -0.524470        -1.648637
Te        16.67320        11.47945        2.09660        2        -0.717929        0.554564        0.637554
Te        13.38461        5.78804        5.78745        2        1.316240        -0.118449        -0.805784
Te        16.84351        7.73639        5.52015        2        -0.495136        -1.397254        0.375340
Te        13.57571        5.81681        2.14004        2        -0.682745        -0.049302        0.481218
Te        16.55225        3.64639        1.92083        2        0.864959        0.730164        1.407789
Te        13.74839        9.62550        5.57178        2        -0.700496        -0.462716        1.023256
Te        16.41640        0.09080        5.74226        2        1.301069        -0.332983        0.180057
Te        13.38633        9.84223        2.21572        2        0.837973        -1.418235        -0.769220
Te        16.86289        7.78408        2.21883        2        -0.819918        -1.022344        -0.636337
