54
Lattice="19.173937585 0.000456147 -0.025753600 -0.000245476 10.309403738 0.000007040 0.013560576 0.000001770 30.000000000" Properties=species:S:1:pos:R:3:tags:I:1:forces:R:3 energy=-317.85561874 stress= 0.27642 1.89449 -1.88465 -0.60792 -2.57446 0.02765 pbc="T T T"
Mo        2.19707        0.03225        3.67857        1        0.576818        0.614923        -0.332899
Mo        4.45373        1.88087        3.91298        1        0.341739        -0.101393        -0.810869
Mo        2.12584        3.40028        3.73928        1        -0.016395        -1.151380        1.981094
Mo        4.38441        5.26917        4.19081        1        0.243277        -0.715043        -0.725142
Mo        2.02632        6.94675        3.84435        1        1.780626        -0.452551        -1.200184
Mo        4.44114        8.50824        4.01445        1        0.241207        0.711032        0.621717
Mo        8.47479        0.05636        4.08943        1        -0.759210        -0.781968        -2.266145
Mo        10.86887        1.74530        4.10129        1        0.050021        -0.197353        -1.368652
Mo        8.54176        3.61049        3.92473        1        0.675145        -0.606695        0.035079
Mo        10.98021        5.21416        4.11886        1        -1.309443        -0.811836        -1.658565
Mo        8.55718        6.74429        3.89335        1        0.241110        0.926677        -0.308704
Mo        10.95002        8.38802        4.02690        1        -0.403578        -0.480322        -0.403099
Mo        14.86677        10.13510        3.76736        1        0.287465        0.283609        0.548566
Mo        17.04727        1.67755        3.98464        1        0.868932        0.420564        0.010277
Mo        14.88556        3.43725        3.86106        1        0.270666        0.783786        0.901826
Mo        17.42341        5.17324        3.93467        1        -1.348863        -0.438558        -1.049500
Mo        15.09045        6.75023        3.70132        1        0.620564        0.865363        1.133167
Mo        17.34213        8.62405        4.06108        1        -1.270234        0.229096        -1.021135
Te        0.43958        1.66584        5.32166        2        0.463054        0.267690        -0.194000
Te        3.68419        3.40810        6.04337        2        -0.018420        0.430452        -0.747887
Te        6.02128        10.29693        2.23513        2        0.097980        0.341191        1.224910
Te        2.72986        1.75553        1.70453        2        0.664211        -0.262458        0.184330
Te        0.62688        5.12283        5.31135        2        -0.262931        0.328979        0.485537
Te        3.70706        6.98910        6.13027        2        -0.286342        -0.034563        -0.642302
Te        6.10890        3.71513        2.48035        2        -0.399294        -0.253945        0.365462
Te        2.78130        5.05070        1.92967        2        0.449922        1.833728        -0.657886
Te        0.64099        8.81954        5.12884        2        -0.554240        -1.071423        2.258260
Te        3.96535        0.13269        5.86039        2        -0.545249        -0.561654        -0.060152
Te        6.11221        7.10072        2.39855        2        0.020410        -1.244480        0.401394
Te        3.03420        8.56732        1.76807        2        -0.887198        -0.186094        0.307557
Te        6.93466        1.88490        5.31799        2        -0.784158        -0.491493        0.867994
Te        10.36365        3.32644        6.07208        2        -0.369020        1.017278        0.245927
Te        12.36762        10.26364        2.43081        2        0.049705        -0.280679        0.082212
Te        9.08215        1.65384        2.05156        2        0.207404        0.641354        -0.047953
Te        7.00245        5.15254        5.71687        2        -0.200886        0.139640        -0.896596
Te        10.15294        6.76608        6.07810        2        -0.082458        0.455270        0.069154
Te        12.33780        3.43798        2.33406        2        0.231854        0.007954        0.819328
Te        9.14318        5.07503        1.76612        2        0.608358        0.671364        1.179468
Te        6.89113        8.32793        5.62021        2        0.154733        0.935262        -0.599737
Te        10.26851        10.13850        5.87126        2        0.531538        0.456579        2.240227
Te        12.61604        6.72947        2.42775        2        -0.777425        0.662716        -0.376956
Te        9.18232        8.67065        2.00860        2        -0.034589        -0.490444        0.481904
Te        13.37943        1.62898        5.40718        2        -0.277749        0.550991        -0.050146
Te        16.78458        3.52678        6.04996        2        -0.728008        -0.466718        -1.266563
Te        18.83520        10.25742        2.36334        2        -0.141106        0.530366        -0.300100
Te        15.13262        1.77209        1.91788        2        1.295644        -1.145522        -0.734077
Te        13.37569        5.54893        5.31273        2        0.299206        -2.088152        1.471203
Te        16.80973        6.85247        5.94282        2        -0.540278        -0.122947        0.035462
Te        18.87490        3.13671        2.35553        2        -0.795620        1.139194        -0.061781
Te        15.57506        5.05440        1.75039        2        0.586942        -0.317462        0.549654
Te        13.34154        8.56778        5.50286        2        0.355536        -0.080385        -0.612725
Te        16.42574        10.29728        5.98950        2        0.236184        -0.020170        -0.091328
Te        18.75390        7.05604        2.25333        2        1.043164        -1.214338        0.383504
Te        15.84176        8.47654        1.84040        2        -0.698861        0.833404        -0.415157
