54
Lattice="18.429676749 0.000008540 -0.000615361 -0.000005198 11.703913521 0.000045896 0.042448411 0.000094922 30.000000000" Properties=species:S:1:pos:R:3:tags:I:1:forces:R:3 energy=-314.67912907 stress= -7.53277 -16.28178 -2.78578 1.85239 1.21979 0.03643 pbc="T T T"
Mo        2.40490        11.63716        3.95460        1        0.030153        -1.283552        1.673628
Mo        5.39883        1.87197        4.10414        1        0.168192        0.756443        0.051669
Mo        2.28026        4.11803        3.89007        1        1.109328        -1.137525        0.779330
Mo        5.33270        6.07629        4.06726        1        1.183782        -0.566819        -0.542303
Mo        2.23886        7.74044        4.02244        1        0.088306        0.039873        0.001868
Mo        5.35761        9.83083        4.13643        1        0.580271        -0.885845        -0.352408
Mo        8.47640        11.66008        4.03458        1        -0.520167        1.031983        1.158496
Mo        11.40023        1.80025        4.07210        1        -0.716369        0.608253        -2.028952
Mo        8.54433        3.95622        3.93339        1        -0.440367        0.994723        0.669787
Mo        11.43878        5.94658        3.58634        1        0.622258        -0.742408        0.284761
Mo        8.60538        7.92329        4.09418        1        -0.294827        -0.445913        -0.837134
Mo        11.50890        9.99302        3.88155        1        -0.636733        -1.467809        -0.820563
Mo        14.57935        11.47919        3.93867        1        0.887947        0.925314        -1.102512
Mo        17.83392        1.86288        3.81023        1        -0.582739        0.138363        0.184941
Mo        14.57117        3.49726        3.62293        1        -0.606262        1.449284        0.129600
Mo        17.40817        5.86547        3.97598        1        1.153797        -0.307739        -0.817887
Mo        14.32875        7.76226        3.83989        1        1.532250        1.895731        -0.355741
Mo        17.60470        9.80060        3.80195        1        1.040934        -0.449849        1.275673
Te        1.47370        1.88381        5.59785        2        -0.176987        0.636422        0.443352
Te        4.35535        4.11261        5.81503        2        -0.046046        -0.332508        -1.032975
Te        1.65907        1.95854        2.38541        2        -0.451761        0.147144        -1.954119
Te        4.42859        11.61637        2.32878        2        0.872384        0.565931        -0.562212
Te        1.11919        5.67433        5.75820        2        -0.283417        0.934059        -0.223879
Te        4.27053        7.92426        5.88431        2        0.212203        -0.446630        -0.490823
Te        1.22811        6.02786        2.23612        2        -0.622715        -0.790857        -0.198749
Te        4.53698        3.93611        2.19856        2        -0.166721        0.413314        1.153462
Te        1.16679        9.53457        5.61158        2        0.212113        1.263779        0.643612
Te        4.51090        11.54893        6.01713        2        -0.858583        1.064252        -1.097217
Te        1.36611        9.60981        2.09429        2        -0.120123        0.525816        0.794946
Te        4.29124        7.99837        2.28923        2        0.834403        -0.546734        0.332973
Te        7.65123        2.15276        5.76972        2        -0.701207        -0.816090        -0.229702
Te        10.71056        4.14994        5.56734        2        -0.450472        -0.819426        0.061797
Te        7.66647        1.98914        2.34496        2        -1.671446        -0.500025        -0.063179
Te        10.32921        0.03352        2.16322        2        0.935556        0.250975        -0.153714
Te        7.60237        5.85005        5.82561        2        -0.467426        0.587945        -0.998356
Te        10.82524        7.72714        5.64677        2        -0.706723        0.631927        -0.626230
Te        7.62982        6.03987        2.19368        2        -0.813593        -0.003626        1.311008
Te        10.41447        3.77470        2.11718        2        1.146381        0.164761        -0.286556
Te        7.48055        9.72393        5.89208        2        0.276891        0.019598        -0.514755
Te        10.40993        11.64395        5.80964        2        0.663899        0.165691        0.413356
Te        7.55604        9.88835        2.33138        2        -0.999113        -1.246104        0.028311
Te        10.57074        7.99369        2.04581        2        -0.579020        0.539282        0.716122
Te        13.52438        1.75667        5.57148        2        1.009876        0.081590        0.587398
Te        16.55024        3.62421        5.45358        2        0.155835        0.491413        0.465966
Te        13.44474        1.60404        2.08736        2        -0.077867        -0.153297        0.480714
Te        16.89189        11.65459        2.09487        2        -1.169796        0.605635        -0.339685
Te        13.55525        5.64978        5.22079        2        0.473084        -0.602991        0.822544
Te        16.59282        7.87957        5.66576        2        -0.984083        -0.005539        -0.517657
Te        13.56319        6.05138        1.85155        2        -0.108959        -1.070381        0.259410
Te        16.72992        3.77732        2.03097        2        0.191277        0.023198        0.166827
Te        13.35677        9.82629        5.66896        2        1.751054        -0.616585        0.768762
Te        16.84860        0.04758        5.64636        2        -0.762049        -0.395597        -0.309398
Te        13.57617        9.78915        1.99752        2        -0.225908        -0.068302        0.776319
Te        16.62669        7.97430        2.16856        2        -0.922986        -1.208217        -0.010503
