54
Lattice="19.904050889 0.000008540 -0.000615361 -0.000005198 10.639921383 0.000045896 0.042448411 0.000094922 30.000000000" Properties=species:S:1:pos:R:3:tags:I:1:forces:R:3 energy=-312.58017894 stress= -13.65910 -2.73276 -1.06949 -0.21411 -0.60673 0.83339 pbc="T T T"
Mo        2.47310        10.62622        3.60051        1        -0.248194        -0.004735        0.407071
Mo        6.37930        1.89035        3.88082        1        -2.198735        -0.865498        1.198042
Mo        2.77555        3.23337        3.79494        1        -0.222367        1.527490        -0.749148
Mo        5.77262        5.57579        3.99267        1        2.951857        -2.468347        0.747114
Mo        2.20559        7.14406        3.82965        1        1.776872        -0.782631        -0.115207
Mo        6.03160        8.76923        3.60132        1        -1.486146        0.492582        -0.302053
Mo        9.31221        0.24018        3.88308        1        -0.572570        -1.103549        -0.753021
Mo        12.37954        1.62074        4.23954        1        -0.418075        0.572513        -1.415203
Mo        9.22023        3.70837        4.03194        1        0.236770        0.737108        -0.073323
Mo        12.59334        5.14402        4.19538        1        -0.019149        0.757983        2.204964
Mo        9.37709        7.36028        4.05083        1        -0.550052        -0.355039        -0.416349
Mo        12.65267        8.64022        4.08746        1        -0.984384        1.688339        1.381968
Mo        15.50087        0.00064        3.86438        1        -0.062980        0.100555        0.831991
Mo        18.92071        1.79788        3.61516        1        1.229666        -0.095638        0.488211
Mo        15.68153        3.36502        4.25737        1        0.664160        1.459088        -1.274884
Mo        19.15706        5.45114        3.84848        1        -0.112350        -1.141218        -0.231656
Mo        15.78040        6.90289        4.18026        1        0.680325        -0.306175        -1.829295
Mo        18.42289        8.95575        3.68639        1        2.714694        0.409641        1.290876
Te        1.53237        1.63842        5.50860        2        -0.512754        -0.360270        -0.313923
Te        4.98355        3.62877        5.68308        2        -0.319864        -0.888964        -0.218162
Te        1.34226        1.78047        1.75873        2        0.215329        -0.323972        1.188261
Te        4.83379        0.06526        1.85985        2        0.407746        -0.245415        1.192073
Te        1.60009        5.07543        5.50850        2        -0.490641        0.527255        -0.110008
Te        4.72897        7.18347        5.71926        2        -1.001914        1.124052        -0.441947
Te        1.39252        5.14156        2.06351        2        0.389411        0.328361        0.567194
Te        5.13797        3.58818        2.26668        2        -0.703165        -0.219425        -0.737296
Te        0.84660        8.92391        5.46471        2        0.656027        0.108921        -1.006016
Te        4.78864        10.53522        5.32992        2        0.017419        0.571325        -0.545289
Te        1.05572        8.90163        2.04276        2        -0.436443        -0.327338        0.159916
Te        4.70051        6.78037        2.09225        2        -1.470364        2.516005        -1.362651
Te        8.48218        1.90781        5.73331        2        -1.963859        -0.072363        1.168996
Te        11.29314        3.50534        6.13275        2        0.414063        0.140802        -1.431447
Te        8.26638        1.95765        2.11691        2        0.855046        0.720195        -1.081613
Te        11.49088        10.44079        2.27306        2        0.607409        0.537242        0.458856
Te        8.09315        5.47988        5.82906        2        -0.131464        0.718244        -0.855470
Te        11.36993        7.11275        5.84384        2        0.494360        -0.820300        0.780579
Te        8.16036        5.74419        2.22990        2        -0.319786        -1.051483        0.881437
Te        11.40099        3.50087        2.55409        2        0.123371        -0.457560        -1.335332
Te        7.86828        9.18402        5.44913        2        0.945196        -0.468481        0.966429
Te        11.06475        10.46890        5.79443        2        1.911171        -0.324886        0.639505
Te        8.48720        9.06808        2.04682        2        -0.978110        -0.359706        0.119009
Te        11.64953        6.91514        2.40967        2        -0.944715        -0.240456        -0.783059
Te        14.45678        1.63403        5.80714        2        0.509985        -0.485661        1.284721
Te        18.33481        3.51649        5.67230        2        -0.963505        0.141952        -0.607867
Te        14.40223        1.84184        2.14328        2        -0.091061        -0.351491        1.364631
Te        17.37534        0.15498        1.97391        2        0.901795        -0.022500        -0.430939
Te        14.90225        5.38246        6.19922        2        -0.766498        -1.409270        -1.025120
Te        17.98627        7.02824        5.66011        2        0.306072        0.617707        0.581041
Te        14.62675        5.10312        2.44369        2        0.287539        0.239499        0.121042
Te        17.69170        3.68403        2.17425        2        0.272939        0.017886        0.500105
Te        14.94117        8.78508        5.84811        2        -1.231373        0.542561        -0.017804
Te        17.70169        0.21191        5.46344        2        -0.059086        -0.208967        0.352496
Te        14.58501        8.57677        2.35163        2        0.889761        0.210415        -0.995747
Te        17.88734        7.08247        2.02939        2        -1.158697        -1.036082        -0.441175
