54
Lattice="19.173937585 0.000456147 -0.025753600 -0.000245476 10.927967962 0.000007040 0.013560576 0.000001770 30.000000000" Properties=species:S:1:pos:R:3:tags:I:1:forces:R:3 energy=-315.43872753 stress= -2.24702 -10.07527 -1.64426 -0.87748 2.40726 0.10499 pbc="T T T"
Mo        2.10220        10.80436        3.70613        1        1.176391        0.787960        1.096824
Mo        4.57297        2.22787        3.97262        1        0.652176        -0.702631        2.083039
Mo        2.19714        3.76093        3.89607        1        -0.600883        -0.768052        0.166897
Mo        4.44071        5.14149        3.90188        1        1.378853        0.764934        2.162230
Mo        2.00895        7.36722        3.95459        1        0.525406        -0.836812        -0.191912
Mo        4.44560        8.81764        4.11504        1        0.626696        1.260837        -1.143135
Mo        8.60185        10.68800        3.88097        1        0.432175        0.620818        0.099338
Mo        10.78209        2.03199        4.20561        1        -0.353620        -0.108112        -1.566635
Mo        8.67673        3.89526        3.71758        1        -1.816339        -0.164034        -0.554671
Mo        10.77956        5.49269        3.94285        1        0.419595        0.610278        1.435264
Mo        8.60265        7.38701        3.82787        1        -0.510148        -1.320098        -1.462286
Mo        11.00065        8.90880        4.04428        1        -0.909599        -0.445531        0.011077
Mo        14.84394        10.85771        3.86703        1        -0.235436        0.673660        -2.099710
Mo        17.20056        1.87560        3.98599        1        0.498594        -0.506811        -0.430045
Mo        14.97547        3.48962        3.83357        1        -0.435956        0.307199        0.234190
Mo        17.27890        5.29226        4.10171        1        -1.802512        -0.100866        -0.640060
Mo        15.00227        7.35716        3.74141        1        1.068713        -0.614542        0.541209
Mo        17.42649        9.52960        3.82519        1        -2.140635        -0.440181        -1.118854
Te        0.56678        1.86539        5.40240        2        0.123013        -0.226038        -0.552350
Te        3.66521        3.52837        6.18045        2        0.274558        0.633993        -1.067350
Te        5.96358        10.89998        2.66293        2        0.055902        -0.314148        0.240377
Te        3.04170        1.86961        1.98490        2        -1.624585        -0.324149        -1.019755
Te        0.43640        5.45618        5.40666        2        1.469776        -0.011275        0.659074
Te        3.75875        7.33976        6.03216        2        -0.485408        -1.606013        0.641753
Te        6.17616        3.42826        2.24690        2        0.073494        1.150580        0.086682
Te        2.80718        5.48208        1.93194        2        -0.898766        0.558239        -0.625193
Te        0.39818        9.29926        5.23433        2        2.232309        0.066343        1.270972
Te        4.02383        0.00424        5.87233        2        -0.884977        0.219036        -1.281862
Te        5.89285        7.00863        2.40486        2        0.401017        0.979154        0.109148
Te        2.90678        8.97806        1.97377        2        -0.417319        0.049096        -0.749162
Te        6.96544        1.89251        5.39917        2        0.783044        -0.093341        -0.602328
Te        9.86919        3.71870        6.04205        2        0.907895        0.401738        0.337023
Te        12.29618        10.85523        2.48698        2        0.375350        0.306869        0.496889
Te        9.21225        1.73088        2.02337        2        0.007121        0.369090        0.408648
Te        6.88333        5.68321        5.29400        2        0.446180        -1.102853        -0.268836
Te        9.97617        7.25182        6.10226        2        1.117441        -0.053134        -0.945270
Te        12.31121        3.71753        2.55459        2        0.689707        -0.685055        -0.232898
Te        9.17555        5.53716        1.56235        2        0.185803        0.233064        1.715227
Te        7.09206        9.04902        5.39976        2        -0.535149        0.156209        0.327927
Te        10.50483        10.89843        5.84000        2        -0.932508        -0.648132        0.697319
Te        12.53355        7.15074        2.37025        2        -0.251624        0.451080        0.374873
Te        9.36049        9.08893        1.88808        2        -0.245459        -0.097094        -0.119344
Te        13.26135        1.77228        5.28716        2        0.729280        0.474669        0.324238
Te        16.63436        3.42560        6.08086        2        -0.293657        0.754354        -0.538077
Te        18.67580        0.30240        2.05043        2        0.456094        -0.203675        0.876665
Te        15.50861        1.66913        1.80282        2        -0.171405        0.537520        0.850707
Te        13.35656        5.55539        5.41674        2        0.182957        -0.356330        -0.755915
Te        17.06016        7.36139        5.81969        2        -1.651976        0.374350        -0.450217
Te        18.91102        3.89098        2.49811        2        -0.262358        -1.063423        -0.263816
Te        15.59801        5.28592        1.91680        2        0.113971        0.603145        0.470651
Te        13.48315        9.05548        5.41724        2        -0.248643        -0.476303        0.162311
Te        16.48797        10.84666        5.80979        2        0.745451        1.048955        1.965287
Te        18.71984        7.41048        2.67432        2        -0.024518        -0.701385        -0.769237
Te        15.59769        9.19667        1.86730        2        -0.397398        -0.423402        -0.397493
