54
Lattice="19.174335959 0.000456436 -0.025753600 -0.000245188 11.849097688 0.000007040 0.013560858 0.000001769 30.000000000" Properties=species:S:1:pos:R:3:tags:I:1:forces:R:3 energy=-308.34792532 stress= -5.97433 -12.25037 -3.96441 -0.84176 -1.86555 0.53820 pbc="T T T"
Mo        2.21001        11.32955        3.73308        1        0.221666        0.167052        -0.308065
Mo        4.35877        1.72631        4.18436        1        0.556853        -0.070365        -0.623984
Mo        2.60423        4.06174        3.75013        1        0.236161        1.049181        -0.825059
Mo        4.76131        6.07936        3.75078        1        -0.636373        -0.105764        -0.440715
Mo        2.52299        8.34650        3.58943        1        -1.290330        -1.971876        -0.707599
Mo        4.79700        9.62828        3.75530        1        0.306621        0.547041        -0.956074
Mo        8.80562        0.22307        4.13371        1        -0.465407        0.690941        0.725997
Mo        10.98941        2.12712        4.53593        1        -0.311945        -0.558217        -0.927108
Mo        8.59370        3.67606        4.43486        1        -0.594057        -0.474232        -1.550010
Mo        10.64084        5.44099        4.32594        1        0.590884        1.672183        0.930220
Mo        9.02565        7.86430        3.77233        1        -0.832986        -0.418293        1.612966
Mo        10.67106        10.11537        4.74968        1        -0.087459        0.463844        -1.284839
Mo        14.87371        11.69221        3.69489        1        1.787780        -0.385567        -0.945078
Mo        17.45887        1.83340        3.56894        1        -1.230663        -0.321806        -0.192310
Mo        14.83878        4.03044        3.36829        1        0.033758        0.008971        0.819706
Mo        16.69186        6.39518        3.80396        1        0.428683        -0.985515        0.249007
Mo        14.57869        8.35701        3.97665        1        0.918697        -1.713363        -0.763320
Mo        17.00145        9.47234        3.86566        1        -0.144076        1.330485        0.619243
Te        0.74974        2.35914        4.54382        2        -0.118312        -1.260008        0.014512
Te        4.47844        4.08784        5.71585        2        -1.059543        -0.292330        -0.742428
Te        6.21433        0.03366        2.55566        2        0.178380        0.612389        0.685854
Te        2.60686        1.76003        2.02276        2        0.791288        0.015537        0.828430
Te        0.57790        5.97117        4.19228        2        0.123735        -0.050794        0.162896
Te        4.14346        7.90899        5.64416        2        -0.040175        -0.599775        0.784350
Te        6.44932        3.83636        2.57888        2        -0.912318        0.622038        0.588688
Te        2.82602        5.90823        1.64189        2        0.952203        0.396783        1.291968
Te        0.72597        9.29431        5.41088        2        0.294238        1.247125        -0.615981
Te        4.19274        11.36697        5.61414        2        -0.769435        0.609302        1.383933
Te        6.64125        8.13588        2.40555        2        -0.832847        -0.760062        -0.399561
Te        3.16587        9.90493        1.59356        2        -0.029258        0.512112        0.113700
Te        6.97206        1.75857        5.90945        2        0.295948        -0.056831        -1.037954
Te        10.37179        3.89535        6.39849        2        -0.134887        -0.045833        1.413331
Te        12.30099        0.02011        3.09141        2        -1.299459        -0.022921        -0.147784
Te        9.43010        2.05512        2.34051        2        -0.307528        0.203428        0.144177
Te        6.98306        6.20012        5.36635        2        1.673137        -0.552782        -0.294542
Te        10.14964        7.85173        6.37652        2        -0.032420        -0.210641        -1.300233
Te        12.18765        4.08216        2.70270        2        0.055506        -0.627802        -0.491366
Te        8.90914        5.58371        2.24667        2        0.410221        -0.174111        -0.268379
Te        7.64856        9.81802        5.17095        2        -0.365422        -0.221593        0.618305
Te        10.24892        0.39093        6.60941        2        -0.044008        -0.547521        -1.258373
Te        11.55928        7.99833        3.00271        2        1.153832        -0.349195        -0.106797
Te        9.35554        10.05633        2.02007        2        0.187957        0.704247        1.330308
Te        13.76548        1.98960        5.13184        2        -0.153513        0.504635        0.105963
Te        16.44568        3.91050        5.43676        2        0.598623        0.373088        0.023439
Te        18.79986        11.30024        2.46402        2        -0.283923        1.192387        0.418982
Te        15.33542        1.86688        1.73082        2        -0.215269        -1.407244        0.401326
Te        13.24763        5.83432        5.57607        2        0.430189        0.355408        -1.180779
Te        16.50656        7.93371        6.00241        2        -0.572835        0.000113        -0.430238
Te        17.18623        4.14706        2.12145        2        1.245279        0.840925        -0.201484
Te        14.77443        6.43827        1.90063        2        -0.045637        0.027339        0.787214
Te        13.66092        10.17021        5.52713        2        -1.934815        0.333019        1.998726
Te        16.74928        0.02975        5.58471        2        0.352278        -0.361935        -0.266827
Te        18.28571        7.93658        2.24338        2        0.489910        -0.658056        -0.694348
Te        15.11205        9.73673        1.70785        2        0.478628        0.747960        0.912587
