54
Lattice="19.173937585 0.000456147 -0.025753600 -0.000245476 10.309403738 0.000007040 0.013560576 0.000001770 30.000000000" Properties=species:S:1:pos:R:3:tags:I:1:forces:R:3 energy=-321.49993521 stress= 0.81730 1.20419 0.64308 2.91368 -0.26981 -1.14678 pbc="T T T"
Mo        2.05664        10.21870        3.71176        1        1.110642        0.696895        0.229433
Mo        4.47489        1.55170        3.95450        1        -1.043946        0.371023        -0.959494
Mo        2.10129        3.46487        3.82493        1        0.433934        -0.516021        -1.038921
Mo        4.47310        5.10361        3.97901        1        -0.145961        0.292346        0.098247
Mo        2.26406        6.84517        3.75956        1        -0.945070        1.047784        0.689419
Mo        4.50011        8.54535        3.89955        1        -0.288696        0.213990        -0.595837
Mo        8.57264        10.27666        3.69809        1        -0.869171        0.787043        0.281947
Mo        10.87459        1.72854        3.92830        1        0.142168        0.112683        0.419099
Mo        8.45487        3.41414        3.79062        1        0.914911        0.009572        -0.093649
Mo        10.84139        5.26083        4.08164        1        0.343964        -0.716030        -0.224095
Mo        8.52937        6.92472        3.84501        1        -0.708033        -0.419670        -0.642508
Mo        10.76332        8.63094        4.02147        1        0.985821        -0.317900        -0.220934
Mo        14.90854        0.01673        3.87991        1        0.394730        0.006477        0.825073
Mo        17.27881        1.75176        4.06732        1        -0.370948        -0.155880        -0.997052
Mo        15.01731        3.40425        3.98522        1        -0.333378        0.426583        0.263029
Mo        17.36579        5.18706        4.15175        1        -0.769366        -0.543124        0.592219
Mo        14.89351        6.91901        3.99383        1        0.710862        0.139069        -0.364322
Mo        17.25457        8.51101        4.11614        1        0.007682        0.918277        -0.863118
Te        0.55265        1.63344        5.31106        2        0.533021        0.400523        0.418195
Te        3.77332        3.31639        5.89502        2        0.273412        0.236297        0.375927
Te        6.01888        10.30460        2.27545        2        0.207947        -0.109761        0.144394
Te        2.68754        1.74121        1.72983        2        0.335377        0.040138        1.061098
Te        0.67452        5.15785        5.42909        2        0.152921        0.221617        0.278920
Te        3.93283        6.92457        5.92641        2        -0.316233        -0.774436        0.172076
Te        5.99517        3.43622        2.44618        2        0.328794        -0.406885        -0.431655
Te        2.83491        5.21361        1.83769        2        -0.016432        -0.917204        -0.651634
Te        0.55156        8.58645        5.29514        2        0.592855        -0.403361        0.600658
Te        3.71334        10.18681        5.91255        2        -0.025759        0.277230        -0.299615
Te        6.07662        6.82251        2.31915        2        0.045365        0.101957        0.365466
Te        2.84458        8.62764        1.72919        2        -0.101191        -0.507771        0.116912
Te        6.90841        1.51902        5.26174        2        0.047632        0.643199        0.416480
Te        10.13748        3.40149        5.94906        2        0.015630        0.213505        -0.326081
Te        12.46475        0.01452        2.34906        2        -0.075375        0.018706        0.539957
Te        9.23062        1.77946        1.78727        2        -0.082589        -0.148910        -0.080292
Te        6.89918        5.06950        5.31056        2        0.148798        0.280474        0.492208
Te        10.06855        6.90567        6.01978        2        0.349581        0.188996        0.367729
Te        12.56892        3.61244        2.48453        2        -0.277113        -0.438742        0.362030
Te        9.25922        5.25116        1.88971        2        -0.074801        -0.620892        0.059306
Te        6.87385        8.55387        5.29025        2        0.366085        0.320252        0.277345
Te        10.07821        0.02268        5.92235        2        0.255417        0.432425        0.213144
Te        12.48205        7.00753        2.50223        2        0.021006        -0.493927        0.059247
Te        9.13540        8.58755        1.82673        2        0.409139        -0.405906        -0.796961
Te        13.33815        1.70998        5.44092        2        -0.304528        0.055675        -0.029210
Te        16.79960        3.35566        6.19403        2        -0.397015        0.679382        -0.828082
Te        18.79876        0.03788        2.34743        2        -0.423831        -0.340993        0.358796
Te        15.55723        1.72930        1.92219        2        0.061367        0.273430        0.238459
Te        13.36660        5.18410        5.53822        2        -0.213566        -0.160607        -0.063570
Te        16.69574        6.87954        6.10687        2        -0.475426        -0.108000        0.471120
Te        18.75683        3.48901        2.45922        2        0.599504        -0.109781        -0.024059
Te        15.71452        5.15123        2.08813        2        -0.502572        0.423818        -0.555025
Te        13.23904        8.62098        5.45845        2        0.185070        0.251619        0.024148
Te        16.78864        0.06090        6.03661        2        -0.881030        -0.747060        0.001078
Te        18.86515        6.85110        2.54237        2        0.012843        0.168267        -0.462155
Te        15.66626        8.66403        1.97667        2        -0.343018        -0.866511        -0.257523
