54
Lattice="19.904050889 0.000008540 -0.000615361 -0.000005198 10.639921383 0.000045896 0.042448411 0.000094922 30.000000000" Properties=species:S:1:pos:R:3:tags:I:1:forces:R:3 energy=-316.03038055 stress= -16.56011 -4.49757 -4.70595 -2.97344 1.22194 -0.63455 pbc="T T T"
Mo        2.47058        10.38231        4.02232        1        1.629244        1.047393        0.156475
Mo        5.81096        1.90286        3.96119        1        0.574041        -0.116546        0.028497
Mo        2.45618        3.61996        3.81408        1        0.929160        -1.933725        1.053702
Mo        5.84077        5.54474        3.77693        1        -0.650074        0.167063        1.573115
Mo        2.51607        6.98995        4.06731        1        -0.643241        0.252013        -0.286670
Mo        5.89565        9.06980        4.17623        1        0.357937        -0.372717        -0.404766
Mo        9.44698        0.00063        4.01988        1        -0.760963        -0.139387        -0.432061
Mo        12.52962        1.60861        3.95469        1        -0.773969        0.721966        -1.176269
Mo        9.14774        3.83446        3.91815        1        -0.038213        -1.786050        -0.517746
Mo        12.45123        5.28538        3.84581        1        -0.058567        0.818831        0.150074
Mo        9.18220        7.26649        3.89307        1        0.162608        -2.343233        2.233656
Mo        12.49496        8.92689        4.10721        1        0.708209        0.099213        -0.483088
Mo        16.02773        10.56844        3.75314        1        -0.278554        0.254439        1.066873
Mo        19.23988        1.63415        3.93512        1        -0.267343        0.984926        0.186270
Mo        15.82912        3.50828        3.66781        1        -0.080558        0.613440        -0.139807
Mo        19.05230        5.24496        3.95153        1        -0.887240        0.019131        -0.993790
Mo        15.49918        7.07024        3.85141        1        0.800472        -1.525126        -0.349291
Mo        19.19913        8.74558        3.94119        1        -0.717667        -0.025800        0.529563
Te        1.59840        1.63040        5.75245        2        -0.957937        0.738610        -0.911932
Te        4.89010        3.71591        5.70247        2        -1.004741        0.549210        -0.616738
Te        1.55779        1.51940        2.11190        2        -0.423953        0.680984        0.906995
Te        4.84496        10.61987        2.27169        2        -0.641079        0.602339        0.120889
Te        1.24379        5.15732        5.67756        2        0.403620        0.238870        0.304017
Te        4.77548        7.28971        5.88643        2        -0.327308        -0.676686        -1.102525
Te        1.19788        5.22054        2.11803        2        0.577989        0.679420        0.249985
Te        4.73702        3.68283        2.17037        2        -0.426236        -0.184062        -0.343251
Te        1.28954        8.68878        5.86673        2        0.278711        -0.049844        -0.569099
Te        4.71030        0.32599        5.86953        2        0.016995        -1.125710        -0.568504
Te        1.55103        8.68914        2.16933        2        -1.099261        -0.178793        0.377751
Te        4.50607        7.37275        2.20511        2        1.252113        -0.527279        0.747978
Te        8.15168        1.94608        5.58621        2        -0.320581        -0.283555        0.481421
Te        11.24584        3.51641        5.54450        2        0.851677        0.200484        0.756636
Te        8.05689        1.77630        2.32183        2        0.437464        0.181484        -0.285039
Te        11.56476        10.41989        2.12458        2        -0.839275        1.429224        0.373756
Te        7.87345        5.54782        5.58412        2        0.572622        -0.074780        0.542968
Te        11.25868        7.20721        5.74205        2        0.504550        -1.101343        -0.245798
Te        7.99957        5.41037        2.14177        2        0.130829        0.771454        -0.898080
Te        11.37167        3.54116        2.16922        2        -0.347064        -0.601703        -0.248929
Te        8.21504        8.95587        5.86678        2        -0.274351        0.384004        -0.616583
Te        11.49040        0.03824        5.94334        2        -0.005674        0.073206        -0.544372
Te        8.07112        8.76947        2.29817        2        -1.119004        2.914936        -1.347352
Te        11.29657        7.26592        2.20108        2        0.629829        -0.863634        0.241416
Te        14.74129        1.83511        5.43722        2        0.629591        -1.170394        0.616814
Te        17.84738        3.60784        5.68359        2        0.383809        -1.226894        -0.718239
Te        14.71239        1.65679        2.01293        2        0.008239        -0.074398        0.293017
Te        18.28603        10.51614        2.11426        2        -0.439161        0.037904        0.106415
Te        14.54090        5.02604        5.55773        2        0.208831        1.270202        -0.132333
Te        17.59002        6.91687        5.62958        2        1.187050        0.719127        -0.401944
Te        14.53880        5.23761        1.86906        2        0.026036        0.331805        1.149704
Te        18.04818        3.49717        1.97651        2        0.372769        -0.414887        1.215364
Te        14.84232        8.91167        5.67668        2        -0.590309        0.238096        -0.006068
Te        18.11704        0.00930        5.85695        2        -0.040585        -0.486280        -1.586709
Te        14.54964        8.89627        2.17629        2        0.153606        -0.015908        -0.314507
Te        17.80771        7.00783        2.14860        2        0.265553        0.255091        0.771922
