54
Lattice="20.707852593 0.000456147 -0.025753600 -0.000245476 11.134156037 0.000007040 0.013560576 0.000001770 30.000000000" Properties=species:S:1:pos:R:3:tags:I:1:forces:R:3 energy=-310.08366407 stress= -16.13181 -11.43880 -5.36479 0.18068 -1.74142 0.29032 pbc="T T T"
Mo        2.43350        0.22454        3.88531        1        -0.930137        -0.238843        -0.835447
Mo        4.62959        1.74323        3.65128        1        0.302854        -0.779368        2.382690
Mo        2.32996        3.77194        3.77522        1        -0.736812        -0.065591        -1.167472
Mo        4.55026        5.84931        4.10392        1        -0.220893        -0.930122        -1.374395
Mo        2.20377        7.29667        3.63277        1        -0.284701        -0.164775        0.374882
Mo        4.63557        8.96472        3.83329        1        0.277341        0.498901        0.084906
Mo        9.08800        10.94499        3.93788        1        0.980833        -0.173878        -0.356757
Mo        11.63557        1.41573        3.89177        1        0.561065        0.257326        0.516638
Mo        9.00269        4.14908        3.83983        1        1.199001        -1.018785        1.260245
Mo        12.04797        5.91581        4.15068        1        -0.343576        -0.901002        -2.396811
Mo        9.59875        7.47065        3.72647        1        -1.342328        -0.519985        1.713971
Mo        11.72631        9.27129        4.21979        1        0.502032        -0.649847        -1.641731
Mo        16.34622        0.14365        3.92927        1        -0.597259        -0.781513        0.105356
Mo        18.69430        1.75949        4.02758        1        -0.305461        0.506528        0.181724
Mo        16.06253        3.55468        3.84144        1        1.490342        -0.138614        0.415025
Mo        18.40703        5.60610        4.04844        1        0.554951        -0.780533        -1.048671
Mo        16.39423        7.83948        3.63563        1        -0.134515        -0.091308        0.650364
Mo        18.74683        9.50079        3.80791        1        0.087065        -0.694778        1.488760
Te        0.72079        1.89053        5.27701        2        -0.121420        -0.190140        0.388780
Te        3.93665        3.80577        5.93237        2        0.259450        -0.413732        -1.212380
Te        6.37631        11.04145        2.50465        2        -0.168814        -0.205420        0.175281
Te        2.53485        1.90900        1.72373        2        1.099666        0.035227        1.065344
Te        0.19736        5.25623        5.09564        2        1.459058        0.897263        0.190313
Te        3.68611        7.51768        5.83939        2        -0.109554        0.411875        1.323561
Te        6.12787        3.89525        3.00746        2        0.850926        -0.386568        -0.663316
Te        2.93565        5.46850        1.64362        2        0.119632        0.226895        1.654855
Te        0.70929        9.06236        5.25341        2        -0.350813        0.711896        -0.523549
Te        4.42249        11.06058        5.87972        2        -0.608182        -0.034076        -1.775298
Te        6.38856        7.22294        2.68501        2        0.058010        0.773880        0.064383
Te        2.75121        9.28900        1.87229        2        0.447327        0.336339        0.820906
Te        7.57000        1.76140        5.29931        2        -0.069437        0.373518        -0.807945
Te        11.22346        3.69919        5.60905        2        -0.697043        -0.435908        -0.554598
Te        13.47229        10.92779        2.75646        2        0.004320        0.499791        -0.119630
Te        9.69156        1.99944        2.15392        2        -0.117517        -0.925001        0.136089
Te        7.72220        5.45973        5.59930        2        -0.274057        0.913988        -0.112207
Te        11.05118        7.35997        6.02264        2        -0.236857        0.697653        0.700727
Te        13.59239        3.44211        3.06147        2        -1.902440        0.762625        -0.302365
Te        10.14128        5.52352        1.94200        2        0.638120        0.390970        -0.009086
Te        7.72894        9.01196        5.25071        2        -0.415567        0.120423        -0.314064
Te        11.00711        11.05742        6.01308        2        -0.642076        0.302889        0.061366
Te        13.23475        7.47218        2.22657        2        0.505092        0.249120        0.894244
Te        10.18705        9.20037        1.91282        2        0.010905        0.989185        0.069580
Te        14.68515        1.78351        5.55883        2        0.256801        -0.025196        -0.566125
Te        17.74130        3.71885        5.95255        2        0.269578        -0.339883        -0.675174
Te        20.46365        0.15495        2.62212        2        0.047008        -0.347477        -0.335674
Te        16.88160        1.76378        1.93935        2        0.464801        1.212051        -0.207001
Te        14.70783        5.85972        5.16850        2        0.464515        -0.054978        -0.351458
Te        18.27013        7.48147        5.80851        2        -0.989384        1.303112        -0.235561
Te        20.21042        3.72513        2.51238        2        -0.319959        -0.015071        0.261030
Te        16.95371        5.76806        1.87703        2        -0.790796        -0.432009        0.472242
Te        14.75115        9.33417        5.23157        2        -0.221208        -0.360364        0.283214
Te        18.13707        0.00416        6.00968        2        0.074572        -0.204875        -0.787272
Te        20.17563        7.43343        2.40056        2        -0.181841        -0.039098        0.149941
Te        16.94988        9.61101        1.73225        2        0.128369        -0.139604        0.451805
