54
Lattice="18.798270284 0.000008540 -0.000615361 -0.000005198 10.639921383 0.000045896 0.042448411 0.000094922 30.000000000" Properties=species:S:1:pos:R:3:tags:I:1:forces:R:3 energy=-315.69631413 stress= -3.35595 0.02986 -4.30332 -0.53165 0.38148 -0.14804 pbc="T T T"
Mo        2.20880        10.55574        4.06413        1        2.243249        -0.507000        0.266724
Mo        5.69449        1.61823        4.01259        1        -1.026694        1.341149        -0.489160
Mo        2.74864        3.84124        4.10719        1        -1.914502        -1.766674        -0.712916
Mo        5.81153        5.28168        3.73855        1        0.939670        -0.122596        1.237194
Mo        2.28588        7.01570        3.95552        1        0.566537        0.874195        1.666352
Mo        5.45302        8.80523        4.09004        1        -0.901750        -0.075431        -1.572652
Mo        8.26081        0.05931        3.98312        1        0.432469        0.680762        -0.934954
Mo        11.66855        1.62168        3.97435        1        0.915902        -0.509563        -0.082968
Mo        8.75473        3.53693        3.79572        1        -1.073232        0.151309        -0.218148
Mo        11.54479        5.37294        3.78719        1        0.284511        -0.370885        0.262973
Mo        8.77694        7.37914        3.77118        1        0.651055        1.231418        0.136104
Mo        11.65801        8.85426        3.80636        1        -0.595560        -0.128397        0.497643
Mo        15.01702        10.47217        3.95715        1        -0.005144        0.901147        -1.003968
Mo        18.38435        1.82593        4.20421        1        -2.387195        0.522134        -0.279201
Mo        14.88144        3.35592        3.73310        1        0.277016        1.198248        0.658016
Mo        17.97800        5.52877        3.97189        1        0.558331        -1.672413        -0.675069
Mo        14.73004        7.13307        3.71618        1        -0.287934        -1.126073        0.604786
Mo        18.06790        8.81875        4.09782        1        0.872722        -0.160495        -0.973508
Te        1.64772        1.69311        5.86497        2        -0.109538        1.747132        0.997056
Te        4.85254        3.75164        5.71900        2        0.099126        -1.259811        0.236077
Te        1.49099        1.95546        2.39297        2        0.766801        0.101371        -0.392633
Te        4.23764        10.60860        2.22771        2        0.712286        -0.352890        0.703120
Te        1.29120        5.28291        5.91461        2        -0.137755        0.599650        -0.720821
Te        4.43606        6.82187        5.61596        2        0.394585        0.711888        0.241679
Te        1.28086        5.37952        2.21422        2        0.157681        -0.494467        -0.449852
Te        4.70333        3.41109        2.18159        2        -0.277029        0.141156        -0.182531
Te        1.34864        8.80525        6.01639        2        -0.268030        -0.396772        -1.094224
Te        4.51191        10.58928        5.92555        2        -0.466209        0.078173        -0.963186
Te        1.28953        8.80684        2.24603        2        -0.342740        -0.004484        -0.534834
Te        4.49223        6.90230        2.18806        2        -0.675939        1.303015        -0.305391
Te        7.60041        2.04653        5.87046        2        0.352593        -0.878699        -0.570282
Te        10.56493        3.35681        5.73114        2        1.268583        0.821123        -0.196460
Te        7.65789        1.91698        1.83134        2        -0.456398        -0.492336        1.458330
Te        10.34054        10.59064        2.13406        2        0.641270        0.175911        0.613143
Te        8.03786        5.57651        5.50450        2        -1.615527        -1.315536        0.052623
Te        10.65099        7.30982        5.84726        2        0.551245        -0.660613        -1.374191
Te        8.02411        5.61867        1.93046        2        -1.375985        -1.524648        0.416103
Te        10.84949        3.34764        2.13999        2        -0.170009        0.380485        -0.759602
Te        7.43454        8.89356        5.82322        2        0.508972        -0.286773        -0.097329
Te        10.29476        10.52958        5.69460        2        1.533196        0.369143        -0.320885
Te        7.26033        9.03464        2.08706        2        0.487603        -0.373500        0.193673
Te        10.84437        7.12650        1.83274        2        -0.504211        0.335713        0.866462
Te        13.94038        1.67618        5.71216        2        -0.425721        0.098923        -0.571670
Te        16.99357        3.64371        5.73999        2        -0.420457        -0.195422        -0.519056
Te        13.94792        1.38228        2.13647        2        -0.755753        1.495494        -0.356070
Te        17.34246        0.08664        2.40738        2        -0.766629        -0.031177        -0.641255
Te        13.58695        5.33182        5.48873        2        1.146065        -0.524270        -0.426346
Te        16.96404        7.13346        5.73277        2        -1.716920        -0.164749        0.801667
Te        13.78135        5.15394        1.70717        2        0.108908        0.122120        2.107038
Te        17.26618        3.50834        2.18192        2        -0.804624        0.093654        0.837398
Te        13.77951        8.84251        5.49822        2        -0.582103        -0.683843        1.695116
Te        16.98028        10.53206        5.81774        2        0.646594        0.961205        0.551161
Te        13.60707        8.90940        1.96604        2        1.105033        -0.226903        0.169626
Te        16.71898        7.24528        2.05964        2        1.826999        -0.123646        0.153977
