54
Lattice="19.173937585 0.000456147 -0.025753600 -0.000245476 10.927967962 0.000007040 0.013560576 0.000001770 30.000000000" Properties=species:S:1:pos:R:3:tags:I:1:forces:R:3 energy=-319.81758937 stress= -5.79029 -12.32789 -3.51313 -0.21916 0.74628 -0.07508 pbc="T T T"
Mo        2.17290        0.08870        3.78675        1        0.208813        -0.231810        -0.322956
Mo        4.41267        1.71589        3.96988        1        0.753385        0.611481        0.717044
Mo        2.21632        3.62697        3.96656        1        -0.384869        0.412115        -1.392465
Mo        4.37312        5.42350        4.16854        1        -0.094267        0.022284        -0.321277
Mo        2.05870        7.41165        3.96269        1        -0.137444        -0.417145        -1.064105
Mo        4.46362        9.13160        3.96325        1        0.024381        -0.298290        0.879154
Mo        8.54046        0.06874        3.75312        1        0.872978        -0.727702        -1.629426
Mo        10.86373        1.81175        4.06776        1        -0.514132        0.030752        -0.361563
Mo        8.54221        3.59277        3.83401        1        0.206192        0.198886        -0.553442
Mo        10.90697        5.27017        4.02938        1        -0.533379        0.599340        -0.279424
Mo        8.55485        7.00225        3.78500        1        -0.456972        0.851224        -0.689954
Mo        10.84159        9.09458        4.01393        1        -0.349471        -0.320139        -0.312818
Mo        14.93223        0.04278        3.77185        1        0.092422        0.265670        -0.808290
Mo        17.25492        1.87052        3.96184        1        0.240886        0.628613        0.360780
Mo        15.01107        3.52555        3.88645        1        0.161308        0.597192        -0.629750
Mo        17.24018        5.41902        4.08690        1        -0.181537        -0.456012        -0.143866
Mo        14.85790        7.32211        3.75581        1        1.200705        0.065231        0.117894
Mo        17.26493        9.44140        3.88294        1        -0.028280        -0.760410        0.692125
Te        0.66027        1.90242        5.41259        2        -0.493418        -0.519977        0.027919
Te        3.86644        3.57771        6.09008        2        0.303062        -0.500824        -0.409580
Te        6.08880        10.83875        2.35800        2        -0.448146        0.271113        0.260978
Te        2.72934        1.94024        1.81988        2        0.098127        -0.097344        0.726746
Te        0.51845        5.52451        5.49348        2        0.407479        -0.108855        -0.256254
Te        3.71879        7.26592        6.00122        2        0.609970        0.585868        0.247158
Te        5.97438        3.63306        2.52887        2        0.103661        -0.089452        0.233740
Te        2.63789        5.60112        1.98756        2        0.333241        -0.458977        0.820129
Te        0.60440        9.27188        5.45491        2        -0.401054        0.177031        -0.398686
Te        3.91101        10.87998        5.96717        2        -0.206441        -0.019891        -0.483346
Te        5.92953        7.11151        2.57237        2        0.390689        0.222239        -0.307818
Te        2.75468        9.04993        1.90462        2        -0.275622        0.533014        0.122011
Te        7.06756        1.68546        5.25322        2        -0.919102        0.608041        0.547767
Te        10.20004        3.63756        6.02937        2        -0.078236        -0.497840        -0.218882
Te        12.44323        10.89200        2.52628        2        -0.399256        0.130529        -0.276407
Te        9.33401        1.91233        1.76060        2        -0.361219        -0.502179        1.075183
Te        6.98037        5.47734        5.46828        2        -0.005184        -0.589195        -0.224034
Te        10.12952        7.16588        5.86276        2        0.607138        0.290553        0.470070
Te        12.53413        3.55730        2.58539        2        -0.278575        0.021199        -0.463257
Te        9.26284        5.37783        1.83888        2        0.002501        -0.571808        0.132915
Te        6.98491        9.04812        5.20608        2        0.288320        -0.039180        -0.058499
Te        10.13753        10.85149        5.91008        2        0.143635        0.276983        0.381308
Te        12.37028        7.19953        2.44165        2        0.097615        0.129655        0.336201
Te        9.27749        8.86384        1.79085        2        -0.320669        0.727228        1.081877
Te        13.31615        1.87378        5.35528        2        0.633600        -0.381182        0.327770
Te        16.73759        3.66188        6.10666        2        -0.226479        -0.229639        -1.004026
Te        18.85364        0.16435        2.27767        2        -0.234435        -0.193618        0.518083
Te        15.52407        1.90010        1.75846        2        0.259942        -0.373908        0.893918
Te        13.40846        5.46480        5.26133        2        0.132434        -0.009584        0.426703
Te        16.69498        7.36238        5.82924        2        -0.516137        0.787103        -0.233076
Te        18.93200        3.69155        2.55608        2        -0.398913        0.126071        -0.005010
Te        15.68976        5.47749        1.89248        2        -0.369501        -0.344911        0.498054
Te        13.36584        9.22928        5.31018        2        -0.067838        -0.523091        0.134467
Te        16.59267        0.14845        5.87286        2        0.058355        -0.269824        0.595508
Te        18.65905        7.37060        2.55203        2        0.590041        0.014741        0.052734
Te        15.54620        9.10756        1.80637        2        -0.141890        0.361927        0.179729
