54
Lattice="20.324373841 0.000456147 -0.025753600 -0.000245476 10.927967962 0.000007040 0.013560576 0.000001770 30.000000000" Properties=species:S:1:pos:R:3:tags:I:1:forces:R:3 energy=-316.95159412 stress= -13.15952 -8.91734 0.47850 -1.72312 0.98893 1.09519 pbc="T T T"
Mo        2.38574        0.08310        3.72356        1        -0.206779        0.813101        1.406171
Mo        4.93031        1.90169        3.97520        1        -1.250063        -0.479630        -0.606029
Mo        2.26692        3.43127        3.67094        1        0.781493        0.284860        0.188129
Mo        4.67316        5.18613        4.07044        1        0.478850        -0.061642        -0.662001
Mo        2.36516        6.82003        3.78540        1        0.254672        -0.243833        0.214223
Mo        4.83015        9.25284        3.97314        1        -0.387446        -0.157560        0.344596
Mo        9.12408        10.69520        3.80625        1        -0.361785        0.589744        -0.279322
Mo        11.42449        2.09052        4.01133        1        0.266009        0.202395        -1.019351
Mo        9.10045        3.67845        3.73871        1        -0.476804        0.395722        -0.317680
Mo        11.42706        5.49552        3.99866        1        -0.010870        0.442025        0.216402
Mo        9.00927        7.15200        3.88385        1        -0.773985        -0.746350        -0.353174
Mo        11.34827        8.87180        4.03411        1        0.944145        -0.038243        0.791338
Mo        15.72598        0.58945        3.96103        1        0.302030        -0.057881        0.141923
Mo        18.30371        2.23998        3.99629        1        -0.470659        -0.616281        0.552540
Mo        15.81011        3.95004        3.85823        1        -0.786060        -0.066456        0.343030
Mo        18.27168        5.43775        4.01942        1        1.060131        0.940337        0.175211
Mo        15.61145        7.20067        3.93857        1        1.495345        -0.049789        -0.447981
Mo        18.33403        8.76678        4.00617        1        0.721720        0.481617        -1.221365
Te        0.56527        1.82248        5.25690        2        0.577826        0.113401        -0.151737
Te        3.84731        3.48845        5.95649        2        0.199225        -0.070013        -0.547551
Te        6.53317        10.75078        2.61659        2        0.086981        0.803654        -0.407017
Te        3.27712        1.63213        1.74915        2        -0.199048        0.505739        0.538193
Te        0.73898        5.22400        5.33815        2        -0.211817        0.353364        -0.172993
Te        4.18336        7.21852        5.81679        2        -0.353733        0.064115        -0.155432
Te        6.46399        3.66533        2.41394        2        -0.165936        -0.293788        0.036495
Te        3.17054        5.21106        1.77991        2        -0.108200        0.049706        0.381252
Te        0.90252        8.91448        4.98541        2        -0.054050        -0.021910        -0.019974
Te        4.12551        0.07731        5.88957        2        -0.357419        -0.158533        -0.378147
Te        6.39110        7.20122        2.77212        2        -0.347328        -0.315905        -0.292078
Te        2.97783        9.01914        2.06245        2        -0.059384        -0.675265        -0.327263
Te        7.40420        1.88668        5.18070        2        0.568313        -0.324141        0.293795
Te        10.69904        3.80946        5.87528        2        -0.077195        -0.416137        1.170628
Te        13.00243        0.03680        2.73733        2        -0.091977        0.084013        0.219417
Te        9.70603        1.77152        1.85949        2        0.177960        -0.381434        0.779018
Te        7.34687        5.28921        5.29818        2        -0.051158        0.080135        0.058291
Te        10.49183        7.26125        6.01669        2        1.139457        -0.077101        0.093708
Te        13.08503        3.75544        2.46876        2        0.096256        0.184413        0.160953
Te        9.79783        5.43741        1.80208        2        -0.214629        0.042451        0.614324
Te        7.39093        9.05984        5.33529        2        0.272944        0.084647        0.038350
Te        10.88492        0.04162        5.77076        2        -0.027876        -0.155790        0.238378
Te        13.10932        7.28102        2.57900        2        -0.237036        -0.132127        -0.019050
Te        9.72103        8.80648        1.98779        2        -0.092757        0.881474        -1.252354
Te        14.04176        2.17414        5.29146        2        0.318784        -0.017742        0.035787
Te        17.51715        3.86202        5.95363        2        -0.215543        -0.688019        0.816342
Te        19.81210        0.08066        2.95180        2        -0.066983        -0.457230        -0.316849
Te        16.50594        2.19343        2.00126        2        0.157101        -0.474339        -0.907879
Te        14.21511        5.65702        5.55854        2        -0.828118        -0.563927        -0.051093
Te        17.47827        7.32041        5.96432        2        -0.141021        -0.700858        0.156331
Te        19.93526        3.65698        2.37269        2        0.077939        0.162788        -0.204255
Te        16.65423        5.63437        1.94678        2        -0.623169        0.237586        -0.285623
Te        14.25727        9.40603        5.07734        2        -0.285177        -0.541620        -0.059323
Te        17.69075        0.02120        5.68217        2        -0.076518        0.380562        -0.044442
Te        20.06060        7.04773        2.46700        2        -0.413108        0.363822        0.346576
Te        16.44010        9.17680        2.17268        2        0.070309        0.440804        0.185914
