54
Lattice="18.429676749 0.000008540 -0.000615361 -0.000005198 10.639921383 0.000045896 0.042448411 0.000094922 30.000000000" Properties=species:S:1:pos:R:3:tags:I:1:forces:R:3 energy=-319.67286588 stress= 0.67004 0.41399 -2.40887 1.40974 -0.93806 -0.62806 pbc="T T T"
Mo        2.26342        0.07087        3.85901        1        -0.294596        0.330797        0.208418
Mo        5.38110        2.02882        4.01357        1        0.012479        -1.027863        -1.022055
Mo        2.28024        3.63704        3.79647        1        -0.495183        -1.306431        1.595729
Mo        5.24487        5.41138        3.87197        1        0.847953        0.326000        0.127910
Mo        2.30610        7.34269        3.94764        1        0.657376        -1.718441        -0.096394
Mo        5.30161        8.86285        3.91819        1        0.911098        -0.166435        0.470295
Mo        8.29375        10.48562        3.89326        1        -0.204185        0.504203        1.165902
Mo        11.63243        1.82661        4.06008        1        -0.007471        -1.378035        -0.562717
Mo        8.47937        3.63513        3.83226        1        -0.553004        -1.840271        2.259690
Mo        11.45648        5.24014        3.91134        1        1.524059        -0.687287        0.357435
Mo        8.42976        7.03999        4.07948        1        0.505798        -0.162064        -1.055833
Mo        11.70711        8.84364        4.02992        1        -1.239407        0.465771        -0.187491
Mo        14.72859        0.00432        3.92372        1        -0.762383        -1.168904        -0.177713
Mo        17.78564        1.67140        3.82317        1        -1.190178        1.372022        0.944312
Mo        14.72282        3.46590        3.91834        1        -0.353428        0.359050        -0.294641
Mo        17.71948        5.30898        3.82807        1        0.340273        0.729353        0.640359
Mo        14.60915        7.02859        3.93845        1        1.355287        0.930947        -0.839709
Mo        17.72569        8.77099        3.91863        1        0.567041        0.866335        -0.224959
Te        1.28464        1.89056        5.71068        2        0.325627        -0.438437        -0.514183
Te        4.27105        3.73094        5.75449        2        -0.143700        -0.363375        -0.075197
Te        1.17140        1.71771        1.92473        2        1.246590        0.517784        0.300801
Te        4.40315        0.25638        2.17325        2        -0.100570        -0.890750        -0.019960
Te        1.46973        5.26193        5.82269        2        -1.286105        1.177435        -1.238247
Te        4.24079        7.17909        5.78801        2        0.718718        -0.046093        -0.352421
Te        1.36342        5.47629        2.11976        2        -0.265582        0.287743        -0.318679
Te        4.25049        3.56153        2.15573        2        1.013503        0.769410        -1.572312
Te        1.44660        8.99667        5.89983        2        -1.141249        0.038721        -1.056580
Te        4.35721        0.08124        5.54491        2        -0.194032        0.306764        1.379610
Te        1.42716        8.92004        2.01248        2        -1.084124        0.256023        0.241654
Te        4.38905        7.24073        1.97655        2        -0.710819        -0.503307        0.703323
Te        7.38564        1.67634        5.70866        2        0.709101        0.822319        0.041854
Te        10.51246        3.43483        5.72675        2        -0.608256        1.134172        0.944740
Te        7.39591        1.80992        2.11965        2        0.063364        -0.181277        0.172149
Te        10.48470        0.03641        2.38142        2        0.446608        -0.518783        -0.860151
Te        7.24874        5.22482        5.80878        2        0.658869        0.329849        -0.853085
Te        10.63761        7.00171        5.73155        2        -0.487512        0.198589        0.596076
Te        7.55711        5.33514        2.08284        2        -1.033896        0.644185        0.159129
Te        10.48547        3.36668        2.15335        2        0.801197        0.808363        -0.776558
Te        7.48607        8.68885        5.92563        2        -0.986176        0.789469        -0.783771
Te        10.30198        10.54700        5.80494        2        1.110749        0.255733        -0.609665
Te        7.26666        8.69463        2.18046        2        1.186683        0.275881        -0.428198
Te        10.65468        7.15704        2.26337        2        -1.250230        -0.261960        -0.614713
Te        13.74137        1.66922        5.78208        2        -0.159231        0.626665        0.087274
Te        16.75681        3.61523        5.64311        2        0.307512        -0.995265        0.210171
Te        13.68586        1.77632        2.15054        2        -0.611439        -0.344667        -0.135865
Te        16.66473        10.63643        2.03868        2        0.251563        -0.906964        0.346972
Te        13.72842        5.24962        5.66061        2        -1.178980        -0.329762        0.524933
Te        16.75331        7.03275        5.79652        2        -0.249286        -0.012670        -0.983413
Te        13.56994        5.27953        2.13676        2        -0.058166        -0.377530        0.133953
Te        16.71946        3.50809        2.03568        2        -0.037899        -0.017301        0.271008
Te        13.66272        8.80730        5.77240        2        0.786265        0.307472        0.195193
Te        16.76593        0.02295        5.75694        2        0.057199        -0.559014        -0.629606
Te        13.58849        8.77523        2.01924        2        0.441305        0.582058        1.034253
Te        16.67162        7.04337        1.97114        2        -0.181512        0.171279        1.143032
