54
Lattice="19.174335959 0.000456436 -0.025753600 -0.000245188 11.952133320 0.000007040 0.013560858 0.000001769 30.000000000" Properties=species:S:1:pos:R:3:tags:I:1:forces:R:3 energy=-314.25157501 stress= -10.28927 -16.04135 -1.21038 -0.88447 0.59690 -0.85036 pbc="T T T"
Mo        2.09042        11.63283        4.24700        1        0.297688        -0.021105        -0.932917
Mo        4.23859        1.86305        4.36772        1        1.175215        0.301052        0.952281
Mo        2.48592        4.02557        3.76175        1        -0.745270        0.067976        0.456606
Mo        4.25676        6.44434        4.29734        1        1.584975        -0.459464        -0.140349
Mo        2.05254        8.13278        4.10391        1        -0.023128        -0.061001        0.341029
Mo        4.51857        9.96406        4.35738        1        -0.972217        0.436826        -0.667773
Mo        8.44486        0.53184        3.96685        1        -0.727294        0.628020        -0.748634
Mo        10.87550        2.36532        3.86213        1        -0.108122        -0.162603        0.769836
Mo        8.56089        4.18841        3.84276        1        -0.902545        -0.076835        0.125205
Mo        10.83739        5.84778        3.76256        1        0.348771        -0.281291        -0.061159
Mo        8.64643        7.88705        3.70862        1        0.424779        -1.302963        1.652753
Mo        11.29081        9.30527        3.59779        1        0.551911        0.235863        -0.381595
Mo        14.94768        0.20198        3.43570        1        0.674870        0.249178        1.152442
Mo        17.23458        2.18058        3.83757        1        0.432649        -0.198431        -0.097712
Mo        14.93312        3.99533        3.48662        1        0.638219        -1.011338        1.024397
Mo        17.25740        5.68517        3.84456        1        -0.124325        -0.014622        0.038014
Mo        15.00495        7.61927        3.53499        1        -0.950882        -0.569247        -0.608559
Mo        16.87151        9.83380        4.19917        1        0.541263        -0.413355        0.340011
Te        0.81839        2.03677        5.21929        2        -0.038671        0.129513        -0.398982
Te        3.96857        4.31805        5.99409        2        -0.369352        -0.648708        0.086834
Te        5.76401        0.09411        2.74358        2        0.214418        0.218020        0.402577
Te        2.77774        1.70950        2.27709        2        -0.811586        -0.479118        -0.683830
Te        0.64617        5.79404        5.26220        2        0.180369        0.268866        -0.381821
Te        3.82039        8.18469        6.25969        2        -0.349367        0.088568        0.311042
Te        5.57526        4.00156        2.80553        2        -0.281087        0.388154        0.064253
Te        2.70722        6.23301        2.20491        2        -0.323374        0.162076        -0.866252
Te        0.36547        9.79711        5.51553        2        -0.197647        0.094504        0.033981
Te        3.89885        0.01125        6.27467        2        -0.166786        -0.482395        0.043996
Te        5.96540        8.16307        2.87343        2        -0.394438        -0.471372        -0.591426
Te        2.73835        9.86622        2.20368        2        0.219608        0.604285        0.499511
Te        6.88862        2.07571        5.43201        2        0.009156        0.264617        -0.085463
Te        10.32175        4.10527        5.84502        2        0.098890        0.037163        -0.266345
Te        12.35401        0.00801        2.61680        2        -0.341494        -0.171040        0.276372
Te        8.99984        2.26991        1.93073        2        -0.257257        -0.028198        0.098754
Te        6.98486        6.29351        5.41293        2        0.483304        -0.324905        -0.188359
Te        10.69443        7.76441        5.64527        2        -0.813582        0.033611        0.049563
Te        12.40998        3.90219        2.23434        2        -0.184942        0.384414        -0.313331
Te        8.84463        5.98688        1.84184        2        0.306368        -0.118514        -0.142039
Te        7.30751        10.08517        5.12356        2        -0.006324        0.121009        0.243545
Te        10.46041        0.19288        5.46601        2        0.494975        -0.233677        0.205784
Te        12.44974        7.62065        1.91171        2        -0.117869        -0.040054        0.837987
Te        9.10468        10.05375        2.38802        2        0.192996        1.090732        -0.953443
Te        13.53873        2.09133        5.12795        2        -0.285317        0.016111        -0.667684
Te        16.51007        3.83317        5.77561        2        0.029826        0.483345        -0.379522
Te        18.67146        11.75512        3.05975        2        -0.362797        0.264609        -0.109471
Te        15.74344        1.98791        1.49591        2        -0.137816        0.234882        1.085824
Te        13.40309        5.84394        5.11182        2        0.287321        -0.057985        -0.653545
Te        16.39001        7.55094        5.73018        2        0.884030        0.027661        0.426015
Te        18.94744        3.88967        2.49561        2        0.415052        0.092618        0.151508
Te        15.63712        5.77743        1.66084        2        0.359570        0.443230        -0.589474
Te        13.92155        9.91354        5.04210        2        -0.137649        -0.091008        -0.462679
Te        16.53960        0.14763        5.71325        2        -0.211983        0.384680        -0.684888
Te        18.64225        7.96516        2.57067        2        -0.153844        -0.018102        0.865469
Te        15.61499        9.83871        1.91629        2        -0.335793        0.009908        -0.478531
