54
Lattice="18.429676749 0.000008540 -0.000615361 -0.000005198 11.703913521 0.000045896 0.042448411 0.000094922 30.000000000" Properties=species:S:1:pos:R:3:tags:I:1:forces:R:3 energy=-316.71699065 stress= -6.78869 -19.42873 -4.37440 0.21530 1.50287 0.03161 pbc="T T T"
Mo        2.28195        11.57644        4.18687        1        -0.148632        0.647975        -1.402547
Mo        5.38324        1.95535        3.81941        1        -0.435972        -0.125963        -0.018530
Mo        2.17447        3.71165        3.81893        1        -0.082298        0.334301        0.303646
Mo        5.42843        5.77625        3.84387        1        -0.991494        -0.231578        0.275946
Mo        2.44566        7.79499        3.96979        1        -0.427777        -0.193757        0.244867
Mo        5.49693        9.89762        4.06730        1        -0.767764        -0.542073        -1.466510
Mo        8.35712        11.53402        4.11748        1        0.741618        1.210833        -0.262016
Mo        11.53877        2.07321        3.80509        1        -0.263320        -0.187233        0.325362
Mo        8.60416        3.73469        3.84639        1        -0.465970        -0.460329        0.516678
Mo        11.46070        5.77612        3.85561        1        0.535059        0.338386        0.016530
Mo        8.28173        7.64734        3.85990        1        0.794034        0.410512        0.968816
Mo        11.42156        9.85885        3.99631        1        0.808992        -0.560245        0.607686
Mo        14.63664        0.06973        3.94673        1        -0.676004        -0.110527        -0.174663
Mo        17.50658        1.90941        3.88214        1        -0.347167        0.437766        -0.099205
Mo        14.72848        4.03588        3.79315        1        -1.422018        -0.084493        -0.979799
Mo        17.67997        5.95984        3.86121        1        -0.037590        -0.163968        0.178767
Mo        14.77820        7.93968        3.95576        1        -1.028966        0.150322        -0.498825
Mo        17.85581        9.94891        4.10577        1        -1.545209        -0.849616        0.074733
Te        1.02995        1.77070        5.75155        2        0.911683        0.818293        -0.435811
Te        4.28299        3.77829        5.46252        2        0.161164        0.506581        0.831059
Te        1.16015        1.67545        2.18844        2        0.488071        0.171802        0.450236
Te        4.25917        0.07703        2.27408        2        0.294519        -0.736078        -0.014319
Te        1.35401        5.75682        5.65368        2        -0.039690        0.042363        -0.517004
Te        4.57946        7.86376        5.64381        2        -0.278786        -0.743093        0.041522
Te        1.36993        5.83114        2.21299        2        0.218149        0.252425        -0.197082
Te        4.29269        3.90729        2.03574        2        0.146686        -0.373346        0.367886
Te        1.43119        9.68380        5.91659        2        0.237663        -0.331827        -0.076711
Te        4.39625        0.06072        5.79352        2        0.515934        0.336811        -0.046745
Te        1.36477        9.70975        2.36299        2        0.961697        0.279777        -0.695900
Te        4.61988        7.87532        2.18650        2        -0.520635        0.203329        0.586384
Te        7.34488        1.92162        5.64434        2        0.571537        0.039594        0.107358
Te        10.61081        3.69629        5.73388        2        -0.299063        1.134817        -0.629009
Te        7.54234        1.72161        2.13146        2        -0.201894        0.276322        0.516716
Te        10.48821        0.04339        2.33091        2        -0.320427        -0.117248        -0.423425
Te        7.42759        5.58628        5.61480        2        0.440609        0.206376        0.025183
Te        10.46760        7.73235        5.65131        2        -0.279174        -0.065655        -0.614439
Te        7.49120        5.54752        2.19220        2        0.110105        0.758861        -0.816146
Te        10.56931        3.97358        1.94352        2        0.104063        -0.389107        0.750179
Te        7.41401        9.57168        5.82921        2        0.836372        0.108179        0.114042
Te        10.44179        0.18016        5.84164        2        0.525993        -0.480077        -0.846619
Te        7.55553        9.77601        2.25924        2        -0.685040        -0.344791        -0.378760
Te        10.46780        7.86896        2.20418        2        0.060136        -0.279293        0.225057
Te        13.65799        2.13716        5.50367        2        0.166064        -0.193210        0.096067
Te        16.54556        4.10723        5.62523        2        1.319970        -0.467131        0.111762
Te        13.56758        2.08190        1.99642        2        0.736893        -0.303239        0.833460
Te        16.63292        11.53562        2.18273        2        0.319680        0.887048        0.225392
Te        13.60301        5.90290        5.58414        2        0.231330        0.177603        -0.414557
Te        16.86333        7.94157        5.72426        2        -0.372017        -0.297372        -0.274333
Te        13.73365        5.99710        2.06412        2        -0.359372        0.210517        0.973077
Te        16.72344        3.96222        1.95974        2        0.252533        0.028853        0.986231
Te        13.59013        9.84352        5.72893        2        0.089941        -0.092201        -0.519557
Te        16.61984        0.17931        5.83040        2        -0.175963        -0.491771        -0.511338
Te        13.58027        9.88438        2.19763        2        -0.142667        -0.411050        0.634606
Te        16.87283        8.07162        2.15143        2        -0.320093        -0.340161        0.899714
