54
Lattice="20.324373841 0.000456147 -0.025753600 -0.000245476 10.309403738 0.000007040 0.013560576 0.000001770 30.000000000" Properties=species:S:1:pos:R:3:tags:I:1:forces:R:3 energy=-316.41576651 stress= -16.09384 -6.00880 -5.81496 -1.29644 -1.19471 0.00259 pbc="T T T"
Mo        2.33398        10.23790        3.46420        1        -0.400434        -0.569959        0.192662
Mo        4.58966        1.72467        3.83125        1        1.012863        -0.268030        0.611119
Mo        2.34022        3.18301        3.75839        1        -0.476638        1.569479        -0.346768
Mo        4.69539        5.19724        3.97453        1        0.861151        -0.385660        0.496706
Mo        2.35813        6.82530        3.68422        1        -0.751160        0.165631        -0.291852
Mo        4.83092        8.52871        3.80946        1        -0.711094        -0.685284        -0.243327
Mo        9.11435        10.23449        4.12865        1        -0.733351        0.726956        -1.164572
Mo        11.69768        1.64208        4.25823        1        0.174778        0.827834        1.332044
Mo        9.19820        3.34785        4.21803        1        -0.609887        0.460125        -0.533786
Mo        11.50107        5.30403        4.51854        1        -0.411967        -0.736068        -0.716486
Mo        9.11349        6.99652        4.12611        1        -0.615780        -0.989587        -0.981149
Mo        11.42274        8.72418        4.30701        1        0.771473        -0.411212        0.994960
Mo        15.74788        0.04419        3.75170        1        0.636574        -0.093430        0.075737
Mo        18.32621        1.76270        3.61254        1        -0.428541        -0.267584        0.704915
Mo        15.87104        3.65454        3.88278        1        -0.285669        -0.916886        0.155073
Mo        18.39810        5.05472        3.68499        1        -0.432501        1.093141        -0.160903
Mo        15.68536        6.93887        3.77084        1        0.062036        -0.466945        0.961554
Mo        18.30177        8.48189        3.59154        1        -0.633114        0.437079        0.059777
Te        0.60251        1.78153        5.27231        2        -0.159685        -0.656133        -0.725403
Te        4.10738        3.36749        5.97067        2        -0.419513        -0.079972        -1.073262
Te        6.64452        10.23110        2.52748        2        -0.160584        0.286282        -0.393469
Te        2.84688        1.77655        1.59679        2        0.701068        -0.719067        -0.003852
Te        0.58390        5.16102        5.16153        2        0.010004        -0.073431        -0.364687
Te        3.80429        6.84784        5.96478        2        0.718339        0.147965        -1.133750
Te        6.38656        3.28656        2.43970        2        0.349552        0.547811        0.195145
Te        3.09296        5.06877        1.81618        2        -0.133536        -0.402236        0.235054
Te        0.55077        8.69441        4.98246        2        0.086625        -0.441259        0.175807
Te        3.91594        10.12027        5.67143        2        -0.324377        1.089914        0.368860
Te        6.49959        6.78240        2.29451        2        0.068620        -0.193577        1.064298
Te        3.13400        8.31003        1.56290        2        0.070561        1.248684        0.870045
Te        7.25932        1.72338        5.45038        2        0.006273        -0.053717        0.136256
Te        10.93478        3.25481        6.36548        2        -0.131215        1.222640        -0.678516
Te        13.09731        10.21073        2.65378        2        0.284958        0.673399        -0.128320
Te        10.02060        1.64332        2.29440        2        -0.813080        0.593371        -0.998416
Te        7.27103        5.17367        5.65865        2        0.393482        0.272268        -0.884532
Te        10.71320        7.04087        6.31618        2        -0.176686        0.141565        0.599094
Te        13.14549        3.69582        2.90378        2        0.347294        -0.716639        -0.144810
Te        9.85603        5.14645        2.21002        2        0.024901        -0.058628        1.413686
Te        7.17696        8.72625        5.38291        2        0.238261        -0.980909        0.664095
Te        10.64868        0.19409        6.30514        2        0.553648        -1.051815        -0.141540
Te        12.89976        6.92097        2.77664        2        0.830440        -0.117795        -0.052786
Te        9.95304        8.62788        2.05123        2        -0.713702        -0.296312        0.720999
Te        14.37555        1.82435        5.56039        2        -0.191008        -0.386914        -0.570264
Te        17.90462        3.47803        5.73947        2        -0.480739        -0.568555        -0.361071
Te        19.92456        10.29571        2.14931        2        0.236096        0.201448        -0.272818
Te        16.16519        1.79910        1.68742        2        0.470593        0.112697        1.272829
Te        14.47434        5.20871        5.90134        2        -0.292543        0.147364        -1.334492
Te        17.53717        6.92731        5.66597        2        0.807810        -0.483378        -0.327296
Te        19.96791        3.34205        1.98771        2        -0.046596        0.563399        0.780248
Te        16.29691        5.18857        1.75995        2        0.501298        0.122065        0.293859
Te        14.24513        8.70167        5.54871        2        -0.134314        -0.127135        -0.463781
Te        17.82749        10.23190        5.55444        2        -0.468790        0.658275        0.154005
Te        20.01194        6.94333        2.12781        2        0.176294        -0.911052        0.105418
Te        16.10859        8.51504        1.73606        2        0.751809        0.815352        -0.136015
