54
Lattice="18.429676749 0.000008540 -0.000615361 -0.000005198 11.278316666 0.000045896 0.042448411 0.000094922 30.000000000" Properties=species:S:1:pos:R:3:tags:I:1:forces:R:3 energy=-315.73579325 stress= -3.66658 -10.42934 -1.92533 2.88763 -0.23972 0.43828 pbc="T T T"
Mo        2.56245        10.98611        4.16137        1        -1.265635        0.900797        0.090852
Mo        5.43500        1.87899        3.85948        1        0.910272        -0.165376        0.166077
Mo        2.28062        3.62888        3.74615        1        -0.103006        -0.047862        -0.716254
Mo        5.32933        5.62710        3.91145        1        -0.504628        -0.090587        -0.906929
Mo        2.13342        7.54111        3.92434        1        0.475541        0.108554        1.115726
Mo        5.36601        9.27311        4.15305        1        0.885706        0.153971        0.349250
Mo        8.45387        0.05516        4.18646        1        -0.502190        0.369552        0.385260
Mo        11.60400        2.05770        3.85971        1        0.665470        -0.059358        1.409601
Mo        8.36963        3.71234        3.83943        1        0.154546        2.017367        0.598366
Mo        11.57936        5.77095        3.76390        1        -0.980013        0.153801        0.712391
Mo        8.57325        7.59612        4.00732        1        0.940935        0.061604        -0.769781
Mo        11.62088        9.31264        4.07451        1        0.001921        0.347267        -0.914503
Mo        14.38913        11.26385        4.11126        1        0.531629        -0.842207        -2.375587
Mo        17.41336        1.73247        3.89302        1        1.797799        1.237580        -1.594727
Mo        14.65381        3.81500        3.80013        1        -0.765832        -0.686434        -0.499280
Mo        17.62884        5.55804        3.79127        1        0.866333        -0.527355        -0.779804
Mo        14.63535        7.88046        3.77092        1        -0.655733        -2.057854        2.130404
Mo        17.77094        9.32470        4.05486        1        -0.524991        2.157576        -0.976951
Te        1.12785        1.74531        5.53828        2        1.036927        0.053119        0.308501
Te        4.29735        3.58019        5.56852        2        -0.076508        0.810841        0.102494
Te        1.38689        1.40427        2.21339        2        -0.271604        1.092225        0.732713
Te        4.56101        11.11096        2.30392        2        -0.322302        0.029635        -0.264660
Te        1.37081        5.46886        5.45656        2        -0.882884        0.058514        0.838050
Te        4.31758        7.21248        5.88671        2        -0.428541        0.902798        -0.908959
Te        1.30905        5.71167        1.90171        2        -0.233133        -0.370912        1.318388
Te        4.30993        3.78912        1.94799        2        0.622965        -0.350631        0.856637
Te        1.18972        9.40638        6.08351        2        0.877341        -0.555264        -1.207390
Te        4.71989        0.07696        5.91658        2        -0.994663        -0.520050        -0.694877
Te        1.24210        9.54417        2.29193        2        0.895436        -1.034919        -0.807143
Te        4.21001        7.59516        2.29778        2        0.829787        -0.169046        -0.336783
Te        7.47599        2.03069        5.83628        2        -0.236758        -0.077713        -0.691950
Te        10.48629        3.91161        5.48957        2        0.429693        -0.205864        0.950755
Te        7.65272        1.91541        2.13993        2        -1.238918        -1.324532        -0.254889
Te        10.52411        0.09881        2.52534        2        0.328509        -1.094771        -1.458957
Te        7.49686        5.70212        5.48763        2        -0.504614        -0.696117        1.397108
Te        10.68487        7.31619        5.66999        2        -0.600250        1.113033        1.026473
Te        7.47053        6.04347        2.07236        2        -0.543887        -1.543270        0.489818
Te        10.44879        3.95927        2.20751        2        0.468824        -0.930191        -1.636730
Te        7.49219        9.24691        5.89342        2        0.166674        0.472346        0.027921
Te        10.60591        0.10871        5.86214        2        0.308475        -0.068663        -0.665895
Te        7.57201        9.47846        2.45876        2        -0.979660        0.272913        -0.882304
Te        10.51437        7.67896        1.94220        2        0.148719        -0.179491        1.426637
Te        13.65647        1.95015        5.76447        2        -0.586401        0.674857        -0.619323
Te        16.60695        3.68757        5.53655        2        0.375644        0.614215        1.072087
Te        13.64285        1.80319        2.00787        2        -0.360070        0.436158        1.152801
Te        16.60349        0.11417        2.01040        2        -0.779293        -1.559865        0.883222
Te        13.62424        5.76111        5.63100        2        0.555333        -0.047243        -1.016369
Te        16.75630        7.47079        5.50701        2        -0.760903        -0.783298        1.621065
Te        13.58999        5.75628        2.14880        2        1.384167        0.249002        -0.768184
Te        16.75186        3.69941        1.91614        2        -0.573511        0.069868        0.927708
Te        13.55676        9.33703        5.99394        2        0.410055        0.404788        -1.310428
Te        16.60202        11.25296        5.66408        2        -0.500016        -0.635891        0.914428
Te        13.48587        9.28060        1.88804        2        -0.206930        1.581071        1.223361
Te        16.74516        7.58019        2.21431        2        0.300745        0.324416        -1.183813
