54
Lattice="18.429676749 0.000008540 -0.000615361 -0.000005198 12.342308804 0.000045896 0.042448411 0.000094922 30.000000000" Properties=species:S:1:pos:R:3:tags:I:1:forces:R:3 energy=-311.81671637 stress= -13.11108 -22.33940 -1.13797 -0.58428 0.02669 0.07745 pbc="T T T"
Mo        2.26696        12.24210        3.64972        1        0.167381        0.750017        0.554715
Mo        5.29896        1.97966        3.81904        1        0.061434        1.093948        -0.231626
Mo        2.28521        4.05023        4.02036        1        -0.056113        0.566680        -0.216807
Mo        5.12866        6.21590        4.23920        1        0.993606        0.045026        -0.565617
Mo        2.25171        8.22938        4.03517        1        1.300259        -0.030290        -0.795491
Mo        5.30172        10.34262        3.82872        1        0.671692        -0.520547        0.620453
Mo        8.43069        0.01087        3.77172        1        0.261718        0.855032        0.608191
Mo        11.59285        2.01102        3.77066        1        0.157043        -0.108231        0.786962
Mo        8.44438        4.25725        3.91628        1        -0.910385        0.162542        -0.097079
Mo        11.48913        6.07468        4.17918        1        0.742261        0.681527        -0.092271
Mo        8.35683        8.28508        4.03495        1        0.730512        -0.366429        -0.635009
Mo        11.44160        10.32751        3.85767        1        0.506117        -1.080421        0.387777
Mo        14.60791        12.26699        3.71739        1        -0.203748        -0.716451        0.558833
Mo        17.53336        1.97560        3.82456        1        1.244716        0.510110        0.042570
Mo        14.69865        4.01035        3.96223        1        -0.637818        0.577827        -0.086734
Mo        17.66317        6.32092        4.11539        1        0.277715        -0.160305        -0.390257
Mo        14.52109        8.10031        4.03184        1        0.469456        0.787915        0.452986
Mo        17.56502        10.42261        3.88422        1        0.623782        -1.255213        -0.620986
Te        1.33356        2.06220        5.60971        2        -0.607925        -0.887975        -0.439792
Te        4.48859        3.89949        5.65040        2        -0.576151        0.336711        0.541748
Te        1.38060        2.08082        2.18831        2        -0.529009        0.006135        -0.109588
Te        4.46958        12.25764        2.06978        2        -0.202331        0.208412        -0.517926
Te        1.57888        6.21386        5.73714        2        -1.000585        -0.283998        0.042893
Te        4.46426        8.37341        5.82210        2        -0.620684        0.324910        -0.661379
Te        1.30441        6.20557        2.34789        2        -0.053962        -0.121924        0.004303
Te        4.36120        4.18423        2.33225        2        -0.029115        0.069496        -0.387149
Te        1.42045        10.33435        5.42982        2        -0.796844        0.534400        1.065364
Te        4.27806        0.15053        5.44059        2        0.102245        -1.294900        0.763327
Te        1.31056        10.11726        2.09344        2        -0.294642        0.231428        0.356627
Te        4.30947        8.19118        2.21051        2        -0.052729        0.111083        0.862280
Te        7.41818        2.13608        5.54376        2        0.362807        -0.419152        -0.120914
Te        10.41244        4.02714        5.60917        2        1.094443        -0.576932        0.995035
Te        7.40426        2.35670        2.23526        2        0.735179        -0.862111        -1.019189
Te        10.57822        12.27191        2.09116        2        0.075452        0.438226        0.049523
Te        7.52367        6.24577        5.82688        2        -0.739663        -0.191705        -0.531177
Te        10.38311        8.19084        5.74806        2        0.963140        0.336059        -0.039091
Te        7.18780        6.43863        2.45389        2        0.465923        -0.871505        -0.564427
Te        10.74144        4.21807        2.33507        2        -0.812602        -0.306704        -0.799525
Te        7.56728        10.37755        5.52760        2        -0.892300        0.566394        0.440977
Te        10.50105        0.06200        5.59789        2        0.183155        -0.006221        -0.727545
Te        7.55260        10.26864        2.21544        2        -0.405027        -0.166752        -0.440970
Te        10.67938        8.01384        2.31534        2        -1.029480        0.545710        0.457830
Te        13.74958        1.93217        5.57809        2        -0.475116        -0.106050        -0.701049
Te        16.81249        4.16328        5.62840        2        -0.005436        -0.484488        0.349414
Te        13.87644        2.00747        2.09276        2        -0.848042        0.354795        0.325428
Te        16.69793        12.27955        1.97947        2        0.014095        0.138264        0.451437
Te        13.75472        5.97277        5.79889        2        -0.470396        0.188728        -0.327667
Te        16.62274        8.36088        5.84088        2        0.171796        0.002403        -0.979926
Te        13.56534        6.16893        2.37158        2        0.304593        -0.710818        -0.043093
Te        16.79806        4.19172        2.29629        2        -0.059617        0.324010        -0.312529
Te        13.51800        10.20346        5.68549        2        0.015132        0.353439        -1.061691
Te        16.63219        0.00814        5.48757        2        -0.111183        0.087038        0.794612
Te        13.65786        9.93863        2.04857        2        -0.623322        0.963708        1.182935
Te        16.59619        8.35482        2.22279        2        0.244743        -0.612620        0.824602
