54
Lattice="19.166863819 0.000008540 -0.000615361 -0.000005198 10.639921383 0.000045896 0.042448411 0.000094922 30.000000000" Properties=species:S:1:pos:R:3:tags:I:1:forces:R:3 energy=-320.11713394 stress= -7.99998 -0.27765 0.88806 -1.47034 -2.42814 0.28339 pbc="T T T"
Mo        2.50317        0.07879        4.03708        1        0.582340        -0.134984        0.794256
Mo        5.65071        1.74760        4.27829        1        0.262411        0.474086        -1.928099
Mo        2.47173        3.77848        3.88470        1        -0.597197        -0.310120        1.353465
Mo        5.60453        5.39849        3.99296        1        0.123084        0.691771        0.407478
Mo        2.27707        7.37353        3.91615        1        1.365012        -1.907898        0.277456
Mo        5.64843        8.92356        4.00225        1        0.685043        0.017151        0.353225
Mo        8.88337        10.57670        4.00253        1        0.435499        -0.080357        0.262151
Mo        12.07802        1.51905        3.87805        1        0.254325        0.956082        0.173611
Mo        8.83930        3.44256        3.88680        1        -0.441144        0.258424        0.372992
Mo        12.03476        5.10832        3.76290        1        -0.468188        0.404546        -0.088621
Mo        8.74976        6.98156        3.97583        1        1.058678        0.595217        0.025679
Mo        12.06088        8.58505        3.91765        1        -0.216537        0.381023        -0.298013
Mo        15.14545        10.63705        3.94306        1        0.187069        -0.224569        -1.021258
Mo        18.52180        1.78817        3.88089        1        -0.241148        1.784382        0.838945
Mo        15.13894        3.48335        3.81893        1        0.242142        0.215512        0.403026
Mo        18.32418        5.37841        3.86296        1        0.499536        0.236327        -0.699257
Mo        15.14600        7.13006        3.65203        1        0.727497        -0.620724        0.456668
Mo        18.35803        8.95776        4.00860        1        0.105865        0.258473        -1.393210
Te        1.47776        2.07074        5.74845        2        -0.390355        -0.886134        -0.314180
Te        4.52699        3.73683        5.79015        2        -0.191004        -0.387939        0.527321
Te        1.58270        1.76859        2.26781        2        -0.627979        0.961377        -1.056295
Te        4.71138        0.01880        2.29323        2        -0.814163        0.884121        -0.085228
Te        1.29213        5.49962        5.71809        2        -0.207118        0.157898        -0.687594
Te        4.49044        7.24533        5.71921        2        -0.467683        -0.628818        0.035183
Te        1.34936        5.47963        2.09450        2        -0.275642        0.180476        0.218422
Te        4.58951        3.59414        2.37454        2        0.572385        -0.734181        -1.164750
Te        1.29103        8.99682        5.75576        2        -0.219527        0.393648        0.788588
Te        4.63687        10.56072        5.91632        2        -0.732804        0.432171        0.209731
Te        1.20180        9.07884        2.25460        2        0.656929        0.281246        -1.036304
Te        4.57784        7.27302        2.18362        2        -0.680136        -0.554593        0.120613
Te        7.93343        1.67822        5.82370        2        -0.282032        0.580477        0.100666
Te        11.02110        3.35687        5.62802        2        -0.093516        0.057257        -0.297650
Te        7.62635        1.69897        2.25170        2        0.195401        -0.158821        0.310044
Te        10.93770        10.36021        2.19207        2        -0.124376        0.346306        -0.180392
Te        7.77393        5.19336        5.68847        2        -0.233496        0.159983        0.458308
Te        11.01240        6.80832        5.70866        2        -0.494689        0.128555        -0.621251
Te        7.55218        5.33711        2.14192        2        1.011676        -0.424652        0.123557
Te        10.87322        3.25465        2.09658        2        0.297203        0.218964        -0.174899
Te        7.66867        8.94665        5.82976        2        0.909969        -1.017492        -0.328517
Te        11.23213        10.44558        5.72871        2        -1.160680        -0.369613        0.082261
Te        7.82460        8.83943        2.26283        2        -0.526427        -0.055677        -0.364610
Te        10.89604        6.94240        2.00228        2        -0.315445        -0.408717        1.011446
Te        14.19446        1.80673        5.73791        2        -0.380962        -0.431025        -0.314296
Te        17.29114        3.73671        5.73803        2        -0.004704        -1.036497        -0.928402
Te        14.09252        1.67464        2.06116        2        0.126148        -0.072814        -0.015649
Te        17.37187        0.08401        2.20053        2        -0.596056        -0.379111        -0.522004
Te        14.11819        5.32575        5.47044        2        0.077858        -0.011181        0.338670
Te        17.21043        7.17084        5.51107        2        -0.429055        -0.565055        1.005091
Te        14.15081        5.26517        1.92235        2        -0.357196        -0.311978        0.295531
Te        17.20663        3.48565        2.14261        2        1.141703        0.285800        -0.308378
Te        14.20690        8.68130        5.61880        2        -0.265805        0.614382        0.255601
Te        17.32430        0.17303        5.60299        2        -0.327611        -0.358237        1.316406
Te        13.97514        8.82941        1.97374        2        0.546402        0.496397        0.287328
Te        17.34343        7.24499        1.97995        2        0.087210        -0.366483        0.626189
