54
Lattice="19.173937585 0.000456147 -0.025753600 -0.000245476 10.515591813 0.000007040 0.013560576 0.000001770 30.000000000" Properties=species:S:1:pos:R:3:tags:I:1:forces:R:3 energy=-317.27357260 stress= -0.49187 -3.93903 -3.15022 -0.43090 2.48312 0.27129 pbc="T T T"
Mo        1.96343        0.12751        3.76917        1        0.552605        -0.590285        -0.220775
Mo        4.38860        1.69644        3.87029        1        0.143328        -0.203075        -2.169828
Mo        2.17967        3.53208        3.89731        1        0.391141        -0.475291        -1.328675
Mo        4.53757        5.03419        3.95283        1        -0.871841        0.122733        -0.717453
Mo        2.12409        6.85500        3.85143        1        1.224837        0.246335        -0.342160
Mo        4.52099        8.67150        3.70902        1        -0.090813        0.834422        0.922772
Mo        8.69487        10.40057        3.72663        1        -1.498164        0.966548        -0.600086
Mo        10.88471        1.77495        4.05591        1        -0.713013        0.437991        1.022603
Mo        8.51103        3.47710        3.72875        1        0.690493        0.253933        0.240188
Mo        10.94698        5.05159        4.14939        1        -1.164372        1.396213        -0.476809
Mo        8.57297        6.79298        3.74287        1        0.102476        1.876860        0.335031
Mo        10.82144        8.83356        4.08859        1        0.290711        -1.234462        0.080863
Mo        14.98368        0.12911        3.84912        1        -0.503791        -0.765032        -0.704861
Mo        17.24118        1.92463        4.10049        1        -0.836366        -0.664408        0.116458
Mo        14.83438        3.52436        3.86932        1        1.692213        0.331010        0.514538
Mo        17.16259        5.45172        4.29155        1        0.520947        -1.369650        0.225989
Mo        14.91876        7.20673        3.92849        1        -0.262089        -0.570078        -0.443235
Mo        17.11420        8.82974        4.02855        1        0.752139        -0.210254        1.480727
Te        0.46189        1.86660        5.41596        2        0.793281        -0.896120        0.235486
Te        4.02015        3.10389        6.04068        2        -0.498159        2.115839        -0.494723
Te        6.18755        10.47999        2.07595        2        -0.361063        0.069671        0.882347
Te        2.71870        1.76090        1.70207        2        -0.381203        0.004441        1.117864
Te        0.77010        4.97783        5.69211        2        -0.489912        1.487836        -0.179137
Te        4.06549        7.00709        5.73403        2        -0.755029        -0.232997        0.743698
Te        5.98773        3.42677        2.04261        2        0.398920        0.173470        1.263481
Te        2.98747        5.15380        1.75249        2        -0.981323        0.290452        1.084351
Te        0.37123        8.61035        5.46275        2        1.090064        0.624821        -0.428037
Te        3.79945        10.49097        5.76892        2        -0.308077        -1.204417        -0.199280
Te        6.11170        7.01141        2.26614        2        0.173295        -0.766498        0.057475
Te        2.70470        8.71694        1.80230        2        -0.518778        -0.031382        0.391310
Te        6.82379        1.64804        5.02542        2        1.178598        0.522565        0.836912
Te        10.16179        3.64139        6.24922        2        -0.322173        -1.169283        -1.568449
Te        12.35453        10.43704        2.62253        2        1.178817        0.774197        -0.835168
Te        9.30421        1.77571        1.84289        2        0.037589        -0.150739        -0.143709
Te        6.84979        5.40696        5.24476        2        1.166090        -1.428847        0.518585
Te        9.98754        6.99634        6.03944        2        0.459544        -0.024669        -0.842271
Te        12.42645        3.41162        2.51927        2        0.264125        0.378318        -0.504332
Te        9.62417        5.42897        1.81247        2        -0.707115        -1.859624        0.116229
Te        6.91710        8.91246        5.23848        2        0.265845        -0.698932        -0.271967
Te        10.18910        0.04925        5.96927        2        -0.304978        0.261487        0.965320
Te        12.53678        6.95770        2.53880        2        -0.522309        0.212573        0.341689
Te        9.32549        8.66732        1.83373        2        -0.110530        0.003588        -0.160814
Te        13.47636        1.86906        5.41720        2        -1.248986        -0.818326        0.522673
Te        16.38820        3.46220        6.13282        2        0.259891        1.022743        -0.443094
Te        18.61957        10.42483        2.40995        2        0.638807        0.865923        0.272886
Te        15.72602        1.94116        1.90061        2        -0.567108        -0.791164        -0.149194
Te        13.31910        5.36365        5.40250        2        0.418273        -0.110941        0.517557
Te        16.38708        7.13790        6.17662        2        0.371152        0.373724        0.000519
Te        18.69007        3.62023        2.67498        2        1.098595        0.517097        -0.661434
Te        15.75569        5.29054        2.07062        2        -0.511209        0.721019        -0.443682
Te        13.28519        8.92063        5.47622        2        0.474518        -0.135280        -0.182726
Te        16.60614        0.16321        6.08006        2        -0.036151        -0.742629        -0.651866
Te        18.93780        7.01398        2.64269        2        -1.481703        -0.453133        -0.189813
Te        15.63918        8.71265        1.79362        2        -0.603790        0.726803        0.520077
