54
Lattice="20.272644424 0.000008540 -0.000615361 -0.000005198 10.639921383 0.000045896 0.042448411 0.000094922 30.000000000" Properties=species:S:1:pos:R:3:tags:I:1:forces:R:3 energy=-316.46053179 stress= -19.35051 -5.46808 -2.82644 -0.82384 -1.02758 0.35140 pbc="T T T"
Mo        2.41472        0.25228        4.07513        1        0.616230        -0.798938        -0.905866
Mo        5.98244        1.77559        3.83194        1        -0.249787        0.177456        0.342682
Mo        2.37686        3.58155        4.15807        1        -0.087511        0.667231        -0.442487
Mo        5.87398        5.30489        3.91770        1        -0.195451        -0.391629        0.358945
Mo        2.42115        7.16765        4.12224        1        -0.533159        0.691796        -0.589148
Mo        5.81324        8.76983        3.84600        1        0.224667        0.474795        0.080105
Mo        9.24577        0.00093        3.65532        1        1.057806        0.104913        1.257934
Mo        12.95993        1.76032        3.86317        1        0.341505        0.040164        1.358321
Mo        9.66123        3.37857        3.97825        1        -1.052867        -0.380916        0.092219
Mo        13.02493        5.26822        3.97819        1        -1.046270        0.295364        -0.445643
Mo        9.48344        6.99427        3.88326        1        0.268872        -0.020441        0.325736
Mo        12.69173        8.85546        4.03518        1        0.760068        0.400625        -0.971833
Mo        16.05308        0.04574        3.80113        1        0.181217        0.353144        -0.044139
Mo        19.52583        1.72134        3.99758        1        -0.012911        0.029622        -0.888223
Mo        16.41646        3.60125        3.96152        1        -0.727720        -0.331670        -0.118960
Mo        19.34211        5.30898        4.00175        1        -0.128460        -0.376358        -0.438584
Mo        15.99818        7.20317        3.77058        1        2.035194        0.191837        0.138390
Mo        19.34059        8.70153        3.87030        1        0.192848        1.111532        -0.637654
Te        1.33676        1.83031        5.96961        2        -0.201704        0.130460        -0.398453
Te        4.72493        3.54282        5.71604        2        0.408551        -0.080965        -0.420428
Te        1.37610        1.95966        2.21042        2        -0.023702        -0.379400        0.452938
Te        4.68974        10.63205        2.13800        2        -0.058429        0.098125        0.559367
Te        1.13004        5.52506        5.82600        2        0.485082        -0.695368        0.179175
Te        4.69561        7.09903        5.68164        2        0.323950        -0.077354        0.375512
Te        1.27097        5.42367        2.35045        2        0.201830        -0.204105        0.182989
Te        4.50440        3.55007        2.26850        2        0.626590        0.029808        0.212415
Te        1.18104        9.04597        5.70488        2        0.180340        -0.254348        0.145265
Te        4.77547        0.05774        5.61707        2        0.204780        -0.332441        -0.197421
Te        1.30755        9.05559        2.27631        2        0.430321        -0.432608        0.356644
Te        4.42012        6.99085        2.29219        2        0.961742        0.255918        -0.688577
Te        8.26162        1.62006        5.66043        2        -0.087555        0.221864        -0.836749
Te        11.94472        3.53038        5.77677        2        -0.339203        -0.246559        -0.632302
Te        8.16606        1.84128        1.98254        2        0.207433        -0.172053        0.719215
Te        11.75017        0.06522        2.11677        2        -0.785591        -0.769113        0.408390
Te        8.30060        5.14229        5.61549        2        -0.002671        0.426972        0.145145
Te        11.75105        7.09773        5.82093        2        -0.389370        -0.549510        -0.761060
Te        8.26606        5.13047        2.36293        2        -0.110574        0.268470        -0.734283
Te        11.78555        3.40280        2.21247        2        0.014775        1.219406        -0.393507
Te        8.19349        8.80560        5.43718        2        -0.259619        0.092240        0.311540
Te        11.51764        0.09270        5.64831        2        -0.104073        -0.246689        -0.901511
Te        8.19143        8.69948        2.11166        2        -0.427592        -0.154075        -0.265788
Te        11.72100        6.98962        2.13613        2        0.038179        0.164215        0.992275
Te        15.14551        1.79015        5.67238        2        -0.186293        0.324827        -0.301591
Te        18.49010        3.41254        5.83091        2        -0.461810        0.557657        -0.277316
Te        15.22592        1.97777        2.07710        2        -0.620630        -0.509112        0.300199
Te        18.21641        10.48737        2.08236        2        0.555726        0.486826        0.488754
Te        15.24900        5.44575        5.58921        2        -0.676078        -0.590949        0.860309
Te        18.14156        7.14671        5.64773        2        -0.130936        -0.545213        0.153949
Te        15.12916        5.28885        2.15051        2        -0.402949        -0.030907        -0.303921
Te        18.42148        3.45368        2.11780        2        0.431838        0.183600        0.653247
Te        15.08530        8.96510        5.64303        2        -1.195462        -0.214167        0.019400
Te        18.15159        10.54008        5.48449        2        0.578943        0.021307        0.862707
Te        14.79634        9.00568        2.14945        2        -0.409129        -0.436418        -0.394922
Te        18.30848        6.95655        2.01866        2        -0.391073        0.216257        0.648370
