54
Lattice="18.429676749 0.000008540 -0.000615361 -0.000005198 11.916711949 0.000045896 0.042448411 0.000094922 30.000000000" Properties=species:S:1:pos:R:3:tags:I:1:forces:R:3 energy=-314.41524260 stress= -7.62390 -19.22617 1.19195 0.28609 0.47055 0.11538 pbc="T T T"
Mo        2.48895        0.27780        3.96058        1        -0.598332        -0.877286        1.282991
Mo        5.36566        2.13618        4.25253        1        -1.011240        -0.009539        0.379939
Mo        2.11743        4.00818        4.02086        1        0.634133        0.602598        -0.573382
Mo        5.35649        6.03147        4.16537        1        -0.492054        -0.519260        -0.795221
Mo        2.28189        7.89538        4.07206        1        0.604825        1.093232        -1.320644
Mo        5.25140        9.98758        4.08328        1        0.095279        0.137923        -0.344367
Mo        8.34653        0.11328        4.14259        1        -0.455441        -0.319079        -0.087826
Mo        11.56897        2.07850        3.75259        1        -1.235193        -0.922555        1.290048
Mo        8.45805        3.91992        4.06360        1        -1.233605        -0.672935        -0.930156
Mo        11.49732        5.74350        3.88594        1        0.401379        0.918380        -0.046013
Mo        8.46985        7.74178        4.07816        1        0.872548        -0.541346        -0.114729
Mo        11.35830        9.73917        3.87231        1        1.027071        0.862230        0.405499
Mo        14.76321        11.89205        3.82150        1        -0.474227        0.686577        -0.114604
Mo        17.72849        1.94311        3.74557        1        0.699933        -0.853549        0.862902
Mo        14.47918        3.80268        3.65549        1        2.014623        0.972763        1.592587
Mo        17.75310        6.15369        3.68687        1        -0.693742        -0.897121        -0.219910
Mo        14.64367        8.02017        3.62265        1        -0.846825        -0.918752        -0.287781
Mo        17.70044        9.97065        3.75518        1        0.028581        0.040434        -0.561050
Te        1.22155        2.02536        5.67895        2        -0.041631        0.003445        0.201545
Te        4.19568        4.16172        5.83196        2        0.001561        -0.271214        0.082523
Te        1.56897        2.05985        2.11891        2        -0.991954        0.071184        0.158056
Te        4.62289        0.31868        2.39257        2        -0.347357        -1.211126        -0.302213
Te        1.16012        6.07976        5.65268        2        -0.234557        -0.496539        0.579650
Te        4.34840        8.10935        5.80336        2        -0.179436        -0.745480        0.587255
Te        1.55905        6.05355        2.09586        2        -0.886835        -0.136045        0.519668
Te        4.29571        3.94701        2.34874        2        0.422545        0.686886        0.874501
Te        1.21568        10.00335        5.61852        2        0.851459        0.189413        -0.003635
Te        4.45965        0.06025        5.96855        2        -0.388965        0.180966        -0.843187
Te        1.60059        10.18527        2.28926        2        -0.151020        -0.803987        -0.066372
Te        4.38581        7.86907        2.33729        2        0.270623        0.630115        0.170305
Te        7.38648        2.09508        5.96142        2        0.822604        -0.159644        -0.058408
Te        10.48595        4.04288        5.72114        2        1.266469        -0.928121        0.121081
Te        7.17233        2.07749        2.39674        2        1.998423        -0.027408        -0.421487
Te        10.39691        11.87887        2.28784        2        -0.216014        0.262632        -0.245029
Te        7.51391        5.67920        5.76905        2        -0.319348        1.613362        0.998969
Te        10.78350        7.78410        5.75083        2        -0.866176        -0.238185        -0.666963
Te        7.34270        5.87005        2.31772        2        0.338089        0.145213        0.219524
Te        10.27122        3.86427        2.10895        2        0.986407        0.289361        -0.062330
Te        7.42975        9.69089        5.69232        2        0.256790        0.783348        1.032065
Te        10.47441        11.85274        5.70108        2        0.778526        0.248550        -0.294765
Te        7.50895        9.87428        2.60970        2        -0.153080        0.009824        -1.576190
Te        10.51614        7.67676        2.15964        2        -0.420905        0.375447        0.414815
Te        13.62335        1.90577        5.46709        2        0.296451        0.062540        0.608109
Te        16.69654        3.97887        5.36195        2        -0.194244        0.182269        -0.204412
Te        13.65728        1.92141        2.05292        2        -0.422938        -0.922448        -1.127257
Te        16.87731        11.90759        2.01559        2        -0.538042        0.011497        -0.160537
Te        13.83938        5.93716        5.48377        2        -0.713585        -0.191184        -0.696819
Te        16.60925        8.07173        5.36300        2        0.669629        -0.599208        0.676856
Te        13.55084        5.71512        2.02885        2        -0.198646        0.897709        -0.213294
Te        16.76524        3.81840        2.06049        2        -0.156303        0.944472        -0.332002
Te        13.76765        9.86771        5.43283        2        -0.977699        0.194723        0.103091
Te        16.79259        11.70862        5.61800        2        -0.236924        1.115295        -0.308372
Te        13.53358        10.17118        2.10808        2        -0.251768        -1.015348        -0.298614
Te        16.67700        8.03256        1.87326        2        0.545380        0.087949        0.098421
