54
Lattice="18.429676749 0.000008540 -0.000615361 -0.000005198 11.703913521 0.000045896 0.042448411 0.000094922 30.000000000" Properties=species:S:1:pos:R:3:tags:I:1:forces:R:3 energy=-312.45448416 stress= -4.59660 -13.91473 1.27632 0.30902 0.75459 -0.35511 pbc="T T T"
Mo        2.27937        11.68922        4.44308        1        0.968765        0.593065        -1.104173
Mo        5.26319        2.02493        4.47185        1        0.457289        -0.913251        -2.386218
Mo        2.25311        4.06014        4.15143        1        0.433452        -0.659255        -0.205350
Mo        5.46487        5.60806        4.04043        1        -0.371560        1.166711        0.727171
Mo        2.30471        7.85441        4.30760        1        0.091107        0.281179        -1.310348
Mo        5.33095        9.83657        4.26426        1        0.770050        -0.148228        0.141219
Mo        8.37500        11.69781        3.61064        1        -0.403727        -1.184396        -0.010436
Mo        11.56646        2.14779        3.53771        1        -1.462800        -0.789508        -0.676356
Mo        8.66798        3.76881        3.98004        1        -1.883345        1.035103        -1.601527
Mo        11.53029        5.72477        3.79971        1        0.668114        -0.362026        -1.902988
Mo        8.23260        7.77684        3.75384        1        0.693950        0.040600        0.740710
Mo        11.54925        9.45366        3.35535        1        0.043681        1.493730        0.926095
Mo        14.44894        0.14629        3.71692        1        0.460598        -1.693190        -0.145123
Mo        17.62439        2.03119        4.24021        1        -0.883545        -0.317837        -1.203934
Mo        14.59923        3.84494        3.73864        1        -0.075161        -0.011164        1.603550
Mo        17.54849        6.12740        3.64652        1        1.342751        -1.628293        1.991089
Mo        14.65022        7.84304        3.50657        1        0.004543        1.056786        1.526200
Mo        17.82308        9.81300        4.16540        1        -0.183024        -1.337225        0.530968
Te        1.15696        1.91132        5.90918        2        0.570543        1.296808        1.362610
Te        4.43942        4.01055        5.99718        2        -0.883550        -0.021640        0.380501
Te        1.35060        1.90477        2.55084        2        0.061842        0.462990        0.225629
Te        4.24014        11.67748        2.63893        2        0.494243        0.911104        0.164532
Te        1.11344        5.95375        5.73142        2        -0.650866        -0.145860        0.173011
Te        4.36581        7.41373        5.90139        2        0.822877        1.164243        0.410643
Te        1.51977        6.04938        2.18673        2        -0.472444        -0.126118        1.016626
Te        4.38211        3.79037        2.46004        2        -0.753252        -0.509557        -0.313067
Te        1.45299        9.93735        6.17682        2        -1.075143        -1.647128        -0.031771
Te        4.47970        0.09521        6.29021        2        -0.339864        -0.351110        -0.983917
Te        1.51227        9.79908        2.55431        2        0.247967        0.042908        -0.197589
Te        4.57534        7.86764        2.61530        2        -1.133666        -0.906317        -0.262131
Te        7.69422        1.69751        5.57629        2        0.138223        0.829709        1.156101
Te        10.72952        3.85119        5.51966        2        0.259383        0.027985        0.964141
Te        7.26496        2.07212        2.27839        2        -0.329094        -0.305435        0.212732
Te        10.53115        11.56777        1.98000        2        -0.204366        0.818654        -1.404551
Te        7.52938        5.81956        5.73658        2        0.900949        -0.171566        -0.626456
Te        10.85895        7.72445        5.40828        2        -1.644304        0.168865        -0.078441
Te        7.33724        5.61499        2.14029        2        0.611580        0.248656        0.407838
Te        10.28505        3.84433        1.68325        2        0.800946        0.241166        1.531412
Te        7.66108        9.84807        5.61406        2        -0.024607        -0.396164        -0.367042
Te        10.66978        0.00797        5.03224        2        -0.077068        -0.680658        0.873890
Te        7.04996        9.77925        1.92726        2        0.707659        0.109715        1.529609
Te        10.30981        7.53924        1.99568        2        0.032757        -0.391354        -0.378552
Te        13.32255        1.93932        5.39750        2        1.762039        0.302827        1.326746
Te        16.50246        4.14088        5.68799        2        0.595110        -0.447512        -0.443919
Te        13.71207        1.99049        2.02317        2        0.063982        0.495655        -2.211513
Te        17.13425        11.67344        2.44070        2        -1.665699        0.973994        -0.881196
Te        13.81595        5.81271        5.44271        2        -1.294716        0.678663        -0.453637
Te        16.52436        7.74629        5.57286        2        -0.016399        0.827869        -0.243495
Te        13.86677        5.77538        2.01993        2        -1.499558        0.102931        -0.542773
Te        16.72812        3.94272        2.23871        2        1.174716        -0.660347        -0.752759
Te        13.40316        9.76375        5.25995        2        0.800475        -0.435743        0.039265
Te        16.27426        11.51581        5.60732        2        1.064517        1.167172        1.212418
Te        13.67814        9.97481        1.73460        2        0.295253        -0.820441        0.220968
Te        16.89258        8.12593        2.07934        2        -0.061937        0.496690        -0.650136
