54
Lattice="19.904050889 0.000008540 -0.000615361 -0.000005198 11.491115093 0.000045896 0.042448411 0.000094922 30.000000000" Properties=species:S:1:pos:R:3:tags:I:1:forces:R:3 energy=-314.48895794 stress= -21.27603 -21.31439 -5.93248 2.39522 0.27768 0.11636 pbc="T T T"
Mo        2.43354        11.46134        3.97675        1        0.355869        -0.025974        0.068419
Mo        5.96940        1.83284        3.87711        1        -0.253721        0.394990        0.508883
Mo        2.64592        3.69490        3.95838        1        -0.630448        0.869989        -0.268555
Mo        5.97969        5.73349        3.98022        1        -0.079044        -0.011753        -0.996886
Mo        2.64198        7.59516        4.11167        1        -1.177492        0.806135        -0.841461
Mo        5.78043        9.48185        3.89038        1        0.615284        0.644316        1.290084
Mo        9.27977        0.03239        3.92611        1        -0.747884        -0.017430        0.960978
Mo        12.50696        1.97514        3.82349        1        -0.139024        0.636812        0.194449
Mo        9.10368        3.85175        3.91141        1        0.352750        -0.572383        -0.307119
Mo        12.43263        5.71659        3.79106        1        0.525065        0.172542        -0.238249
Mo        9.10790        7.61226        3.96156        1        0.901205        0.265052        -0.189685
Mo        12.51500        9.56792        3.92223        1        -0.295064        0.166500        0.401005
Mo        15.64460        11.46150        3.86589        1        0.628894        0.133579        0.027838
Mo        19.06890        1.96740        4.14367        1        -0.582782        0.310326        -0.429080
Mo        15.84393        3.94616        3.85264        1        0.226236        -1.279585        0.060428
Mo        19.02804        5.72854        3.83058        1        0.345104        0.028337        -0.058274
Mo        15.60554        7.63735        3.93984        1        0.839450        0.414661        0.059966
Mo        19.04890        9.71155        3.95982        1        -0.316704        -0.951545        -0.636896
Te        1.36978        1.87247        5.79332        2        0.531860        0.104902        -0.460101
Te        4.85506        3.83309        5.65609        2        0.041837        -0.545905        -0.352640
Te        1.30538        1.89224        2.29867        2        0.352641        -0.082290        0.324772
Te        4.78865        11.41409        2.22735        2        -0.723554        0.230438        0.047697
Te        1.28094        5.74339        5.59166        2        0.647251        -0.648124        0.096698
Te        4.89154        7.57456        5.69808        2        -0.285361        0.126444        0.322814
Te        1.55074        5.82004        2.19458        2        -0.193822        -0.584216        0.852690
Te        4.95302        3.84465        2.15040        2        -0.483514        -0.321168        0.811250
Te        1.24224        9.59988        5.74271        2        0.740117        -0.127236        -0.347966
Te        4.73716        11.43573        5.67041        2        -0.092657        0.060855        -0.620197
Te        1.38576        9.51054        2.22737        2        0.104130        0.159818        0.847404
Te        4.66871        7.65001        2.26015        2        0.382396        -0.556787        -0.163172
Te        8.09415        1.88344        5.69955        2        0.112176        -0.017328        -0.633459
Te        11.42207        3.90397        5.55813        2        -0.390173        -0.487999        -0.081566
Te        8.15404        1.85890        2.13787        2        -0.164011        0.057839        0.406954
Te        11.45459        0.08857        2.26362        2        -0.160456        -0.713265        -0.746355
Te        8.16497        5.61656        5.67615        2        -0.389617        0.787238        0.303922
Te        11.45772        7.52618        5.60070        2        -0.442845        0.613340        -0.374618
Te        8.15498        5.81637        2.10014        2        -0.551343        -0.197488        0.772282
Te        11.16092        3.90487        2.11859        2        0.826606        -0.345145        -0.018692
Te        7.99671        9.55340        5.75819        2        0.262308        0.012607        -1.044795
Te        11.46147        0.06983        5.68615        2        0.011827        -0.108904        -0.611933
Te        8.01561        9.63554        2.30406        2        0.324582        -0.406035        -0.168263
Te        11.37121        7.73152        2.04899        2        -0.276137        -0.138831        1.173256
Te        14.61506        1.86844        5.52025        2        0.372300        0.658020        0.129890
Te        17.89073        3.97926        5.83019        2        0.342660        -0.260060        -1.217794
Te        14.85308        2.07214        2.06125        2        -0.814048        -0.483716        0.547806
Te        17.90213        0.23012        2.27369        2        0.357880        -0.707824        0.287884
Te        14.62918        5.54114        5.58794        2        -0.437449        1.234675        0.180208
Te        18.05001        7.56546        5.61887        2        -0.773632        0.669308        -0.481248
Te        14.70212        5.76068        2.12024        2        -0.289102        0.119721        0.081737
Te        18.06479        3.75330        2.16695        2        0.079323        0.290314        0.516037
Te        14.67353        9.62409        5.76653        2        -0.283021        -0.444853        -0.912387
Te        17.82660        11.44531        5.72884        2        0.070274        0.370540        -0.406459
Te        14.55019        9.57890        2.11168        2        0.419799        -0.219884        0.520300
Te        17.86431        7.76081        2.16468        2        0.155221        -0.050724        0.797042
