54
Lattice="19.174335959 0.000456436 -0.025753600 -0.000245188 11.539990792 0.000007040 0.013560858 0.000001769 30.000000000" Properties=species:S:1:pos:R:3:tags:I:1:forces:R:3 energy=-317.05694526 stress= -4.29132 -13.72879 0.62598 -0.59255 -0.46628 0.45359 pbc="T T T"
Mo        2.21297        0.39101        3.91014        1        -0.452613        -0.239781        -0.294096
Mo        4.52856        1.95006        4.11865        1        -0.388244        0.091389        -0.305476
Mo        2.14845        3.88020        3.88105        1        0.577068        0.096949        -0.380081
Mo        4.43490        5.52665        4.05597        1        0.255055        -0.063081        -0.192672
Mo        2.21322        7.50387        3.81149        1        -0.220154        -0.488380        -0.872562
Mo        4.42099        9.90026        4.02905        1        0.013031        -0.084472        -0.270449
Mo        8.51531        0.14683        3.64560        1        0.229776        -0.146236        0.374275
Mo        10.74795        1.88564        3.80037        1        0.876595        -0.470456        0.888502
Mo        8.54536        3.78850        3.72539        1        -0.686481        -0.865846        -0.399963
Mo        10.70650        5.52914        3.96748        1        0.966158        -0.839241        0.674676
Mo        8.51691        7.25638        3.69254        1        0.044842        -0.122625        -0.363898
Mo        10.86400        9.75146        3.91006        1        0.348684        0.055211        0.529279
Mo        14.97861        0.31048        3.76715        1        -0.180328        -0.152825        0.029922
Mo        17.20145        2.16819        4.13303        1        -0.054424        -0.042052        0.005420
Mo        14.96637        3.93009        3.97523        1        -0.324738        -0.453853        -0.358980
Mo        17.21084        5.57895        4.11564        1        0.648260        0.506869        -0.375236
Mo        15.03980        7.45770        3.87053        1        0.157723        -0.117023        -0.257342
Mo        17.17973        9.85484        4.23452        1        0.289649        0.458011        -0.129195
Te        0.61266        2.16529        5.45635        2        0.019957        -0.458550        0.094113
Te        3.94086        3.81390        6.01133        2        -0.389714        -0.199458        0.292339
Te        5.96294        0.09674        2.48398        2        -0.278688        0.063672        -0.044567
Te        2.87612        2.12622        1.98100        2        -0.221120        -0.370092        -0.345229
Te        0.69003        5.79041        5.27813        2        -0.650835        0.037576        0.527876
Te        3.97731        7.78676        5.73172        2        0.247336        -0.618000        0.380428
Te        6.00737        3.81961        2.46506        2        -0.208228        -0.021543        0.123991
Te        2.77126        5.71731        1.86401        2        0.012737        0.001513        0.371981
Te        0.86590        9.67711        4.85942        2        -0.908117        0.324627        0.482381
Te        3.87698        11.52952        6.02130        2        -0.063193        0.710209        0.122952
Te        5.80888        7.59863        2.72304        2        0.021513        -0.133381        -0.211094
Te        2.62344        9.67656        2.10987        2        -0.010156        0.534722        -0.194987
Te        7.04123        1.82141        5.37867        2        0.276908        0.045738        -0.296179
Te        10.24609        3.60049        5.77825        2        -0.005700        0.437542        0.857792
Te        12.38836        0.03547        2.41096        2        0.313584        -0.049432        -0.085305
Te        8.98990        1.86809        1.69407        2        0.305518        0.411132        0.106591
Te        7.03977        5.51875        5.35406        2        -0.181512        0.307299        -0.247525
Te        10.14215        7.55337        5.73634        2        0.256285        0.381782        -0.081602
Te        12.48263        3.72955        2.65447        2        -0.059749        0.517893        -0.868103
Te        9.19752        5.48067        1.75409        2        -0.047831        0.558547        -0.257917
Te        7.09976        9.47411        4.68192        2        0.337539        0.467259        0.419909
Te        10.26481        0.03895        5.78707        2        -0.251703        -0.149954        -0.264841
Te        12.37914        7.48742        3.03360        2        -0.247797        0.720446        -0.814777
Te        9.20312        9.46752        1.93145        2        -0.511644        0.030015        0.067473
Te        13.37648        1.91110        5.33723        2        -0.509620        0.117952        -0.052907
Te        16.76176        3.87122        6.10606        2        -0.538347        0.426596        0.455625
Te        18.68465        0.32172        2.79802        2        0.463251        -0.729629        -0.296527
Te        15.59294        2.09857        1.91589        2        0.059229        0.199721        0.099292
Te        13.36144        5.78450        5.39004        2        0.103802        -0.462187        0.184905
Te        16.75548        7.76722        5.94724        2        -0.095695        -0.437590        -0.358202
Te        18.69412        3.89601        2.44589        2        0.535981        0.083194        0.382213
Te        15.61721        5.63059        1.90342        2        -0.134893        0.339591        0.545307
Te        13.61685        9.65409        4.98002        2        -0.251172        0.247176        0.307501
Te        16.36065        0.26706        6.06335        2        0.651127        -0.337684        -0.357598
Te        18.57742        7.73436        2.65258        2        0.164834        -0.163779        0.561496
Te        15.61719        9.64532        2.12528        2        -0.262109        0.016781        0.079907
