54
Lattice="19.904050889 0.000008540 -0.000615361 -0.000005198 10.639921383 0.000045896 0.042448411 0.000094922 30.000000000" Properties=species:S:1:pos:R:3:tags:I:1:forces:R:3 energy=-315.60915937 stress= -14.62079 -2.13428 0.25146 3.11298 1.09381 -0.67677 pbc="T T T"
Mo        2.49342        10.42575        3.87136        1        0.389914        -0.323284        -0.038594
Mo        5.74408        2.12869        3.94038        1        0.105397        -1.733419        0.611934
Mo        2.38825        3.32644        4.10807        1        1.631237        1.652403        -0.185175
Mo        5.72270        5.38300        3.90834        1        0.810838        0.080333        0.418196
Mo        2.36966        7.02558        4.09674        1        0.759610        -0.531784        -1.121614
Mo        5.86736        9.20277        3.92584        1        -0.315849        -2.013264        0.055430
Mo        9.17946        0.07256        3.77694        1        0.108258        1.184176        1.481921
Mo        12.55899        1.76210        3.90354        1        -0.173355        -0.746338        0.654698
Mo        9.26215        3.70777        4.07501        1        -0.591057        -1.219636        0.479788
Mo        12.64320        5.37993        4.02821        1        0.563908        -1.799267        -0.458472
Mo        9.37916        7.18903        3.91352        1        -0.740837        -0.282577        0.769471
Mo        12.52407        8.64231        3.78480        1        -0.559851        1.407349        0.537185
Mo        15.81399        0.02252        3.75569        1        -0.868582        0.237324        1.956327
Mo        19.09637        1.67056        4.00320        1        -0.731736        1.349288        -0.630439
Mo        15.80419        3.62231        3.98615        1        0.826954        0.531540        0.832564
Mo        19.23549        5.25685        3.87504        1        -0.152875        -1.442942        0.703301
Mo        15.79620        7.06712        3.65430        1        1.395534        -0.476354        0.870352
Mo        19.13941        8.75571        3.77224        1        -0.256529        1.091151        0.787665
Te        1.29653        1.28958        5.62840        2        -0.059000        1.541016        1.328597
Te        4.58498        3.65547        5.85206        2        0.248490        0.098007        -0.501481
Te        1.36655        1.80211        2.32680        2        -0.530934        -1.686477        -1.541562
Te        4.74710        0.22591        2.17439        2        -0.355049        0.234646        -0.102345
Te        1.35586        5.07056        5.81184        2        -0.470772        0.727649        0.164281
Te        4.59683        7.15610        5.65209        2        0.657498        0.645979        0.067672
Te        1.54299        5.26083        2.18932        2        -0.419609        -0.424673        0.573844
Te        4.51642        3.71460        2.14449        2        0.030484        -0.192921        0.396645
Te        1.27434        8.73038        5.82687        2        -0.182155        0.092448        -0.768897
Te        4.62779        0.10214        5.70349        2        0.142847        0.735045        -0.249052
Te        1.34992        8.64134        2.14488        2        0.422897        0.406029        -0.386428
Te        4.69782        7.24758        2.23346        2        -0.301589        0.243796        0.361811
Te        8.09788        1.76375        5.64638        2        -0.388192        0.638135        -0.049804
Te        11.49119        3.38154        5.74301        2        -0.070960        1.016552        0.193249
Te        7.95496        2.13268        2.23745        2        0.333480        -0.922309        -0.005953
Te        11.41414        10.57994        2.11965        2        0.011646        0.242957        -0.062420
Te        7.98813        5.39010        5.70680        2        0.110517        0.824368        -0.103730
Te        11.72763        7.06260        5.72067        2        -1.881730        0.390652        1.160334
Te        8.23265        5.30066        2.21136        2        -0.940016        1.354650        0.081733
Te        11.31200        3.71946        2.38467        2        0.863177        -1.522911        -1.032075
Te        7.97142        9.04008        5.64862        2        0.807720        -0.364287        -0.058239
Te        11.21501        10.44641        5.59808        2        1.062862        0.341485        -0.705759
Te        8.09364        9.03228        2.23412        2        -0.569985        -1.379979        -1.528813
Te        11.44241        6.76517        2.10169        2        -0.133106        1.776316        -0.321892
Te        14.66763        1.82011        5.85176        2        0.143208        -0.397456        -1.608307
Te        17.95542        3.52521        5.89008        2        0.386895        0.101957        -1.616193
Te        14.74126        2.01876        2.23561        2        -0.599118        -1.405116        -0.998996
Te        17.96284        0.02843        2.16663        2        0.400146        -0.404232        -0.757161
Te        14.83045        5.52995        5.73068        2        0.137298        -0.834893        -0.500919
Te        18.03147        7.05289        5.42275        2        -0.745057        -0.063256        0.837173
Te        14.70683        5.26141        2.05568        2        -0.225145        0.002581        0.129654
Te        18.06892        3.57215        2.07319        2        -0.243857        -0.767940        1.214694
Te        14.71531        8.70296        5.46550        2        0.104168        1.415168        0.182915
Te        17.85219        0.06324        5.68604        2        0.039399        -1.351851        -0.329311
Te        14.56273        8.85188        2.07950        2        0.752320        0.377344        -1.199997
Te        18.18073        6.78977        1.97536        2        -0.699334        1.557386        0.017978
