54
Lattice="22.299908866 0.000008540 -0.000615361 -0.000005198 10.639921383 0.000045896 0.042448411 0.000094922 30.000000000" Properties=species:S:1:pos:R:3:tags:I:1:forces:R:3 energy=-306.45897329 stress= -29.79015 -9.41695 -0.95215 -1.15545 1.30112 -0.16789 pbc="T T T"
Mo        2.88238        0.08609        4.01001        1        -0.370140        -0.629493        0.179684
Mo        6.35313        1.86670        3.75902        1        1.211994        -0.341703        0.777622
Mo        2.66011        3.53376        4.14841        1        -0.177662        -0.471828        -0.185397
Mo        6.49387        5.25410        3.73361        1        0.405415        -0.484587        0.318442
Mo        2.99937        7.13955        4.04101        1        0.138376        -0.108402        0.061846
Mo        6.78621        8.88843        3.75637        1        -0.142560        0.032694        0.009547
Mo        10.22672        0.06601        3.85234        1        0.005470        -0.725950        -0.104939
Mo        13.98494        1.70694        3.68899        1        -0.330970        0.418308        0.400101
Mo        10.27631        3.39190        3.78194        1        -0.367496        -0.496360        -0.038538
Mo        13.87181        5.17373        3.66638        1        0.998196        0.517107        0.298425
Mo        10.50407        6.98035        3.73357        1        -0.910197        0.225772        -0.146206
Mo        14.05199        8.76264        3.86812        1        -0.233261        0.204441        -1.282953
Mo        17.57902        0.10554        4.26850        1        1.090855        0.149120        -0.176306
Mo        21.30549        1.89164        4.07167        1        0.472631        0.120467        0.330693
Mo        17.60994        3.60296        4.21249        1        0.603041        -0.678558        -1.273164
Mo        21.37202        5.36737        4.10541        1        0.725662        0.790560        0.232578
Mo        17.85504        7.04355        4.03474        1        0.239683        0.397704        0.079478
Mo        21.62044        8.98943        4.14279        1        -0.414361        0.103277        -0.577353
Te        1.47591        1.66219        5.92420        2        0.189012        0.507609        -1.014615
Te        5.03922        3.62734        5.51859        2        0.668674        -0.099938        0.150929
Te        1.28634        1.74745        2.41694        2        0.438341        0.380088        0.264545
Te        5.33509        10.63447        2.19217        2        -0.615502        -0.274491        -0.643680
Te        1.49215        5.39790        5.78016        2        0.229981        -0.052244        -0.066045
Te        5.58897        7.18624        5.49901        2        -0.312898        -0.483135        0.339906
Te        1.60468        5.39562        2.48573        2        -0.514377        -0.248744        -0.536168
Te        4.94498        3.44428        2.15800        2        -0.263753        0.863831        0.030535
Te        1.70562        8.83548        5.69193        2        0.208205        0.504866        0.223157
Te        5.34637        0.01469        5.46975        2        0.069314        -0.020887        0.377469
Te        1.81459        8.88646        2.24745        2        -0.152322        0.140125        0.517186
Te        5.49014        7.06195        2.14825        2        -0.644017        0.557375        -0.632774
Te        8.86837        1.77524        5.56828        2        0.086859        -0.058182        -0.572900
Te        12.61807        3.50032        5.45261        2        0.192731        -0.409209        -0.571350
Te        8.76385        1.66352        2.05307        2        0.327741        0.297027        0.650745
Te        12.68079        10.56129        2.03887        2        0.290493        -0.176131        0.633664
Te        9.08086        5.20781        5.33487        2        -0.200828        0.413318        0.570089
Te        12.74069        6.96966        5.36355        2        -0.044874        -0.073048        0.806802
Te        8.93885        5.07844        2.09473        2        0.167999        0.724638        -0.074637
Te        12.61078        3.44746        2.00560        2        0.119757        -0.373023        0.154065
Te        9.12497        8.76336        5.48673        2        0.290300        0.043634        -0.119849
Te        12.62302        10.61303        5.39291        2        0.338407        -0.049859        0.129562
Te        9.18038        8.84659        2.13670        2        -0.060298        -0.165266        -0.283768
Te        12.86982        6.98314        1.93742        2        -0.076997        0.474641        0.432640
Te        16.20922        1.94260        5.88467        2        -0.007033        -0.707528        -0.785037
Te        20.01590        3.75081        5.82016        2        -0.110457        -0.512142        -0.088445
Te        16.55539        1.69629        2.29171        2        -0.335031        0.715278        0.827475
Te        20.03386        0.08684        2.47080        2        0.113411        -0.177762        0.245338
Te        16.28217        5.33657        5.65216        2        -0.272213        0.504249        0.000715
Te        20.21472        7.30013        5.80692        2        0.126776        -0.479836        -0.338771
Te        16.65160        5.38449        2.25213        2        -0.422030        -0.569980        0.255343
Te        20.07889        3.63342        2.44133        2        -0.389190        0.139745        -0.222437
Te        16.52979        8.69035        5.68510        2        -0.786829        0.568027        0.796020
Te        20.18654        0.16189        5.78417        2        -0.354950        -0.418619        0.297097
Te        16.63640        8.97933        2.45617        2        -0.391732        -0.556569        -0.493514
Te        20.55644        7.21440        2.35689        2        -0.717653        0.095483        -0.141424
