54
Lattice="20.641237959 0.000008540 -0.000615361 -0.000005198 11.916711949 0.000045896 0.042448411 0.000094922 30.000000000" Properties=species:S:1:pos:R:3:tags:I:1:forces:R:3 energy=-304.41051803 stress= -24.01088 -23.63784 -0.91186 1.56830 0.77561 -0.14968 pbc="T T T"
Mo        2.49436        11.90910        3.92357        1        1.349308        -0.796743        0.186075
Mo        5.90965        1.98327        3.40300        1        0.997110        0.590779        0.651435
Mo        2.84803        3.99743        3.86552        1        -2.276303        -0.244540        -1.139520
Mo        5.83054        5.83682        3.52628        1        0.642884        -0.069324        1.033775
Mo        2.70919        7.92637        4.25038        1        -0.305841        0.129039        -0.775379
Mo        5.88192        10.12257        3.61106        1        1.504483        -1.471717        0.127772
Mo        9.44674        0.05713        3.67830        1        0.303458        -0.412241        0.630577
Mo        13.01979        1.76727        3.92083        1        -0.590779        1.093116        0.529311
Mo        9.44967        3.99137        3.77888        1        0.566458        1.293088        1.718982
Mo        13.14767        5.83107        3.79047        1        -0.553745        1.300930        1.020139
Mo        9.19862        7.89616        3.60795        1        0.753853        -0.044775        0.252032
Mo        12.87276        10.01526        3.97951        1        -0.693533        -0.052397        -1.106275
Mo        16.52678        0.00312        4.23409        1        -0.591388        0.121564        -0.177817
Mo        19.85197        1.96279        4.27058        1        0.274939        0.092711        0.596380
Mo        16.56787        4.02785        4.25524        1        -0.281436        -0.983712        -0.342822
Mo        19.69731        6.12341        4.11461        1        0.902375        -0.373644        0.164516
Mo        16.50181        7.84270        4.08045        1        -0.710449        0.884518        0.183631
Mo        19.76144        9.89554        4.24181        1        0.233941        -0.477953        0.025854
Te        1.79182        1.98297        5.65697        2        -0.519693        0.333020        0.243601
Te        4.96866        3.89135        5.28967        2        0.997808        -0.339153        0.455971
Te        1.24904        1.84198        2.41283        2        0.313470        0.743483        -0.491171
Te        4.65565        11.88943        1.94246        2        -0.516770        0.216216        -0.142895
Te        1.62824        5.84106        5.73430        2        -0.176340        0.141187        -0.511569
Te        5.16087        8.11972        5.51077        2        -0.480665        -0.318487        -0.451645
Te        1.45375        6.26198        2.35204        2        -0.202603        -0.720551        0.694593
Te        4.70736        3.93547        1.67389        2        0.028155        -0.024070        1.125618
Te        1.49920        9.88024        5.77572        2        0.096777        0.366493        0.111963
Te        5.18130        0.10182        5.28155        2        -1.331900        0.499225        0.643297
Te        1.41954        9.71807        2.47720        2        -0.268201        0.412500        0.177829
Te        4.73755        7.84956        2.17030        2        -0.666363        0.938955        -0.233303
Te        8.26698        1.91476        5.25812        2        -0.501980        0.658411        0.402809
Te        11.73791        3.88946        5.53593        2        0.153748        -0.009249        -0.530346
Te        8.69088        2.22399        2.10453        2        -1.370264        -1.281806        -1.927595
Te        11.62587        0.11429        2.14386        2        1.275715        -0.580013        -0.235456
Te        7.83774        5.98746        5.45478        2        1.212858        -0.157068        -0.953013
Te        11.78679        7.95501        5.42244        2        -0.518740        -0.537958        -0.265692
Te        8.12017        5.80980        1.99514        2        0.431306        0.299706        0.078991
Te        12.14774        3.98804        2.25143        2        -0.735124        -1.097739        -0.599529
Te        8.41493        9.94452        5.28371        2        -0.849195        -0.039927        0.106570
Te        11.57242        11.78544        5.67838        2        0.180910        0.491439        -0.863578
Te        8.19456        10.06986        1.98486        2        0.053785        -0.269808        -0.169336
Te        11.81307        8.01312        2.12285        2        -0.085882        -0.300450        0.520936
Te        15.09159        1.98195        5.82118        2        0.674840        -0.148003        -0.160110
Te        18.77090        4.04740        6.02574        2        0.059326        0.047263        -0.808105
Te        15.50240        2.03665        2.56500        2        -0.055989        -0.480140        -0.366487
Te        18.87654        11.87802        2.61590        2        -0.820977        0.286692        -0.343032
Te        15.24276        5.80344        5.68052        2        -0.236615        0.973509        0.790121
Te        18.57054        7.96473        5.93259        2        0.185139        -0.057931        -0.528372
Te        15.46733        5.94986        2.38518        2        0.415392        -0.415786        -0.428913
Te        18.80325        3.92539        2.59664        2        -0.148491        0.312426        -0.225688
Te        14.92349        9.93393        5.63346        2        1.434034        -0.142602        0.770470
Te        18.67499        11.86211        6.01351        2        0.200134        0.114630        -0.329208
Te        15.37577        9.99282        2.46389        2        0.003556        -0.032311        -0.030932
Te        18.63150        8.11016        2.31005        2        0.233901        -0.445053        0.903104
