54
Lattice="18.429676749 0.000008540 -0.000615361 -0.000005198 11.065518238 0.000045896 0.042448411 0.000094922 30.000000000" Properties=species:S:1:pos:R:3:tags:I:1:forces:R:3 energy=-314.72660990 stress= -1.55304 -5.46301 -0.61903 -2.88850 -0.42145 -0.69566 pbc="T T T"
Mo        2.66327        0.20778        3.85667        1        0.309620        -0.148387        0.235218
Mo        5.54080        1.69002        3.96930        1        1.344400        2.987691        -0.027885
Mo        2.29858        3.55092        4.16003        1        0.111131        0.056539        -1.937561
Mo        5.21915        5.32086        3.82861        1        0.217444        0.106345        1.016012
Mo        2.42802        7.24887        3.86306        1        -0.141430        0.440175        0.989982
Mo        5.42888        9.17255        3.87423        1        -1.017588        -0.079463        -0.066713
Mo        8.12274        0.17983        3.75230        1        1.018690        -0.887306        -0.069985
Mo        11.53385        2.09184        4.00046        1        -0.198380        -1.086332        -0.365544
Mo        8.40034        3.78943        3.96935        1        0.645320        1.314074        -2.887462
Mo        11.14701        5.69558        3.79776        1        3.162617        -0.474580        1.222667
Mo        8.09760        7.33928        4.00829        1        1.482636        0.748940        -0.752644
Mo        11.32508        9.20751        3.81451        1        -0.730077        -1.078353        -0.280757
Mo        14.67763        10.95693        3.89251        1        -0.718229        0.142530        0.529819
Mo        17.78880        1.72260        4.06151        1        1.061588        -1.124044        -1.731164
Mo        14.65965        3.57397        4.07111        1        -0.633381        -0.182752        -0.772399
Mo        17.85213        5.37758        4.10712        1        0.162677        1.081260        -0.471944
Mo        14.66464        7.52725        3.94614        1        -0.324243        0.212444        -0.838575
Mo        18.01691        9.51148        3.95961        1        -1.148535        -1.522308        -0.706467
Te        1.62170        1.61487        5.86588        2        -1.535470        0.618356        0.113604
Te        4.38735        3.50719        5.91211        2        0.223307        0.284222        -1.157394
Te        1.24341        1.79398        2.05250        2        0.621384        0.552282        1.048983
Te        4.81261        0.02973        2.08955        2        -1.496230        -0.723849        -0.721283
Te        1.40827        5.38870        5.99277        2        -0.051914        0.585392        -1.059879
Te        4.42107        7.51332        5.83279        2        -0.333124        -1.215708        -1.267804
Te        1.41764        5.42187        2.11902        2        -0.544430        -0.587521        1.098991
Te        4.38333        3.23574        2.20259        2        -1.420483        1.898879        0.182987
Te        1.76341        9.27538        5.56894        2        -0.841975        0.306160        0.182546
Te        4.61161        0.13646        5.69965        2        -0.592739        -1.937738        1.328038
Te        1.69517        9.55505        2.16923        2        -0.882364        -1.899826        -0.493065
Te        4.30545        7.06188        2.01623        2        0.348560        1.154948        0.192393
Te        7.65552        2.12630        5.69619        2        -1.199140        -1.952888        1.304752
Te        10.47611        4.03539        5.64947        2        -0.048002        -1.447222        1.408554
Te        7.33019        2.21396        1.94641        2        1.186868        -0.914633        0.605076
Te        10.40449        0.06123        2.10842        2        -0.211582        0.846639        0.405046
Te        7.09676        5.46489        5.71464        2        0.728440        0.233329        0.156802
Te        10.24172        7.43622        5.70193        2        -0.050599        0.279541        -0.127480
Te        7.30846        5.61523        2.04935        2        -0.388779        -0.831907        0.679453
Te        10.56984        3.84404        2.03606        2        -0.776126        -1.163927        0.172382
Te        7.25251        9.32674        5.79106        2        0.878154        -0.099411        -0.663275
Te        10.20701        11.00442        5.46767        2        0.678600        1.169993        0.426429
Te        7.37189        9.12780        2.00534        2        0.131639        0.244380        0.552090
Te        10.19927        7.25618        2.05685        2        -0.644574        2.002024        -0.532518
Te        13.73137        1.65598        5.84873        2        -0.739707        0.573318        -0.670185
Te        16.76560        3.47772        5.67241        2        -0.101823        1.042769        2.269598
Te        13.60314        1.79054        2.24512        2        0.183609        0.342142        0.025804
Te        16.61418        11.01216        2.01686        2        0.958834        0.135074        0.964229
Te        13.52679        5.66173        5.45304        2        -0.513593        -0.335868        1.433753
Te        16.72831        7.58450        5.70385        2        0.772866        -0.290650        -0.238086
Te        13.56554        5.52328        2.34037        2        0.295965        0.078472        -0.668380
Te        16.78513        3.52241        2.40003        2        -0.387102        0.835478        -1.132098
Te        13.26753        9.31031        5.63148        2        1.314862        -0.491070        0.310388
Te        16.89959        0.02908        5.81626        2        -1.036914        -0.904217        0.307084
Te        13.34922        9.10075        2.08122        2        1.313591        0.468258        0.000033
Te        16.98896        7.31911        2.30279        2        -0.439348        0.651281        0.469790
