54
Lattice="19.174335959 0.000456436 -0.025753600 -0.000245188 11.849097688 0.000007040 0.013560858 0.000001769 30.000000000" Properties=species:S:1:pos:R:3:tags:I:1:forces:R:3 energy=-310.43773310 stress= -2.55694 -14.42636 1.32223 0.43480 2.32122 -1.40345 pbc="T T T"
Mo        2.36017        11.41428        3.94951        1        -0.194646        0.275521        0.785138
Mo        4.73060        1.51954        4.20892        1        -0.896178        0.536122        -0.888240
Mo        1.80721        3.93821        4.09233        1        0.565474        -0.043937        -0.374855
Mo        4.25073        6.30632        3.94528        1        0.217496        0.181088        -1.074334
Mo        2.06604        7.93022        3.52885        1        -0.021371        -1.262583        1.647953
Mo        4.50061        9.82938        4.15543        1        1.008892        -0.251124        0.433486
Mo        8.92340        0.25752        3.98158        1        -0.076054        -0.042929        -0.892001
Mo        10.89642        2.42673        4.27196        1        -0.711940        0.605818        0.889856
Mo        8.43834        4.30494        3.82434        1        0.138127        -0.007698        -0.392600
Mo        10.66282        5.86579        3.86632        1        -0.637875        0.514552        -0.471051
Mo        8.43881        7.84692        3.57036        1        0.444980        -0.100694        0.368427
Mo        10.75219        9.60298        4.27653        1        0.918254        1.161189        -0.823545
Mo        15.21825        0.42476        3.82917        1        -0.272992        0.330316        0.304550
Mo        17.43775        2.15388        4.10845        1        -0.439465        -0.224864        -0.962974
Mo        14.93552        4.08146        3.58746        1        -0.214249        -0.789095        1.206626
Mo        17.04284        5.74158        3.93650        1        -0.051235        0.054372        -0.966576
Mo        14.67935        7.50901        3.55703        1        0.431955        1.055375        -0.295768
Mo        17.48618        9.24504        3.93777        1        -1.060498        0.794437        0.796185
Te        0.92283        1.74779        5.30407        2        -0.013679        -0.050280        -0.024040
Te        3.88958        4.22412        5.59380        2        0.326820        -0.937238        1.056328
Te        6.38540        11.75748        2.65450        2        -0.594357        0.488318        0.727648
Te        2.89558        1.68932        2.24773        2        0.041885        -0.185817        0.433113
Te        0.34021        5.74019        5.28036        2        0.052876        0.609878        0.258348
Te        3.54277        7.94739        5.90162        2        -0.019386        0.331355        -0.200943
Te        5.58186        3.92476        2.91850        2        1.083313        0.341619        -0.233648
Te        2.69196        5.51142        1.95073        2        -0.352189        0.880338        -0.004449
Te        0.59232        9.46523        5.28111        2        1.189490        0.076159        0.547049
Te        4.02493        11.67543        6.13039        2        -0.129165        -0.097245        0.031558
Te        5.86950        8.14492        2.34583        2        0.182082        -0.781807        0.124956
Te        3.03603        9.69336        2.00354        2        -0.436145        0.917140        -2.302805
Te        7.23078        2.20897        5.15930        2        -0.003536        -0.806614        0.294630
Te        10.05370        4.30738        6.07165        2        -0.006966        -0.470359        -0.682654
Te        12.12987        0.17060        3.48110        2        0.631924        -0.086146        -1.415382
Te        9.40015        2.30963        2.05086        2        -0.813212        -0.305915        0.511523
Te        6.70714        6.24248        5.04311        2        1.325773        -0.008173        0.487573
Te        9.90414        7.68082        5.80400        2        -0.067149        -0.154657        0.852574
Te        12.22401        4.07934        2.39017        2        0.326752        -0.491463        0.166214
Te        8.90230        5.99544        1.67012        2        0.088845        -0.158409        0.446250
Te        7.26208        9.87391        5.25283        2        -0.063431        0.307787        -0.150295
Te        10.47711        0.02776        6.13604        2        -0.126641        0.066880        -0.135445
Te        12.16216        7.90926        2.37760        2        -0.288278        -0.013462        0.222428
Te        9.44870        10.21320        2.08639        2        -0.745759        -0.687192        -0.180457
Te        13.55906        2.37342        5.49095        2        0.122575        -0.284154        -1.064281
Te        16.44043        3.82515        5.89888        2        0.351366        0.580211        -0.082417
Te        18.95247        11.67695        2.94885        2        -0.490569        -0.095001        -0.514220
Te        15.89477        2.24117        1.81488        2        -0.333351        -0.553841        0.830225
Te        13.07793        6.00135        5.03463        2        0.989502        -0.529259        0.764149
Te        16.20877        7.64593        5.67907        2        0.610490        0.101756        1.088295
Te        18.81392        4.02926        2.43205        2        -0.832716        -0.421905        -0.225562
Te        15.34533        5.88291        1.66847        2        0.692365        -0.177293        -0.743782
Te        13.63444        9.80912        4.80310        2        0.190950        -0.172232        0.877687
Te        17.12573        11.72005        5.64737        2        -1.152585        0.109790        -0.201867
Te        18.63260        7.62003        2.25815        2        0.732056        -0.512698        -0.146368
Te        15.99607        10.01844        2.04528        2        -1.658286        0.394221        -0.710459
