54
Lattice="18.429676749 0.000008540 -0.000615361 -0.000005198 10.639921383 0.000045896 0.042448411 0.000094922 30.000000000" Properties=species:S:1:pos:R:3:tags:I:1:forces:R:3 energy=-318.77692822 stress= 2.45916 2.78697 2.48574 2.29921 -0.95662 0.64359 pbc="T T T"
Mo        2.41712        10.58883        3.80878        1        0.903239        -0.555941        -1.088631
Mo        5.37754        1.99625        3.76821        1        0.228054        1.037333        -0.490078
Mo        2.15174        3.59601        3.94185        1        1.055212        0.790444        0.220700
Mo        5.46658        5.34421        3.82704        1        -0.578186        -0.101892        1.460329
Mo        2.30349        7.13791        3.95467        1        0.513546        1.260462        0.044572
Mo        5.57883        9.08344        3.94102        1        -0.560076        -0.288951        0.066970
Mo        8.57984        10.57307        3.86766        1        -1.289118        -0.460742        -0.646317
Mo        11.59334        1.80356        3.91929        1        -0.437965        -0.734104        -0.327611
Mo        8.58047        3.37507        3.73877        1        1.011979        2.170742        -0.859378
Mo        11.52696        5.22081        4.01255        1        1.052307        -0.163309        0.240693
Mo        8.46883        6.90566        4.03648        1        -0.422019        2.236395        -0.159704
Mo        11.48096        8.98660        3.89694        1        0.492015        -0.454263        -0.296983
Mo        14.68808        10.55426        3.96159        1        -0.848904        1.175749        -0.352028
Mo        17.46218        1.65719        3.93061        1        0.585858        -0.531134        -0.211340
Mo        14.64006        3.42343        3.92169        1        0.464592        0.105747        0.701703
Mo        17.75708        5.26168        4.04325        1        -1.685123        -0.076202        0.230050
Mo        14.49270        6.89288        4.09907        1        -0.378230        1.197695        0.082340
Mo        17.64905        8.96066        4.15024        1        1.381171        -0.740833        -1.963033
Te        1.30911        1.54868        5.53174        2        -0.812199        1.312228        1.067798
Te        4.26788        3.74353        5.82754        2        0.228683        -0.572547        -1.466488
Te        1.13222        1.77343        2.22705        2        0.203014        -0.223063        -0.804730
Te        4.59667        0.22773        1.98319        2        -1.152981        -0.863880        0.142553
Te        1.32643        5.42891        5.75602        2        0.122133        -0.411455        1.067639
Te        4.45396        7.17193        5.72268        2        0.433876        0.110249        -0.727980
Te        1.15898        5.55459        2.23374        2        0.611204        -1.397308        -1.557978
Te        4.06175        3.86677        2.02686        2        0.967864        -0.942732        0.299036
Te        1.59318        8.99453        5.80166        2        -1.143777        -0.544546        -0.194359
Te        4.55429        0.30715        5.58201        2        -0.849043        -0.781900        0.634641
Te        1.13056        8.83303        2.01008        2        0.698469        0.363365        1.284549
Te        4.50471        7.26967        2.22813        2        -0.732432        0.099980        -0.291226
Te        7.49563        1.82957        5.42535        2        -0.705866        -1.433479        1.764827
Te        10.42974        3.40665        5.80557        2        0.403292        0.422579        -0.640679
Te        7.57917        1.62239        1.95955        2        -0.696733        0.831353        0.078837
Te        10.46619        0.23683        1.97840        2        1.010663        -1.374417        0.410535
Te        7.51746        4.99494        5.67998        2        -0.391507        0.883125        -0.215162
Te        10.52827        7.08594        5.73826        2        0.302494        -0.060105        0.318012
Te        7.50994        5.45735        2.07869        2        -0.004980        -1.627407        -0.617519
Te        10.84684        3.53817        2.04290        2        -1.533446        0.349456        -0.188283
Te        7.52559        8.83730        5.87074        2        0.087823        -0.004495        -0.965290
Te        10.46609        10.60192        5.66759        2        0.420327        0.899957        1.192790
Te        7.42648        8.89230        2.01749        2        0.969592        -0.628368        0.748153
Te        10.55766        7.07829        2.31836        2        -0.376828        -0.248593        -1.095443
Te        13.49378        1.68393        5.76229        2        1.026696        0.149977        -0.074434
Te        16.81159        3.42965        5.80374        2        -1.044863        0.215618        0.029800
Te        13.63595        1.72064        2.02319        2        0.298336        -0.434827        0.917605
Te        16.55625        10.37671        2.10479        2        0.758234        0.932822        -0.061215
Te        13.59286        5.06006        5.82221        2        -0.351940        0.262199        0.358703
Te        16.56610        7.11267        5.74799        2        0.556257        -0.736393        1.233868
Te        13.66524        5.23916        2.18107        2        -0.641821        -0.052927        -0.025084
Te        16.62457        3.55861        2.06696        2        0.355091        -0.225780        0.648396
Te        13.49957        9.01309        5.70249        2        -0.225361        -1.609703        0.954491
Te        16.55415        10.52750        5.88045        2        0.188729        1.164418        0.770367
Te        13.67362        8.72761        2.29749        2        -0.809349        0.054255        -0.926336
Te        16.57720        7.03728        2.43551        2        0.320262        0.262044        -0.723444
