54
Lattice="19.173937585 0.000456147 -0.025753600 -0.000245476 10.927967962 0.000007040 0.013560576 0.000001770 30.000000000" Properties=species:S:1:pos:R:3:tags:I:1:forces:R:3 energy=-316.46988555 stress= -3.41921 -7.25314 -0.10750 0.51361 -1.21184 -0.61193 pbc="T T T"
Mo        2.46121        10.84458        3.79628        1        -1.807522        -0.366044        -0.177183
Mo        4.31897        1.80509        4.02776        1        1.758612        0.730040        -1.145467
Mo        2.20436        3.59422        3.80987        1        -0.823977        0.052822        -0.099245
Mo        4.37028        5.54380        4.04682        1        0.050011        0.034225        -1.132968
Mo        2.13085        7.24912        3.73741        1        0.908519        0.119360        -0.015364
Mo        4.41767        9.05494        3.94960        1        1.268340        -0.265735        -1.202042
Mo        8.47133        0.09569        3.89206        1        0.136074        0.913973        0.328694
Mo        10.79891        1.82481        4.06207        1        -0.230719        0.513475        -1.497477
Mo        8.56640        3.89187        3.94009        1        -0.155456        -0.555312        0.090048
Mo        10.94968        5.54997        3.92205        1        -0.360888        -0.413429        1.924326
Mo        8.77088        7.25141        3.74459        1        -2.066339        0.134407        -1.298670
Mo        10.81376        9.24576        3.93744        1        -1.334035        -0.165695        1.509468
Mo        14.90325        10.86673        3.89475        1        0.510275        0.282064        -0.269871
Mo        17.25159        1.68946        4.13448        1        -0.472604        -0.192836        -1.231408
Mo        14.85894        3.75331        3.68168        1        0.429729        -0.903014        1.134093
Mo        17.07032        5.30745        4.05216        1        1.915704        1.515552        -1.586362
Mo        15.08933        7.32430        3.75104        1        -1.246310        -0.553980        -0.123444
Mo        17.44824        8.85723        4.12447        1        -1.317356        1.566477        1.175686
Te        0.70522        1.54126        5.11473        2        -0.146753        0.907077        1.199233
Te        3.89590        3.63730        5.90336        2        -0.402699        0.415591        0.876604
Te        5.99868        0.12515        2.44103        2        0.039751        -0.211296        0.315933
Te        2.68899        1.86908        1.74455        2        0.429926        -0.501553        0.797629
Te        0.55967        5.42475        5.26279        2        0.092900        -0.556553        0.356437
Te        3.75923        7.40243        5.89874        2        0.045773        -0.592304        0.448533
Te        6.01568        3.70124        2.57429        2        -0.104774        0.130905        0.098264
Te        2.73061        5.33315        1.81924        2        0.210939        0.536173        0.335561
Te        0.80850        8.86434        5.57466        2        -0.429108        0.653234        -0.536358
Te        4.26116        10.90241        5.92639        2        -1.023750        -0.156011        0.592673
Te        5.85607        7.20367        2.31777        2        0.702864        0.403569        0.424980
Te        2.76121        9.17207        1.67204        2        0.189084        -0.835438        1.029651
Te        6.81954        1.99556        5.50836        2        0.784501        -0.153755        -0.611220
Te        10.55969        3.63506        5.89916        2        -0.986816        1.146519        0.694731
Te        12.32691        0.13704        2.55054        2        0.603719        -0.235489        -0.767649
Te        8.90313        2.14402        2.01398        2        0.649122        -1.522106        0.046789
Te        6.89659        5.67582        5.25208        2        0.444615        -0.041940        0.478960
Te        10.09014        7.23558        6.02267        2        0.811753        0.475603        -0.730526
Te        12.35229        3.67011        2.48710        2        0.179559        -0.084784        -0.456647
Te        9.31508        5.36403        1.79232        2        -0.499123        1.048892        0.279718
Te        6.94926        9.17534        5.27445        2        0.272520        -0.556750        0.019503
Te        10.35306        0.11948        5.96606        2        -0.777680        -0.975320        0.472415
Te        12.30589        7.42668        2.48784        2        1.130906        -0.181028        -0.459792
Te        9.04155        9.32292        1.95817        2        0.009852        -0.660308        -1.061241
Te        13.33094        1.77637        5.36768        2        0.366475        0.342843        -0.289501
Te        16.54670        3.64422        5.86166        2        -0.589018        -1.482691        1.437087
Te        19.04826        10.67665        2.71217        2        -0.756061        0.420654        -0.406744
Te        15.49344        1.74874        1.87040        2        0.569006        0.043776        1.090911
Te        13.44995        5.49253        5.48742        2        -0.201927        0.308793        -1.111536
Te        16.58533        7.15067        6.02820        2        -0.104798        -0.000085        -0.190168
Te        18.85055        3.46969        2.53361        2        -0.752889        0.282943        0.139451
Te        15.61123        5.43762        1.71034        2        -0.090197        0.574639        0.765754
Te        13.11568        9.14622        5.15437        2        1.956664        -0.571717        0.934972
Te        16.50518        10.80969        6.11147        2        0.315071        -0.052731        -0.910621
Te        18.77740        7.14440        2.68274        2        0.352110        -0.549311        -1.402697
Te        15.87605        9.18923        1.96728        2        -0.505326        -0.229112        -0.268992
