54
Lattice="18.429676749 0.000008540 -0.000615361 -0.000005198 11.278316666 0.000045896 0.042448411 0.000094922 30.000000000" Properties=species:S:1:pos:R:3:tags:I:1:forces:R:3 energy=-315.14942090 stress= -2.53362 -10.49963 -1.13546 -0.64936 1.10233 -0.90832 pbc="T T T"
Mo        2.53778        11.14239        3.70888        1        -0.160317        -1.113967        3.076665
Mo        5.32105        1.74620        3.79824        1        0.053408        1.078584        0.900574
Mo        2.20983        3.97327        3.86589        1        0.156521        -3.342509        2.564434
Mo        5.46626        5.56671        3.99068        1        -0.007187        -1.618910        -0.180138
Mo        2.45749        7.38801        3.99518        1        -1.448987        0.447156        -1.184383
Mo        5.33240        9.43859        3.78765        1        0.712598        -0.259126        1.993665
Mo        8.51561        0.02498        3.91568        1        -0.015296        0.975024        0.575335
Mo        11.40984        1.97375        4.00526        1        0.501414        -1.653116        -0.272325
Mo        8.39565        3.78301        3.87505        1        0.073543        -0.372368        0.156535
Mo        11.39290        5.82617        3.84918        1        1.170772        0.326303        1.940767
Mo        8.28642        7.47071        3.88647        1        0.550725        0.918903        -0.583785
Mo        11.26793        9.67871        3.87199        1        1.293196        -0.104127        -0.582252
Mo        14.64160        11.22311        3.97619        1        -0.745630        -0.995802        -0.947253
Mo        17.82528        1.86601        3.97281        1        -1.235652        -0.196105        1.178285
Mo        14.67761        3.58640        3.92409        1        -1.547276        0.125799        -0.125492
Mo        17.87850        5.88519        4.07590        1        -0.691972        -1.380896        -1.478443
Mo        14.51517        7.65212        3.88208        1        0.749970        -0.399483        0.462198
Mo        17.83282        9.33675        4.02703        1        0.238565        0.914292        -1.180495
Te        1.37076        1.73415        5.80857        2        0.230135        0.280833        -1.052255
Te        4.26971        3.43739        5.73924        2        0.370423        1.498688        -0.922808
Te        1.41163        1.65224        2.31067        2        -0.499675        1.879313        -1.964330
Te        4.57031        11.19724        1.94988        2        -0.928858        0.144310        -0.774296
Te        1.47192        5.67476        5.80629        2        -0.520679        -0.037245        0.619079
Te        4.33393        7.43364        5.69989        2        2.078029        0.273987        0.788225
Te        1.57163        5.63735        2.08106        2        -1.732134        1.320489        -0.677014
Te        4.13844        3.54033        2.12110        2        1.502556        1.105556        -0.158228
Te        1.47707        9.32879        5.77281        2        0.268570        0.286718        -0.738010
Te        4.53000        0.08812        5.59799        2        -0.993837        -1.436845        0.695705
Te        1.47075        9.17726        2.08617        2        -0.193907        0.287120        0.597946
Te        4.53801        7.34527        2.29586        2        -0.246567        0.469595        -1.344487
Te        7.43002        1.92613        5.74986        2        0.077012        -0.391896        -1.164826
Te        10.49934        3.91556        5.66538        2        -0.066522        0.112227        0.272365
Te        7.29363        1.96379        2.12054        2        1.486007        -0.403384        -0.214878
Te        10.44862        0.28834        1.83995        2        -0.360054        -0.495052        1.961082
Te        7.56767        5.50324        5.66986        2        -0.921776        0.954945        0.620249
Te        10.20365        7.98024        5.75135        2        0.733345        -1.439885        -0.793449
Te        7.45204        5.53014        1.95831        2        -0.345731        0.381415        1.104243
Te        10.53447        3.85880        2.31230        2        -0.033372        -0.039696        -1.643322
Te        7.31559        9.41091        5.77198        2        0.074564        0.068454        -1.376807
Te        10.66492        0.10707        5.92609        2        -1.543172        0.349065        -1.101476
Te        7.43652        9.59230        2.13035        2        0.452612        -1.152662        -0.030900
Te        10.56626        7.68865        2.10426        2        -1.307287        -0.008136        0.163354
Te        13.52427        1.58261        5.77829        2        0.468990        1.568055        -0.394883
Te        16.59525        3.86407        5.75980        2        1.230458        -0.256477        -0.225517
Te        13.39373        1.56506        2.15349        2        1.181032        1.503944        0.500841
Te        16.85168        11.21412        2.28133        2        -0.380581        0.198671        -0.335444
Te        13.66497        5.53500        5.59708        2        -0.684997        0.626472        -0.202272
Te        16.63432        7.68559        5.65378        2        -0.390377        -0.657056        1.261956
Te        13.60169        5.76650        2.24648        2        0.022863        -1.138080        -0.689957
Te        16.78896        3.76860        2.31793        2        0.448629        0.512301        -0.348421
Te        13.37513        9.35486        5.63907        2        0.371483        0.318913        -0.055443
Te        16.69932        11.22123        5.66175        2        0.635898        0.349454        0.780031
Te        13.54615        9.49695        2.06953        2        -0.211653        -0.039397        0.698730
Te        16.72244        7.63009        2.22261        2        0.052463        -0.363391        -0.176927
