54
Lattice="19.535457354 0.000008540 -0.000615361 -0.000005198 11.278316666 0.000045896 0.042448411 0.000094922 30.000000000" Properties=species:S:1:pos:R:3:tags:I:1:forces:R:3 energy=-313.74211641 stress= -15.07949 -14.76736 -4.08264 1.02431 -0.18552 0.07435 pbc="T T T"
Mo        2.59680        11.23734        3.86599        1        0.576704        0.238380        -0.446782
Mo        5.64131        1.88081        3.95820        1        -1.554555        0.536350        0.745777
Mo        2.51301        3.91707        4.06781        1        -0.024656        -1.219758        -0.910127
Mo        5.63118        5.72617        3.82511        1        0.997386        0.684886        -0.008529
Mo        2.35419        7.59422        3.58275        1        1.598273        0.761480        0.965260
Mo        5.82118        9.60001        3.98098        1        -0.294157        -0.818879        -0.546110
Mo        9.08166        0.06945        4.18906        1        -1.329220        0.113654        -0.573254
Mo        12.01431        1.69875        4.07008        1        1.001167        1.118622        0.035041
Mo        8.74063        3.73311        3.89228        1        0.087490        0.363136        0.121968
Mo        12.17457        5.83654        3.82423        1        -0.423951        -1.368793        -1.032781
Mo        8.87350        7.74014        3.91592        1        1.174393        -0.983596        0.434795
Mo        12.25351        9.28421        3.86141        1        -0.209737        0.931642        -0.529966
Mo        15.39680        11.10551        4.15286        1        0.106467        0.269148        -0.640217
Mo        18.94872        1.69906        4.04492        1        0.023730        0.575661        -0.283658
Mo        15.59059        3.61303        4.06029        1        -0.987728        -0.634409        -0.181912
Mo        18.73213        5.78577        4.05953        1        1.586382        -2.720508        -1.166956
Mo        15.78143        7.40654        3.76824        1        -1.088371        1.019922        0.461659
Mo        18.83899        9.16449        3.81961        1        -0.137021        1.618491        -0.457696
Te        1.75938        1.86950        5.82188        2        -0.982145        -0.147897        -1.000619
Te        4.79926        4.00672        5.75948        2        -0.995646        -0.473773        -0.442542
Te        1.61881        1.80847        2.15305        2        -1.022678        0.778200        1.019935
Te        4.75966        0.12792        2.01353        2        -0.445985        -0.724360        1.152759
Te        1.50990        5.82403        5.57330        2        -0.594850        0.507085        0.652124
Te        4.44607        7.61636        5.47294        2        0.547205        0.141194        -0.400036
Te        1.33449        5.73336        2.09050        2        -0.478147        -1.417860        0.178703
Te        4.52736        3.80754        2.31741        2        0.335038        -0.124907        -0.900721
Te        1.50422        9.34617        5.45021        2        -0.479055        0.066182        0.522617
Te        4.66846        11.25734        5.72400        2        -0.152646        0.241299        -0.052705
Te        1.36373        9.50148        1.87768        2        -0.042598        0.011939        0.779826
Te        4.64990        7.58063        1.93880        2        0.175606        0.371985        1.039527
Te        7.53161        2.19715        5.81650        2        1.512288        -1.156564        0.081467
Te        10.84296        3.79093        5.57909        2        0.970063        0.093619        -0.004955
Te        7.63720        1.74198        2.31676        2        1.830694        0.500875        -0.435331
Te        11.04294        0.12792        2.14179        2        0.126895        -0.859857        0.908375
Te        7.79275        5.78731        5.58576        2        -0.110670        0.003210        -0.187287
Te        11.21949        7.51268        5.65303        2        -0.787248        0.094538        -0.209040
Te        7.97500        5.63305        2.16779        2        -0.974049        0.812509        -0.178563
Te        10.98189        3.76654        2.17904        2        0.331173        -0.232002        0.661497
Te        8.06132        9.41879        5.98099        2        -0.822383        0.396052        -1.293553
Te        11.15689        11.01687        5.86098        2        0.588416        0.493403        -0.570572
Te        7.94797        9.69802        2.31924        2        0.065186        -0.383258        -0.245802
Te        10.94348        7.68528        2.01662        2        0.548133        -0.345000        0.714580
Te        14.21003        1.73755        5.95662        2        0.360901        0.095968        -1.183239
Te        17.77176        3.66372        5.65096        2        0.295092        -0.034625        0.685950
Te        14.33074        1.74169        2.35069        2        -0.164775        -0.029140        0.870337
Te        17.47884        0.07073        2.34084        2        0.839835        -0.708482        0.317758
Te        14.39056        5.70975        5.37250        2        0.330459        -0.511883        1.495257
Te        17.79324        7.54165        5.66301        2        -0.880910        0.173777        1.368600
Te        14.73843        5.39920        2.19453        2        -0.963327        0.407846        -0.481507
Te        17.72925        3.75171        2.32533        2        0.528125        -0.663181        0.351486
Te        14.32942        9.10895        5.67061        2        0.663954        0.144030        -0.402512
Te        17.77342        10.86297        5.75889        2        -0.184385        1.079515        -0.690483
Te        14.62345        9.31800        2.02853        2        -0.524720        -0.013445        1.377060
Te        17.88243        7.28774        2.12778        2        -0.556897        0.941379        -1.507068
