54
Lattice="18.429676749 0.000008540 -0.000615361 -0.000005198 11.491115093 0.000045896 0.042448411 0.000094922 30.000000000" Properties=species:S:1:pos:R:3:tags:I:1:forces:R:3 energy=-319.10505695 stress= -5.75991 -14.86096 -0.85436 -0.89641 0.81020 -0.14347 pbc="T T T"
Mo        2.28552        0.00522        3.79692        1        -0.325188        -0.861570        0.013984
Mo        5.37402        1.78024        3.95440        1        0.079060        0.489667        -0.461009
Mo        2.33673        3.91833        3.91154        1        -0.135988        -0.727205        0.055779
Mo        5.45728        5.77583        4.05604        1        -0.514603        -0.427514        -0.110406
Mo        2.33726        7.65363        3.79827        1        -0.292698        0.412413        -0.247950
Mo        5.44450        9.64574        3.94022        1        -0.585870        0.130591        0.664259
Mo        8.44118        11.38806        3.96339        1        0.732746        1.350108        0.879241
Mo        11.47302        1.76127        4.18951        1        -0.343037        1.485571        -1.095185
Mo        8.38715        3.74809        4.02918        1        -0.505895        0.438314        0.234933
Mo        11.42790        5.81336        3.97897        1        0.940922        -1.347778        1.013115
Mo        8.41051        7.82202        4.07933        1        0.795389        -1.192811        -0.190937
Mo        11.59971        9.57841        3.92286        1        -0.424659        -0.426472        0.310224
Mo        14.63275        0.10277        3.85011        1        0.822712        -1.253757        0.074137
Mo        17.70148        2.05347        3.75601        1        0.367431        -1.166926        0.611084
Mo        14.57286        3.85184        3.86052        1        0.138431        0.201022        0.908427
Mo        17.70450        5.76637        3.85719        1        0.095238        0.510190        -0.527965
Mo        14.55164        7.58688        3.86896        1        0.045256        0.089443        0.727612
Mo        17.57801        9.59216        3.78330        1        0.803017        0.000476        -0.130839
Te        1.28610        1.90678        5.57081        2        0.308484        0.224058        -0.034586
Te        4.29319        3.79600        5.74411        2        0.739387        -0.042124        -0.232343
Te        1.41358        1.97992        2.10105        2        0.035908        0.331335        -0.206736
Te        4.37474        11.41496        2.01834        2        0.237140        0.268420        0.878445
Te        1.34281        5.85256        5.61665        2        -0.070717        -0.251305        0.133882
Te        4.33374        7.73871        5.61889        2        0.416020        0.040629        0.429489
Te        1.46644        5.73555        2.10361        2        -0.759301        0.063831        -0.328194
Te        4.49519        3.80169        2.28063        2        0.220948        0.248551        -0.107211
Te        1.20613        9.39175        5.56528        2        0.331167        1.062190        -0.439514
Te        4.26181        11.47184        5.65394        2        0.161012        -0.183780        0.163460
Te        1.24435        9.57193        1.89944        2        0.200936        -0.107896        1.267977
Te        4.52887        7.67908        2.20605        2        0.110107        -0.123079        -0.093977
Te        7.42208        1.83578        5.76236        2        -0.215631        -0.223377        -0.299286
Te        10.36296        3.82480        5.81500        2        0.875895        -0.057130        -0.057860
Te        7.57384        1.80608        2.16848        2        -0.731298        0.257061        0.551749
Te        10.54970        11.44625        2.30593        2        0.159685        0.181064        -0.599267
Te        7.43071        5.74251        5.93682        2        0.147843        0.237957        -0.992053
Te        10.59465        7.80159        5.75648        2        -0.218150        -0.411346        -0.163495
Te        7.53268        5.75710        2.33695        2        -0.135890        0.254607        0.023551
Te        10.46293        3.78781        2.33720        2        0.321061        -0.351831        0.116288
Te        7.60128        9.71646        5.84546        2        -1.457372        -0.677309        0.102081
Te        10.48569        11.39018        5.83009        2        0.341157        -0.380224        -0.107006
Te        7.45908        9.64592        2.26828        2        0.381258        -0.765163        -1.223932
Te        10.56469        7.51976        2.20461        2        -0.814753        1.561845        -0.023029
Te        13.71831        1.85985        5.65445        2        -0.113739        0.463972        0.836485
Te        16.79588        3.84789        5.53425        2        -0.721567        0.320672        0.572436
Te        13.43395        1.98330        2.31272        2        0.043118        -0.423160        -1.070301
Te        16.80667        0.10198        2.07387        2        -1.012300        -0.005859        -0.238512
Te        13.56744        5.62022        5.75751        2        0.056801        0.531121        -0.776592
Te        16.66108        7.76848        5.60585        2        -0.169821        -0.792836        -0.161790
Te        13.53690        5.72078        2.10687        2        -0.370329        -0.055368        0.453436
Te        16.63168        3.85670        2.07882        2        0.082444        0.563713        -0.395867
Te        13.69274        9.57754        5.62485        2        0.180072        0.220978        -0.132448
Te        16.81229        0.08697        5.59085        2        -0.546905        0.026122        -0.534963
Te        13.65966        9.53220        2.13151        2        -0.130619        0.464803        0.033611
Te        16.57712        7.63407        2.09130        2        0.381124        -0.175367        -0.081896
