54
Lattice="19.904050889 0.000008540 -0.000615361 -0.000005198 10.639921383 0.000045896 0.042448411 0.000094922 30.000000000" Properties=species:S:1:pos:R:3:tags:I:1:forces:R:3 energy=-316.75249853 stress= -13.06455 -2.47541 4.62116 2.57661 0.46622 -0.67467 pbc="T T T"
Mo        2.50557        0.29612        3.84561        1        0.171915        -1.426647        0.854915
Mo        5.91373        1.56484        3.93564        1        0.614713        -0.251729        -0.415938
Mo        2.53841        3.68461        3.96281        1        0.185039        0.108508        -0.647217
Mo        5.96284        4.99919        3.98867        1        -1.161865        0.538470        -0.910869
Mo        2.54065        7.39761        3.91614        1        -0.095493        -1.989465        0.038505
Mo        5.95452        8.74734        3.95144        1        -0.401295        -0.010660        0.486169
Mo        9.39565        10.60275        3.94503        1        -0.921479        -0.354970        0.884948
Mo        12.56622        1.89706        4.04990        1        0.140069        0.374262        -0.062519
Mo        9.17583        3.42123        3.86640        1        -0.077461        0.433617        1.516487
Mo        12.48137        5.33703        3.89852        1        0.571604        0.479101        0.948599
Mo        9.17012        6.92969        3.90607        1        -0.407658        -0.463552        0.369996
Mo        12.50867        8.94451        3.97075        1        1.202832        1.212977        0.233799
Mo        15.83513        10.63956        3.83198        1        0.243981        -0.424593        -0.438503
Mo        18.99997        1.76733        3.99203        1        1.409350        0.453129        -0.529637
Mo        15.65919        3.69586        3.81809        1        0.668037        -1.400161        1.542687
Mo        19.13515        5.36577        3.91065        1        -1.401164        -0.383866        0.927911
Mo        15.66575        7.16399        3.89992        1        1.213101        -2.175717        -0.061616
Mo        18.96496        8.90646        3.87251        1        -0.022987        0.300753        0.142827
Te        1.51366        1.93448        5.70989        2        -1.049202        0.180796        0.287922
Te        4.74146        3.13366        5.67320        2        -0.211858        1.623282        0.402559
Te        1.42112        1.97954        2.12048        2        -0.592474        0.315932        0.120716
Te        4.66562        10.56410        2.26324        2        0.632977        -0.551096        -0.931427
Te        1.27850        5.57612        5.58521        2        1.304789        -0.078781        0.908252
Te        4.83161        6.82792        5.53710        2        -0.579486        0.821834        1.046528
Te        1.26764        5.44900        2.22951        2        1.394805        0.501707        -0.586278
Te        4.80054        3.40780        2.14698        2        -0.348829        -0.222503        0.330535
Te        1.18566        9.15750        5.49797        2        0.779053        0.009848        1.077477
Te        4.73706        10.46557        5.73081        2        -0.065637        -0.055229        -0.446668
Te        1.34838        9.01769        2.21524        2        -0.299905        0.641055        -0.921140
Te        4.77238        7.02503        2.20183        2        0.147442        -0.401946        0.098864
Te        8.05478        1.62083        5.73650        2        0.387701        0.000641        -0.701492
Te        11.32079        3.49374        5.79520        2        -0.057592        1.033202        -0.566409
Te        8.20242        1.64713        2.10590        2        -0.456392        -0.488588        0.299434
Te        11.57676        0.24846        2.29709        2        -0.674948        -1.049570        -0.926023
Te        7.99743        5.15256        5.70985        2        0.819327        -0.220540        0.149497
Te        11.27763        7.14390        5.48908        2        0.625418        -0.356184        1.810414
Te        7.93872        5.11852        2.16334        2        0.681389        0.364757        -0.396161
Te        11.28808        3.77192        2.19167        2        0.271838        -1.419102        -0.392322
Te        8.11507        8.66207        5.79643        2        0.137985        0.535512        -0.788428
Te        11.45516        0.15820        5.84876        2        0.162904        -0.790841        -0.566632
Te        8.15475        8.71773        2.33998        2        -0.285301        1.009932        -1.403908
Te        11.42323        7.28185        2.20246        2        -0.474859        -0.872019        -0.510059
Te        14.86589        1.79734        5.63407        2        -0.818980        0.077550        0.156341
Te        17.81825        3.50147        5.64971        2        0.320037        0.698104        0.209742
Te        14.65344        1.78380        2.19547        2        -0.258229        0.074355        -0.659191
Te        18.14374        0.12599        2.06781        2        -1.003052        -0.415710        -0.071956
Te        14.78081        5.32351        5.70534        2        -1.240429        0.552621        0.108350
Te        17.95809        6.97236        5.68577        2        -0.424412        1.054575        -0.030833
Te        14.57763        5.23716        2.02965        2        -0.441712        1.341420        -0.053949
Te        17.82451        3.69327        2.32978        2        0.921783        -1.073492        -1.671987
Te        14.82974        8.87619        5.68227        2        -1.103594        0.642136        0.246632
Te        17.82949        0.01276        5.65918        2        0.566667        -0.350066        0.398050
Te        14.66638        8.73902        2.06753        2        -0.478879        1.323865        0.065969
Te        17.89099        7.04967        2.24163        2        -0.180761        0.508226        -0.970367
