54
Lattice="20.272644424 0.000008540 -0.000615361 -0.000005198 10.639921383 0.000045896 0.042448411 0.000094922 30.000000000" Properties=species:S:1:pos:R:3:tags:I:1:forces:R:3 energy=-312.71312170 stress= -15.60706 -2.94154 -0.90885 0.79210 -0.90818 -0.01959 pbc="T T T"
Mo        2.32627        0.32233        3.96455        1        0.776507        -2.104922        -0.118614
Mo        6.12162        1.64876        4.27804        1        -0.181477        0.582452        -0.746867
Mo        2.59961        3.43755        4.07683        1        -0.544138        1.261950        -0.347298
Mo        5.96776        5.09716        3.91029        1        -0.001750        2.176183        -0.642882
Mo        2.70731        7.22588        3.79887        1        -0.646560        -1.123909        1.113569
Mo        6.07789        8.83249        4.32946        1        -0.202609        0.037207        -1.709463
Mo        9.22553        10.36014        4.07268        1        0.916555        0.679925        0.309028
Mo        12.79590        1.70234        4.05226        1        -0.936943        0.465512        -1.555814
Mo        9.35220        3.40352        3.85919        1        1.433643        0.518990        1.258573
Mo        12.77236        5.51721        3.88974        1        -0.068434        -1.273217        -0.958921
Mo        9.46038        7.07749        4.03237        1        -0.243689        -0.884876        -0.776837
Mo        12.72908        8.89633        3.93721        1        -2.080445        -0.292664        1.136756
Mo        16.05732        0.10587        3.96397        1        0.916798        1.598346        0.824258
Mo        19.38833        1.85737        3.57574        1        2.066898        -0.972752        2.211191
Mo        16.09296        3.58027        3.70506        1        -1.238842        0.000293        -0.289488
Mo        19.56122        5.40506        3.38829        1        -0.976053        -1.376553        2.025086
Mo        16.06840        7.26899        4.16288        1        0.588667        -0.233431        -1.818715
Mo        19.50323        8.73216        3.71134        1        -1.085477        0.932983        0.828994
Te        1.20957        1.85148        5.77418        2        -0.453673        0.451201        -0.210847
Te        4.89544        3.51388        5.74057        2        -0.633597        -0.126536        1.173718
Te        1.38374        2.09009        1.97146        2        0.187583        -1.343113        0.808218
Te        4.80224        0.08813        2.56168        2        -0.015621        -1.072970        -0.146066
Te        1.38586        5.43470        5.64030        2        0.258092        -0.353988        -1.298905
Te        4.91672        6.90309        5.69044        2        -0.776778        0.117244        0.273112
Te        1.61055        5.23770        2.06334        2        0.816598        0.782369        0.483334
Te        4.78363        3.21947        2.46821        2        0.371791        0.316984        -1.240043
Te        1.22508        8.69048        5.61124        2        0.852406        1.242160        -0.338677
Te        4.73759        0.14214        6.04073        2        -0.146896        -1.059384        -0.680763
Te        1.39481        8.96946        2.20837        2        0.769694        0.601909        -0.864448
Te        4.83517        7.32130        2.14495        2        0.894164        -0.663532        0.832052
Te        8.37652        1.63247        5.78409        2        0.077611        0.229778        0.549587
Te        11.84893        3.58870        5.60554        2        -1.311045        0.271714        0.355404
Te        8.29521        1.61687        2.34910        2        -1.351940        -0.862611        -0.917862
Te        11.32693        0.04971        2.27665        2        0.814515        -0.581375        0.415056
Te        8.15689        5.13904        5.53980        2        0.386323        0.099454        0.863862
Te        11.54975        7.05689        5.73287        2        0.811281        0.417808        0.027633
Te        8.26708        5.30974        2.27493        2        -0.413678        -0.376321        -0.559660
Te        11.44758        3.69056        2.03835        2        0.847304        -0.563863        1.329249
Te        8.32032        8.53145        5.99634        2        -0.366208        0.912369        -0.302840
Te        11.50512        10.54824        5.78031        2        0.235241        0.159748        -0.314921
Te        8.14967        8.64267        2.28617        2        -0.396292        0.688114        0.342351
Te        11.69122        7.08416        2.00181        2        -0.434248        0.831181        0.850588
Te        14.99732        2.03609        5.63902        2        0.318411        -0.890857        0.354945
Te        18.25593        3.60578        5.17991        2        0.859219        0.722822        0.990611
Te        14.70335        1.76706        2.10798        2        0.834255        -0.034282        0.178267
Te        18.28725        10.63849        2.09853        2        -0.720641        -1.091712        -0.321956
Te        14.89838        5.38950        5.60180        2        0.394880        -0.203088        0.453804
Te        18.43902        6.95476        5.47505        2        -0.004118        0.113727        -0.025338
Te        15.10728        5.49005        2.13499        2        -0.711464        0.643192        0.265054
Te        18.19320        3.28532        1.79546        2        -0.327285        2.049399        -0.556119
Te        14.88537        9.13853        5.80710        2        0.032871        -0.607696        0.074997
Te        18.55041        0.06920        5.62802        2        -0.754414        -0.388438        -1.303365
Te        14.83412        9.04688        2.50038        2        0.853267        -1.080446        -2.619019
Te        18.21906        7.08186        1.87566        2        -0.246551        0.654398        0.343007
