54
Lattice="18.429676749 0.000008540 -0.000615361 -0.000005198 12.767905659 0.000045896 0.042448411 0.000094922 30.000000000" Properties=species:S:1:pos:R:3:tags:I:1:forces:R:3 energy=-304.49608389 stress= -13.01973 -22.52442 1.28450 -1.00403 -0.47357 0.06813 pbc="T T T"
Mo        2.17384        12.75056        3.75285        1        -1.275785        0.628759        0.275608
Mo        5.25144        1.99038        4.02472        1        -0.689167        0.245692        0.018415
Mo        2.28722        4.42597        3.78198        1        -0.354523        0.068801        0.003599
Mo        5.42878        6.34130        3.94851        1        1.344571        0.760759        -0.259845
Mo        2.37774        8.76454        4.26913        1        0.014229        -1.463504        0.602203
Mo        5.35628        10.57985        3.88359        1        0.946037        0.435376        1.276444
Mo        8.66043        12.73079        4.30370        1        0.014858        0.138376        -0.313689
Mo        11.53420        2.03503        4.34512        1        0.870117        -0.729517        0.131763
Mo        8.30477        3.96864        3.89915        1        0.469335        1.208428        0.750540
Mo        11.31959        6.19972        3.59682        1        -0.280822        -0.246136        0.770751
Mo        8.68180        8.57861        3.85558        1        -0.843998        -0.658869        -0.442951
Mo        11.45469        10.69175        3.87738        1        0.983109        1.109729        -0.865387
Mo        14.36881        12.65695        3.68288        1        1.862667        0.456722        0.450225
Mo        17.50747        2.24655        3.63522        1        -0.675923        0.643009        -1.032218
Mo        14.79689        4.46212        3.97954        1        -1.111875        0.116241        0.169140
Mo        17.61840        6.53135        4.07817        1        -0.147764        0.334045        -0.305757
Mo        14.35765        8.48282        4.09946        1        -0.322192        0.123000        -0.449262
Mo        17.52310        10.56323        3.62799        1        -0.348140        -0.180572        0.337424
Te        1.10011        2.36148        5.26163        2        1.275651        -0.668874        1.031449
Te        4.48570        4.35142        5.41202        2        -0.589820        -0.836886        1.459037
Te        1.24213        2.33896        1.98149        2        0.237206        -0.310048        0.251191
Te        4.37296        12.69743        2.24169        2        0.357257        -0.116572        -0.213218
Te        1.36230        6.41989        5.71388        2        0.404161        0.333929        0.477798
Te        4.74250        8.49825        5.84709        2        -0.849295        0.237944        -0.700074
Te        1.40551        6.76501        2.56703        2        0.067703        -0.093135        -1.230941
Te        4.46753        4.33649        2.22651        2        0.281271        -0.348144        -0.618339
Te        0.96813        10.81173        5.56106        2        1.059124        -0.004898        0.408317
Te        3.90130        0.00483        5.72072        2        1.459418        0.015439        -0.246851
Te        1.40186        10.45649        2.36080        2        0.261235        0.339384        -1.456447
Te        4.41221        8.43989        2.49350        2        0.278428        0.461658        -1.011758
Te        7.28069        2.15185        5.76364        2        0.428337        -0.684037        0.630924
Te        10.40827        4.11010        5.55841        2        0.072852        0.781030        0.720155
Te        7.52668        1.82909        2.56155        2        -0.612836        -0.703041        -1.416735
Te        10.74158        0.23529        2.44189        2        -0.619395        -0.822359        0.276847
Te        7.62990        6.47963        5.64373        2        -0.008746        -0.254602        -0.609364
Te        10.84163        8.71359        5.37412        2        -0.665886        -1.897080        1.038844
Te        7.87097        6.20876        2.21231        2        -0.962298        0.345424        0.717609
Te        10.47025        3.49344        2.31538        2        0.110770        1.709335        -0.484021
Te        7.70007        10.46897        5.71452        2        -0.568455        0.412898        -0.664507
Te        10.82773        12.65796        6.08011        2        -0.644238        0.009824        -1.228772
Te        7.70983        10.81637        2.31190        2        -0.305341        -0.208328        0.655149
Te        10.49972        8.32786        1.84293        2        0.197032        0.686297        0.924278
Te        13.88973        1.88328        5.79223        2        -0.242159        0.551463        -0.008830
Te        16.91837        4.35976        5.54208        2        -0.357198        -0.396790        0.407913
Te        13.78725        2.33129        2.70158        2        -0.594491        -0.074396        -1.570141
Te        16.32740        12.49173        1.75755        2        0.653909        0.290473        0.685508
Te        13.36021        6.30681        5.55094        2        0.192543        -0.033042        -0.284844
Te        16.62699        8.65488        5.69860        2        -0.329933        -0.122469        -0.442647
Te        13.44255        6.38457        2.06594        2        0.588056        -0.166135        0.572809
Te        16.66492        4.77168        2.05564        2        0.363837        -0.645539        0.475063
Te        13.65977        10.77343        5.49662        2        -0.115776        -0.477555        0.590813
Te        16.86859        12.74784        5.12042        2        -1.245733        0.380452        0.293720
Te        13.57908        10.57094        2.12454        2        -0.656016        -0.627700        0.152011
Te        16.39507        8.38757        2.36004        2        0.553372        -0.029001        -0.723617
