54
Lattice="20.324373841 0.000456147 -0.025753600 -0.000245476 10.927967962 0.000007040 0.013560576 0.000001770 30.000000000" Properties=species:S:1:pos:R:3:tags:I:1:forces:R:3 energy=-313.85431839 stress= -11.23938 -7.31497 0.62621 -1.09813 -1.11546 -0.29491 pbc="T T T"
Mo        2.35432        0.07048        3.58831        1        -0.700172        0.654808        1.975459
Mo        4.58295        1.59629        4.02254        1        1.265600        2.028788        0.021955
Mo        2.33565        3.64329        3.82949        1        0.478991        -0.380979        0.143753
Mo        4.77187        5.25993        4.23713        1        1.028131        0.461698        -0.994220
Mo        2.61781        7.06950        3.99904        1        -1.043965        -0.611512        -0.780510
Mo        4.83161        9.34725        4.15786        1        -1.246106        -0.328713        -0.269015
Mo        9.02667        0.05407        3.79798        1        -0.296162        -0.429723        1.853872
Mo        11.38810        2.24767        3.97565        1        -0.721229        0.114058        1.632608
Mo        8.82097        3.39619        3.97698        1        0.485046        0.627603        0.870430
Mo        11.38698        5.37046        4.26748        1        -0.109359        1.469263        -0.196122
Mo        9.22356        7.29544        4.20137        1        -0.857186        -0.485238        -0.501425
Mo        11.56390        8.92714        4.11682        1        -0.451660        -0.085679        -0.689727
Mo        15.67517        0.55267        3.68281        1        0.850573        -1.080623        0.817504
Mo        18.32177        2.19520        3.85989        1        1.127218        -1.247826        -1.217071
Mo        15.89731        3.72868        3.64642        1        -1.633377        0.058251        -0.149778
Mo        18.32701        5.41463        3.69084        1        0.693284        -0.108581        0.385580
Mo        15.73541        6.98944        3.69854        1        0.718545        -0.401687        -0.080130
Mo        18.43375        8.81315        3.54495        1        -0.136217        -0.713866        0.118950
Te        0.76403        1.82336        5.19507        2        -0.713033        0.002667        0.001927
Te        4.08363        3.59476        6.05412        2        -0.611270        -0.896684        -0.116631
Te        6.16928        0.03298        2.41674        2        0.977936        -0.337279        0.088533
Te        3.06119        1.86929        1.80599        2        -0.068683        0.227387        -0.364627
Te        0.85846        5.35042        5.42141        2        -0.477595        0.456598        -0.472869
Te        4.29421        7.33142        6.05956        2        -0.148428        0.042014        -0.479540
Te        6.21864        3.41770        2.57825        2        0.557654        0.466228        0.256383
Te        3.27040        5.41118        2.02728        2        -0.120960        0.143325        -0.372788
Te        0.76049        8.97923        4.86010        2        0.134578        0.340966        0.215711
Te        3.67147        0.24179        5.99825        2        0.087111        -1.869817        0.097752
Te        6.68411        7.26762        2.88244        2        -0.887986        -0.142683        0.147606
Te        2.99296        8.98540        1.99303        2        0.933702        -0.424087        0.480144
Te        7.31056        1.74021        5.54402        2        -0.322378        -0.627857        -0.528009
Te        10.57963        3.71570        6.11520        2        -0.197347        -0.521956        0.161562
Te        12.76561        0.18408        3.04052        2        1.156459        -0.293299        -0.976956
Te        9.54498        1.82946        2.01814        2        0.351774        0.060427        -1.632349
Te        7.32616        5.29426        5.39030        2        0.377890        0.371006        0.188355
Te        10.97452        7.65291        6.29656        2        -0.223165        -1.526378        -0.256607
Te        12.80090        3.84237        2.39225        2        0.591209        -0.288884        -0.229030
Te        9.66654        5.26411        2.19495        2        -0.342650        1.086107        0.238164
Te        7.32480        9.16208        5.42893        2        0.530777        0.489354        -0.086453
Te        10.82167        0.15289        5.82049        2        0.001878        -0.009706        -0.488937
Te        13.22400        7.10843        2.73512        2        -1.208403        0.753238        -0.334676
Te        9.57595        8.97447        2.13485        2        0.631227        -0.058372        -0.195731
Te        14.26489        2.00748        5.44672        2        -0.057815        0.410563        -0.827430
Te        17.49910        3.70747        5.69156        2        0.210182        0.894517        1.783112
Te        19.93425        0.19881        2.56827        2        -0.352541        -0.687182        -0.149101
Te        16.67933        2.02095        1.74863        2        -0.083756        -0.154648        -0.624663
Te        13.97675        5.45389        5.25966        2        1.326194        -0.253235        0.287312
Te        17.62940        7.17754        5.57710        2        -0.002379        0.179481        0.325092
Te        20.13256        3.61462        2.21379        2        -0.404558        0.345775        0.741576
Te        16.60124        5.40325        1.64806        2        -0.185552        0.376752        0.040222
Te        14.49965        9.15989        4.95259        2        -0.359188        0.210946        0.148526
Te        17.72631        10.61104        5.38139        2        -0.543274        1.985891        0.251482
Te        20.01854        7.17919        2.30254        2        0.871568        -0.586895        -0.022641
Te        16.45342        9.08993        1.91286        2        -0.856722        0.289317        -0.205829
