54
Lattice="18.429676749 0.000008540 -0.000615361 -0.000005198 11.703913521 0.000045896 0.042448411 0.000094922 30.000000000" Properties=species:S:1:pos:R:3:tags:I:1:forces:R:3 energy=-317.91118071 stress= -6.38446 -17.61389 0.09761 1.37331 2.20884 -0.05944 pbc="T T T"
Mo        2.24046        11.63054        4.09445        1        -0.077753        0.784860        -0.390207
Mo        5.29739        1.91946        4.05073        1        0.121277        -0.026630        -0.942453
Mo        2.27760        3.90722        3.73241        1        -0.711429        0.193054        -0.322555
Mo        5.33600        5.80236        3.89000        1        0.223406        -0.183674        0.386280
Mo        2.14085        7.86203        3.94161        1        1.071876        -0.805412        -0.863578
Mo        5.30380        9.74600        4.08224        1        0.223861        -0.661033        0.058522
Mo        8.50059        0.03213        3.92731        1        -0.124503        -0.121558        -0.106593
Mo        11.68668        1.87870        3.83924        1        -0.690406        -0.151804        0.887131
Mo        8.50455        4.01204        4.18067        1        -0.859073        -0.537070        -0.905416
Mo        11.60978        5.92114        3.99877        1        -0.134230        -0.198090        0.737397
Mo        8.49339        7.78913        4.08640        1        -0.624131        0.089495        -0.321191
Mo        11.45754        9.74317        3.84657        1        0.970506        -0.367454        0.746417
Mo        14.64588        0.01900        3.90065        1        0.557938        0.817671        -0.757705
Mo        17.65330        1.93459        3.73152        1        0.380234        -0.010427        0.227917
Mo        14.54491        3.84984        3.89715        1        0.136440        0.994611        0.019709
Mo        17.65644        5.86941        3.75366        1        -0.372871        -0.321239        0.253927
Mo        14.67368        7.81765        3.95905        1        -0.142900        0.808624        -0.680370
Mo        17.72770        9.65892        3.84383        1        -0.896646        0.828142        0.222038
Te        1.18805        2.16581        5.61851        2        0.344590        -0.841218        -0.340676
Te        4.18416        3.89004        5.57996        2        0.772001        0.064500        0.622259
Te        1.40456        1.83432        2.11115        2        -0.093542        -0.046036        0.214835
Te        4.36172        11.57985        2.34127        2        0.069040        0.600270        0.001610
Te        1.27014        5.75991        5.46617        2        -0.058474        0.306254        0.765013
Te        4.32353        7.64377        5.69184        2        -0.428137        0.542209        -0.029635
Te        1.24140        5.92365        1.97374        2        0.515558        0.050234        0.383484
Te        4.39265        3.91429        2.09402        2        0.462561        -0.480449        0.094847
Te        1.17806        9.61443        5.72957        2        0.336122        0.551016        0.527663
Te        4.28465        11.65379        5.84398        2        0.294879        0.199519        0.032033
Te        1.39666        9.93017        2.18768        2        -0.218804        -0.924914        -0.255604
Te        4.34029        7.73382        2.28587        2        -0.072735        0.725188        -0.240415
Te        7.47517        1.86420        5.72231        2        -0.076939        0.480197        0.249032
Te        10.58409        3.82941        5.81271        2        0.868315        0.200346        -0.345035
Te        7.51545        2.12410        2.32482        2        -0.239844        -0.318392        0.305723
Te        10.53689        11.54183        2.07511        2        -0.207436        1.029061        0.033560
Te        7.29885        5.89824        5.81210        2        0.530524        0.004415        -0.172452
Te        10.56628        7.85686        5.76824        2        0.386281        -0.014423        -0.163473
Te        7.55375        5.91824        2.26245        2        -0.134291        -0.374966        0.423384
Te        10.60574        3.89573        2.41469        2        -0.162084        0.431567        -0.767630
Te        7.45526        9.83784        5.78116        2        0.248233        -0.154990        -0.212275
Te        10.64366        0.04799        5.57729        2        -0.188682        -0.366467        0.344269
Te        7.42884        9.70954        2.36607        2        0.077694        0.034801        -0.220199
Te        10.52342        7.68669        2.19572        2        -0.066186        0.389384        0.260823
Te        13.70214        1.88632        5.68947        2        -0.242724        0.218202        -0.172572
Te        16.66794        3.81274        5.47998        2        0.292881        0.517541        0.524125
Te        13.74562        2.00771        2.12834        2        -0.350665        -0.562698        -0.522239
Te        16.70773        11.66348        1.99338        2        -0.048753        -0.223637        0.797722
Te        13.69407        5.91748        5.75614        2        -0.095626        -0.295295        -0.416301
Te        16.70843        7.63002        5.61577        2        0.512173        0.692218        0.280163
Te        13.71236        6.01324        2.24415        2        -0.616925        -0.827731        -0.298336
Te        16.68237        3.94902        2.11979        2        -0.503809        -0.384622        -0.583780
Te        13.69154        9.84983        5.58517        2        -0.613900        -0.526607        0.183417
Te        16.76825        0.06659        5.55212        2        0.132070        -0.593988        -0.059868
Te        13.64703        9.93532        2.13119        2        -0.294056        -1.098310        0.254159
Te        16.70428        7.85674        2.05754        2        -0.231407        -0.115444        0.235104
