54
Lattice="19.174335959 0.000456436 -0.025753600 -0.000245188 11.746062056 0.000007040 0.013560858 0.000001769 30.000000000" Properties=species:S:1:pos:R:3:tags:I:1:forces:R:3 energy=-315.60604762 stress= -8.56022 -14.76158 -0.35874 -0.52620 0.87644 0.10316 pbc="T T T"
Mo        2.29298        0.34255        3.81296        1        -0.709005        0.378723        -0.486525
Mo        4.48887        2.17282        4.02645        1        0.073218        0.194128        -0.431789
Mo        2.15328        3.90856        3.71979        1        0.492304        0.327926        -0.241517
Mo        4.56599        5.53865        3.83873        1        -0.736891        0.150212        0.812172
Mo        2.17386        7.50453        3.78972        1        0.420572        -0.029999        -0.173912
Mo        4.15110        9.85891        4.15885        1        -0.919936        -1.148397        0.077841
Mo        8.40875        11.48969        3.77134        1        0.812636        -0.073568        1.013545
Mo        10.82798        1.72147        3.95939        1        0.193150        -0.496938        1.548624
Mo        8.86265        3.81935        3.53799        1        -0.574925        -0.211431        -0.723375
Mo        10.84595        6.13192        4.11031        1        -0.441837        1.035076        0.224904
Mo        8.38822        8.03300        3.85307        1        0.525385        0.500259        -0.167764
Mo        10.72434        9.87874        4.12603        1        0.424415        -0.193105        -0.947584
Mo        15.15446        11.50330        3.81247        1        -1.195648        -0.138939        0.620134
Mo        17.18987        2.12759        4.18253        1        -0.615944        -0.340960        -0.292135
Mo        14.77759        4.14460        3.77847        1        0.136051        -0.059742        0.962797
Mo        17.08013        5.68092        4.13514        1        1.048018        -0.066335        -0.145452
Mo        14.96616        7.79383        3.92764        1        0.306123        -0.084271        -0.319585
Mo        17.50138        9.99282        3.89077        1        0.524341        0.345832        -0.033255
Te        0.58037        2.14796        5.27357        2        0.466389        -0.537051        0.323874
Te        3.72448        3.95072        5.91456        2        0.420522        0.035270        -0.054052
Te        5.77879        11.69306        2.82085        2        -0.235016        0.142332        -0.592942
Te        2.90890        2.08565        1.79686        2        -0.229116        -0.118058        0.330372
Te        0.59092        5.68123        5.30246        2        0.296693        0.361318        -0.010059
Te        4.03277        7.50833        5.80210        2        -0.407651        0.198094        -0.606063
Te        6.10632        3.75018        2.46500        2        0.563802        0.233646        -0.144023
Te        2.90304        5.80887        1.77085        2        -0.597743        -0.109807        0.133036
Te        1.10250        9.76067        5.20115        2        0.091354        0.412781        -0.067459
Te        4.00098        0.23716        5.85047        2        -0.227743        0.091354        0.794391
Te        5.67146        7.82652        2.57882        2        0.295397        0.348819        0.450392
Te        2.39935        9.85318        2.08496        2        0.675704        -0.237798        0.082775
Te        7.24876        1.99959        5.08802        2        -0.222442        0.064590        -0.166473
Te        10.25340        3.94936        5.71717        2        0.609275        -0.329833        0.517441
Te        12.39231        11.58731        2.68145        2        0.496136        -0.069320        -0.251600
Te        9.23778        1.56697        1.91774        2        -0.539474        0.598771        -0.808819
Te        7.17727        5.79055        4.82625        2        0.100316        -0.449583        0.227008
Te        10.13239        8.07723        5.96994        2        -0.164226        -0.860695        0.315875
Te        12.09832        3.99687        2.68086        2        -0.040392        0.101073        -0.062925
Te        9.18890        6.09124        2.05228        2        -0.211459        0.006220        -0.519580
Te        6.69742        9.79744        5.18874        2        0.590341        -0.344902        0.203430
Te        10.05691        11.70903        5.97703        2        0.022725        0.544187        -0.322181
Te        12.39538        7.96907        2.55400        2        0.034802        -0.366618        0.658105
Te        9.09741        9.66673        1.86826        2        0.129379        0.297892        0.117457
Te        13.47803        1.91648        4.88015        2        0.106703        -0.282536        -0.080020
Te        16.31073        3.93169        6.06930        2        0.190208        -0.120434        -0.343594
Te        18.88721        0.26784        2.50813        2        -0.338436        -0.322053        0.476708
Te        15.49855        1.93387        2.10763        2        0.085167        0.198815        0.118973
Te        13.39418        5.96404        5.52953        2        -0.107163        0.216830        -0.953541
Te        17.06419        7.92382        5.70547        2        -0.878329        0.078271        0.570198
Te        18.68173        3.94456        2.62833        2        -0.255229        -0.063402        -0.531854
Te        15.62907        5.89400        1.92086        2        -0.560963        0.216707        0.011802
Te        13.47767        9.82876        5.52002        2        0.233636        -0.033251        -0.782379
Te        16.79930        11.67699        5.93432        2        0.034276        0.264216        -0.248112
Te        18.73329        7.70145        2.87466        2        -0.133680        -0.181743        -0.084211
Te        15.68194        9.65639        1.94245        2        -0.091811        -0.081065        0.014292
