54
Lattice="18.429676749 0.000008540 -0.000615361 -0.000005198 11.278316666 0.000045896 0.042448411 0.000094922 30.000000000" Properties=species:S:1:pos:R:3:tags:I:1:forces:R:3 energy=-320.85500956 stress= -3.89877 -12.09939 -0.41681 0.15610 -0.00249 -0.16280 pbc="T T T"
Mo        2.25757        11.27655        3.86872        1        0.867275        -0.222830        0.135331
Mo        5.35886        1.86768        3.70615        1        -0.126586        0.477368        0.851383
Mo        2.37679        3.86738        3.97626        1        0.227199        -1.089817        -0.120220
Mo        5.46114        5.67551        3.99657        1        -0.093008        0.118608        -0.389837
Mo        2.21316        7.46945        4.06836        1        0.278744        0.493427        -0.047028
Mo        5.36928        9.41481        3.89152        1        -0.193703        0.885389        -0.328540
Mo        8.55081        0.02373        3.81286        1        -0.366427        -0.290295        0.234892
Mo        11.54747        1.94619        3.93140        1        -0.372904        -0.591877        -0.769525
Mo        8.33907        3.80260        3.89559        1        0.120625        -0.368757        -0.383934
Mo        11.46869        5.63199        4.02983        1        0.400652        0.199333        -1.112858
Mo        8.46122        7.45592        3.91489        1        0.348800        -0.300155        -0.507932
Mo        11.59350        9.44061        3.97940        1        -0.308598        0.130822        -0.513913
Mo        14.65360        11.21573        3.79100        1        0.271831        -0.041697        1.222959
Mo        17.68328        1.84086        3.88785        1        -0.215422        0.260558        0.597391
Mo        14.56832        3.75958        3.94396        1        0.625315        0.222140        0.471989
Mo        17.70101        5.58165        4.08108        1        -0.433814        -0.091302        -0.615564
Mo        14.53158        7.46849        4.01302        1        0.136335        -0.080707        -0.071242
Mo        17.73800        9.37064        3.97373        1        -0.347714        0.371160        -0.157579
Te        1.37592        1.91291        5.56640        2        -0.233341        -0.122768        0.838550
Te        4.51992        3.74549        5.73200        2        -0.282728        -0.080316        -0.714614
Te        1.33902        1.95233        2.13142        2        -0.042411        0.111506        0.226368
Te        4.20717        0.05087        1.96087        2        0.731343        -0.479908        0.639869
Te        1.31376        5.52508        5.78449        2        0.187490        0.575666        0.943660
Te        4.41526        7.63758        5.71615        2        -0.107885        -0.533978        0.187294
Te        1.29882        5.58055        2.27254        2        -0.362946        0.732437        -0.569654
Te        4.33985        3.91959        2.13656        2        0.564186        -0.153625        -0.002036
Te        1.27836        9.50219        5.79063        2        0.527177        -0.359627        -0.127546
Te        4.49648        0.09725        5.61081        2        -0.851206        -0.371267        -0.408523
Te        1.30823        9.28719        2.19085        2        0.064235        0.052643        -0.087037
Te        4.26958        7.54701        2.29537        2        0.262588        -0.459129        -0.449530
Te        7.35852        1.81868        5.59290        2        0.403532        0.017513        -0.422796
Te        10.35837        3.70520        5.65586        2        0.677537        0.135266        0.494973
Te        7.52074        1.93825        2.05116        2        -0.275586        -0.419699        -0.057887
Te        10.67838        0.06401        2.10458        2        -0.189056        -0.186086        0.361229
Te        7.54730        5.56881        5.75588        2        -0.535670        0.697630        0.022974
Te        10.50853        7.57908        5.70238        2        0.075120        -0.130642        0.233248
Te        7.45932        5.67713        2.05780        2        -0.377977        0.019667        0.558404
Te        10.40998        3.86209        2.16842        2        0.730557        -0.252896        0.160058
Te        7.52492        9.34939        5.55284        2        -0.250698        0.651075        0.527046
Te        10.52012        0.01634        5.74888        2        0.120149        0.309536        -0.655685
Te        7.44759        9.30876        2.13860        2        0.193801        0.424926        -0.137060
Te        10.59938        7.56686        2.17482        2        -0.132180        -0.247048        0.457191
Te        13.62730        1.83242        5.59352        2        0.160022        -0.200918        0.489636
Te        16.62511        3.74799        5.79108        2        0.035644        -0.512743        -0.357832
Te        13.71171        1.89807        2.11120        2        -0.611810        0.019106        0.150903
Te        16.81539        11.21549        2.10081        2        -0.338005        -0.075882        0.107664
Te        13.52607        5.67530        5.79392        2        0.086828        -0.650121        -0.079892
Te        16.67294        7.56464        5.74599        2        -0.026783        -0.407776        0.213863
Te        13.59846        5.54263        2.16635        2        -0.500526        0.556092        0.451443
Te        16.69755        3.72230        2.23032        2        -0.117923        0.510830        -0.114746
Te        13.64518        9.36256        5.75941        2        -0.009556        0.544772        -0.313622
Te        16.71484        11.20460        5.65502        2        -0.423018        0.572176        0.026121
Te        13.64962        9.29528        2.17481        2        -0.226309        0.065880        -0.264188
Te        16.65337        7.48456        2.37012        2        0.245867        -0.438607        -0.834126
