54
Lattice="18.429676749 0.000008540 -0.000615361 -0.000005198 10.639921383 0.000045896 0.042448411 0.000094922 30.000000000" Properties=species:S:1:pos:R:3:tags:I:1:forces:R:3 energy=-319.32327190 stress= 2.96675 3.43701 4.35511 -5.17060 -2.09208 -0.38658 pbc="T T T"
Mo        2.30801        10.62362        4.02643        1        0.739254        1.556819        -2.313693
Mo        5.43410        1.80390        4.04628        1        0.312138        -0.178158        -0.303883
Mo        2.32391        3.67443        3.95207        1        -0.436752        -1.644761        0.094333
Mo        5.42173        5.45142        4.07940        1        -0.403175        0.670432        -1.703765
Mo        2.40259        7.14734        4.05887        1        -1.046116        -0.087068        0.075427
Mo        5.36992        8.78094        4.06077        1        0.639395        1.070728        -1.271783
Mo        8.36349        0.04457        3.76532        1        1.062715        -0.149907        1.064418
Mo        11.74022        1.84909        3.86623        1        -1.595514        -0.363453        -0.652755
Mo        8.55047        3.39994        3.83017        1        -0.750654        -0.727163        -0.605285
Mo        11.44974        5.27385        3.81996        1        1.900951        1.115838        -0.989318
Mo        8.51196        6.95599        3.92763        1        -1.152345        -0.360380        1.826703
Mo        11.27795        8.92361        3.90022        1        1.383513        -1.211018        1.520846
Mo        14.55512        10.57095        3.93137        1        0.439023        0.832678        0.136585
Mo        17.75368        1.88015        3.98245        1        -0.652956        -1.826983        0.104873
Mo        14.69987        3.44121        3.87322        1        1.042128        -0.733456        -0.544667
Mo        17.56741        5.33855        3.92055        1        1.056013        0.630998        0.930977
Mo        14.65868        7.09591        3.79925        1        0.275223        0.548265        -0.119328
Mo        17.80684        8.95024        3.85903        1        -0.848357        -0.755099        1.762339
Te        1.25095        1.81640        5.76234        2        1.199285        0.378447        0.304807
Te        4.28586        3.79907        5.69423        2        0.380069        -1.535743        1.571951
Te        1.24453        1.77602        2.13325        2        1.251560        0.152628        0.253332
Te        4.43678        10.54753        2.20076        2        -0.486361        0.483700        0.591456
Te        1.25473        5.33396        5.90418        2        -0.151956        0.530637        -1.149237
Te        4.44668        7.29864        5.92268        2        -0.571545        -1.492775        0.685923
Te        1.20899        5.30264        2.23143        2        0.713845        0.876124        -0.405957
Te        4.58782        3.56158        2.27450        2        -1.649659        0.613335        -0.415336
Te        1.38155        9.08189        5.78988        2        -0.968042        -2.010388        0.928884
Te        4.38916        0.07963        5.78679        2        -0.121686        -0.347542        0.329835
Te        1.32335        8.82245        2.11379        2        0.951053        0.400860        0.132426
Te        4.24062        7.08379        2.12782        2        0.879029        0.053009        0.556621
Te        7.48895        1.56751        5.84684        2        -0.145272        1.238318        -0.928142
Te        10.62964        3.58605        5.52953        2        -0.634792        -0.701184        1.910556
Te        7.28656        1.72163        2.00143        2        0.565627        0.237358        0.212056
Te        10.58952        10.59688        2.06554        2        -1.165715        1.388318        -0.545476
Te        7.48491        5.02811        5.66867        2        0.598490        1.054729        0.776680
Te        10.50290        7.00172        5.72462        2        0.154936        0.208519        0.319120
Te        7.31267        5.29805        2.12026        2        0.874826        -0.303248        0.218547
Te        10.61584        3.48985        1.94097        2        -0.485473        -0.027118        0.365928
Te        7.58612        8.91637        5.73067        2        -0.382781        -0.753873        -0.372885
Te        10.41652        0.26464        5.62364        2        0.309099        -0.934754        -0.112020
Te        7.41498        8.65490        2.26108        2        -0.578281        0.876428        -1.067853
Te        10.36460        7.07367        2.16515        2        0.848405        -0.052936        -1.672977
Te        13.71225        1.81682        5.69225        2        -0.320953        -0.617355        0.864326
Te        16.77096        3.50915        5.74840        2        -1.081527        0.818663        0.705211
Te        13.65250        1.65923        2.09630        2        0.630941        0.235979        -1.042382
Te        16.63713        0.07556        2.24236        2        0.297961        -0.101634        -0.672412
Te        13.72725        5.25372        5.45357        2        -1.146424        0.728671        1.417243
Te        16.62404        7.19745        5.70723        2        0.150330        0.039575        -0.503179
Te        13.68762        5.17206        2.06562        2        -0.470792        0.725117        -0.151717
Te        16.77533        3.47257        2.18589        2        -0.640769        0.746929        -1.560344
Te        13.45386        8.92189        5.65265        2        -0.224398        -1.120025        0.165784
Te        16.68982        0.02007        5.83836        2        -0.129467        -0.074775        -1.099079
Te        13.34799        8.80495        2.16669        2        0.838563        0.088038        -0.425811
Te        16.88112        7.17819        1.96290        2        -1.245664        -0.174409        0.798861
