54
Lattice="19.557416337 0.000456147 -0.025753600 -0.000245476 10.515591813 0.000007040 0.013560576 0.000001770 30.000000000" Properties=species:S:1:pos:R:3:tags:I:1:forces:R:3 energy=-315.15680333 stress= -5.38077 -2.57783 -3.70687 1.06642 0.52242 -0.44991 pbc="T T T"
Mo        2.05395        10.39433        4.03426        1        1.292162        1.093455        0.154133
Mo        4.47538        1.91325        4.17169        1        0.195772        -1.015083        -0.480407
Mo        2.22836        3.67238        3.86224        1        0.819091        0.331985        0.045278
Mo        4.64887        5.38499        4.09485        1        -1.383354        -1.110369        -2.403715
Mo        2.26512        6.87033        3.84612        1        0.073055        1.017937        -0.863084
Mo        4.58900        8.89168        4.04855        1        -0.890561        -0.750124        -0.615085
Mo        8.62209        10.25595        3.72727        1        1.882849        0.820071        -2.048197
Mo        11.03727        1.98589        3.92162        1        -0.269013        -1.548102        -0.799495
Mo        8.75264        3.43642        3.53632        1        0.249620        0.353430        1.684500
Mo        10.98607        5.23159        4.20146        1        0.504419        0.297259        -0.110320
Mo        8.89156        7.03716        3.80658        1        -1.433821        -1.554410        0.212144
Mo        10.97750        8.67539        3.91167        1        0.592173        -0.438868        1.002393
Mo        15.20074        0.10115        3.67752        1        0.340426        -0.473474        1.549462
Mo        17.55494        1.64489        3.97271        1        -1.227093        1.107057        1.366467
Mo        15.23625        3.55918        3.84854        1        0.728270        -0.975802        1.047941
Mo        17.84364        5.21553        4.05808        1        -2.363687        0.728208        -0.906800
Mo        15.23745        7.22976        3.73844        1        -0.184165        -0.909110        -0.621753
Mo        17.54423        8.91320        4.05074        1        0.941987        -0.918980        1.343920
Te        0.47525        1.97234        5.22964        2        0.713426        -0.993214        1.210926
Te        3.91725        3.65971        6.11333        2        -0.538196        -0.429038        -0.511545
Te        6.03206        0.09000        2.37577        2        -0.014730        -0.224333        0.496453
Te        2.79169        1.74240        2.08417        2        0.228057        -0.034852        0.025198
Te        0.71241        5.41428        5.49988        2        -0.362342        -0.367599        0.181137
Te        3.96635        6.92861        5.92440        2        -0.428938        2.150325        1.754663
Te        6.06485        3.79560        2.52038        2        0.756423        -1.790913        -0.852156
Te        3.14656        5.32175        1.69149        2        -0.663681        -0.167282        1.787254
Te        0.65162        8.74101        5.50295        2        -1.073503        -0.453899        0.011710
Te        3.83013        10.44585        6.19110        2        0.257861        0.552279        -1.350028
Te        6.40939        7.00414        2.39499        2        -0.733835        0.037242        0.547091
Te        2.62179        8.83987        2.00781        2        0.935814        -0.378673        -0.171105
Te        7.21927        1.63515        4.96098        2        -0.897869        0.869482        0.920048
Te        10.15255        3.35138        6.00114        2        -0.137533        0.811404        -0.400408
Te        12.56575        10.50060        2.51150        2        0.214601        0.161820        -0.637004
Te        9.45112        1.53457        1.65351        2        -0.156466        0.380213        0.911880
Te        6.89237        5.08861        5.50631        2        2.123799        0.639570        -0.356457
Te        10.27096        7.12019        6.22018        2        0.399632        -0.469741        -1.570803
Te        12.83183        3.49920        2.56978        2        -0.885461        0.434219        -0.397541
Te        9.68879        5.27165        1.79468        2        -0.400880        -0.440997        0.539004
Te        7.13221        8.66854        5.15851        2        -0.673413        -0.207626        1.328416
Te        10.38556        0.01991        5.81194        2        -0.143766        -0.089428        -0.411977
Te        12.64439        6.80257        2.53865        2        0.250130        0.755398        -0.178023
Te        9.44193        8.43514        1.66140        2        -0.040692        1.641860        0.273934
Te        13.47893        1.74821        5.28518        2        0.747518        -0.025565        0.058244
Te        17.08192        3.49542        5.93761        2        -0.650176        -0.304236        0.274634
Te        19.18672        0.20552        2.56284        2        0.550972        -1.730109        -0.782090
Te        15.92816        1.81700        1.74526        2        -0.054270        0.104857        0.664420
Te        13.73097        5.27603        5.38506        2        -0.305431        0.165596        0.159045
Te        16.70183        6.99581        5.88277        2        0.931034        0.231073        0.216619
Te        19.27224        3.49565        2.60452        2        0.058980        0.155570        -1.026963
Te        15.86590        5.17794        1.94814        2        0.943913        1.289963        -0.316257
Te        13.48082        8.74132        5.23995        2        0.397536        0.334056        -0.072082
Te        16.71937        10.30513        6.32462        2        0.181259        0.937544        -2.536808
Te        19.29085        6.85895        2.31791        2        -0.048268        0.797289        0.832127
Te        16.27966        8.90496        1.78758        2        -1.335754        -0.390670        -0.191241
