54
Lattice="19.174335959 0.000456436 -0.025753600 -0.000245188 12.055168952 0.000007040 0.013560858 0.000001769 30.000000000" Properties=species:S:1:pos:R:3:tags:I:1:forces:R:3 energy=-311.23105979 stress= -9.11822 -15.64488 -2.18723 -0.53349 1.35498 1.01109 pbc="T T T"
Mo        2.37679        0.03317        3.62837        1        -0.360154        1.161582        -0.820234
Mo        4.42231        2.11968        4.01574        1        -0.009304        -0.607045        -0.048965
Mo        2.03479        3.90038        3.98905        1        -0.203741        0.238948        -1.769556
Mo        4.23566        6.21745        4.13700        1        0.539740        -0.814017        0.494583
Mo        2.30596        7.86612        3.82017        1        -1.917425        0.572784        -0.063357
Mo        4.38839        9.73503        4.35028        1        0.627934        -0.899855        -1.103867
Mo        8.14503        11.32608        3.93917        1        0.772173        -0.451146        -0.341054
Mo        11.27107        2.90733        3.68994        1        0.047016        -0.632571        1.181282
Mo        8.43367        4.07205        3.88594        1        0.635264        1.565028        -0.830118
Mo        10.82250        6.10932        3.75916        1        0.687914        1.188138        -1.189859
Mo        8.64782        7.79681        3.72714        1        -0.542472        0.236364        0.733851
Mo        10.97583        9.84824        3.93406        1        -1.114626        -0.458322        -0.000844
Mo        14.86890        0.21956        4.05505        1        -0.642029        -0.726199        0.120890
Mo        17.19958        1.79755        4.05342        1        1.284684        0.270205        0.909209
Mo        15.06387        3.62996        3.90395        1        -0.133822        0.281010        0.471937
Mo        17.00615        5.99896        4.19021        1        0.508259        0.180707        1.151830
Mo        15.14585        8.26246        3.67672        1        0.258086        0.210262        -0.032002
Mo        17.11304        10.48723        3.94643        1        1.306375        -0.059341        1.490698
Te        0.72031        1.78673        5.06040        2        -0.393667        0.192911        0.359496
Te        3.80262        3.94152        5.92395        2        0.286971        0.267167        0.312280
Te        5.81358        11.78987        2.52420        2        -0.216037        0.331488        0.505334
Te        2.82280        2.25634        1.83305        2        -0.186071        -0.531702        0.911315
Te        0.48802        5.97943        5.35402        2        0.616045        -0.038140        -0.595267
Te        3.58238        7.92611        6.19554        2        0.061305        -0.029903        0.075405
Te        5.75042        4.26478        2.73805        2        0.237255        -0.747752        -0.019783
Te        2.55426        5.94880        1.88306        2        0.159368        -0.280022        1.185646
Te        0.66608        10.13729        4.62376        2        0.349893        -0.417549        0.423783
Te        3.80054        11.85079        5.79667        2        0.409143        1.208156        0.973514
Te        5.86930        7.84966        2.87953        2        0.633530        0.750308        -0.944235
Te        3.08239        10.08692        2.03715        2        -0.290367        -1.040370        -0.322302
Te        7.15423        1.75278        4.85546        2        -0.782942        0.474519        0.143529
Te        10.43914        4.48126        5.70161        2        -0.491464        -0.811852        0.740913
Te        12.21031        0.30248        3.02581        2        0.626794        -0.168071        0.161390
Te        9.23579        1.84649        2.48453        2        -0.719635        0.196173        -0.513865
Te        6.86875        5.97899        5.41713        2        0.517369        -0.269287        -0.228626
Te        10.43297        7.96332        5.80135        2        -0.065428        0.026124        -0.548527
Te        12.33320        4.34189        1.91465        2        0.235651        0.686266        0.232837
Te        8.90960        6.00722        1.73226        2        0.347209        -0.759020        1.106143
Te        7.17299        9.55444        5.59461        2        -0.584691        0.028562        0.010157
Te        10.17954        0.05761        5.41774        2        0.281892        -0.636845        -0.287110
Te        12.60421        8.18060        2.33271        2        -0.346692        -0.083191        0.357083
Te        9.09319        9.76324        1.88865        2        0.107653        0.078138        0.466211
Te        13.33298        2.41302        5.65050        2        0.597930        -0.364268        -1.003364
Te        16.98328        3.88568        6.02719        2        -0.835798        -0.244703        -1.099676
Te        18.73947        0.00859        2.33773        2        0.042217        0.477287        0.182280
Te        15.63374        1.64647        2.03524        2        -1.043498        1.660747        -1.445087
Te        14.09079        6.03552        5.41140        2        0.566642        0.161063        -0.926394
Te        16.93089        8.37064        5.75516        2        -0.603203        -0.102590        -0.385573
Te        18.54090        3.90360        2.75234        2        0.178693        0.605946        0.086588
Te        15.52267        6.00122        2.09354        2        -0.452717        -0.373280        -0.538157
Te        13.43546        9.90552        5.19799        2        0.438990        0.329189        0.120721
Te        16.60986        0.21499        6.10878        2        0.026564        -0.887444        -0.255650
Te        18.61327        8.16398        2.46338        2        -0.402263        -0.313641        0.780993
Te        15.47384        10.45837        1.96642        2        -1.048169        -0.624058        -0.376131
