54
Lattice="19.174335959 0.000456436 -0.025753600 -0.000245188 11.952133320 0.000007040 0.013560858 0.000001769 30.000000000" Properties=species:S:1:pos:R:3:tags:I:1:forces:R:3 energy=-314.35735267 stress= -9.39908 -13.03406 0.38120 -1.27700 -0.21477 -1.46434 pbc="T T T"
Mo        2.01934        11.72289        3.83581        1        0.507957        0.228051        1.273513
Mo        4.14975        2.09567        4.41494        1        0.263881        0.206372        0.732719
Mo        2.41769        4.37834        3.75833        1        -0.186776        -0.241010        0.233695
Mo        4.50850        6.45544        4.06125        1        -1.200982        -0.075699        0.519361
Mo        1.95477        8.24668        3.83946        1        0.059193        -0.499300        0.638995
Mo        4.33229        9.77286        4.07238        1        0.237357        1.093731        -1.159048
Mo        8.28898        0.48112        3.89063        1        -0.017701        0.345325        0.432517
Mo        10.71838        2.03886        3.98360        1        -0.195454        1.547280        -0.791265
Mo        8.41488        3.93793        3.84219        1        0.742001        0.417123        0.217245
Mo        10.99291        5.76432        3.94595        1        -0.373433        0.102016        -1.076586
Mo        8.77444        7.74138        3.69531        1        -0.434567        -0.765929        -0.009497
Mo        11.24072        9.10252        3.84198        1        -0.014527        1.600685        0.305397
Mo        14.92791        0.14760        3.87088        1        0.290503        0.952394        -0.291848
Mo        17.26579        2.20824        3.85935        1        0.358337        0.335590        0.433506
Mo        14.92867        3.53420        3.66172        1        0.185779        1.021693        -0.024500
Mo        17.25108        5.58662        3.85626        1        0.043978        0.094868        1.199906
Mo        15.34009        7.73520        3.48879        1        -0.199679        -0.336928        -0.575333
Mo        16.98661        10.00769        4.28375        1        -0.040908        0.103297        0.071349
Te        1.01642        2.24935        5.14590        2        -0.046516        -0.225580        0.048185
Te        3.95395        4.41025        6.02139        2        -0.201837        -0.047699        -0.639976
Te        5.63441        0.19424        2.81562        2        0.055381        -0.023910        0.287276
Te        2.60679        1.95014        2.34186        2        0.312180        0.471565        -1.509568
Te        0.61525        6.04018        5.18193        2        -0.000003        -0.093670        -0.044725
Te        3.56956        8.23326        5.97712        2        0.078618        -1.222776        0.802984
Te        5.70436        4.18528        2.80589        2        -0.179984        -0.549490        0.019672
Te        2.67905        6.36760        1.93684        2        0.372518        -0.021087        0.095818
Te        0.39514        10.14400        5.49683        2        0.371247        -0.557899        -0.313990
Te        3.67469        11.71829        5.96262        2        0.238654        0.331411        -0.190592
Te        5.95894        8.05156        2.50901        2        0.541370        0.169776        -0.220442
Te        2.66134        9.97377        1.93314        2        0.109836        0.113519        -0.494518
Te        6.86659        2.22444        5.51313        2        0.024542        -0.427560        -0.659272
Te        10.45014        3.95106        5.87393        2        -0.919240        -0.036403        -0.354522
Te        12.34262        11.76215        3.11398        2        -0.049379        -0.309501        -0.262590
Te        8.91884        2.08380        1.81360        2        0.172872        0.201904        1.025174
Te        7.09497        6.10838        5.26296        2        0.026638        0.084251        0.036339
Te        10.41642        7.67296        5.83610        2        -0.115278        -0.649478        0.512875
Te        12.39190        3.79345        2.28811        2        -0.392511        -0.284577        0.349644
Te        9.16435        5.77277        1.85635        2        0.216573        0.082531        0.632933
Te        7.05572        9.95202        4.93019        2        0.438160        0.147918        -0.318421
Te        10.37827        11.83461        5.45741        2        -0.525806        -0.621715        0.354682
Te        12.65126        7.71409        2.28677        2        0.669057        -0.955724        -0.312377
Te        9.31118        9.97454        2.34977        2        -0.612370        0.430743        -0.357785
Te        13.29442        2.12884        5.25900        2        0.182691        -0.605122        0.216696
Te        16.59153        3.86740        5.85869        2        0.104951        0.442640        -0.260969
Te        18.64121        0.05022        3.00289        2        -0.427020        -0.608168        -0.441420
Te        15.55668        1.73261        1.80086        2        0.099668        0.136137        -0.339480
Te        13.65390        5.85408        4.89264        2        0.187470        -0.301930        0.101460
Te        16.66868        7.67967        5.78233        2        0.362801        -0.493855        0.090547
Te        19.02335        4.04311        2.44311        2        -0.337922        0.061538        0.040931
Te        15.65585        5.52652        1.74503        2        -0.232412        -0.008190        -0.074851
Te        14.25537        9.77163        5.18399        2        -0.154843        -0.250635        0.275259
Te        16.69935        0.36458        5.86748        2        -0.001794        0.012761        0.205186
Te        18.27841        8.07031        2.60369        2        -0.095186        -0.097747        0.141815
Te        15.62101        10.17693        2.04068        2        -0.293541        -0.432938        -0.616023
