54
Lattice="19.173937585 0.000456147 -0.025753600 -0.000245476 10.927967962 0.000007040 0.013560576 0.000001770 30.000000000" Properties=species:S:1:pos:R:3:tags:I:1:forces:R:3 energy=-317.32025943 stress= -2.72837 -8.37662 2.51991 1.74236 1.02371 -0.49829 pbc="T T T"
Mo        2.27250        0.12333        3.61962        1        -0.637303        -1.113993        0.798197
Mo        4.49732        2.01385        3.91759        1        0.166338        -1.091241        1.307762
Mo        1.95514        3.58709        3.78310        1        1.754619        -0.559750        1.380398
Mo        4.32439        5.33329        4.07462        1        0.158205        -0.374216        -0.293150
Mo        2.18008        7.55154        3.92654        1        -1.028288        -0.649538        -3.464430
Mo        4.57028        8.98599        4.00120        1        -0.665380        0.534784        -0.824227
Mo        8.57408        0.02900        3.79001        1        -0.334839        0.968167        0.494073
Mo        10.84449        1.77051        4.13137        1        -0.452428        -0.465766        -0.774317
Mo        8.64141        3.71996        3.78594        1        -0.249764        -0.219901        0.601349
Mo        10.86406        5.53460        4.10456        1        0.569248        -0.671904        -0.015858
Mo        8.60909        7.20953        3.97093        1        -0.420335        0.140911        -1.054511
Mo        10.92182        9.15247        3.91780        1        -0.736824        -0.021259        0.002050
Mo        14.87603        10.84622        3.80170        1        0.308192        1.216856        -2.773124
Mo        17.18554        1.67723        4.01916        1        0.372043        1.058745        0.091389
Mo        14.77515        3.36544        3.90019        1        1.018794        0.672154        0.907176
Mo        17.24761        5.27717        4.25996        1        -0.966106        0.911730        -1.518074
Mo        14.89379        7.35242        3.76912        1        1.812744        0.037751        1.250424
Mo        17.21669        9.28066        3.90946        1        0.045337        -1.066773        0.530083
Te        0.43619        1.73058        5.29850        2        1.155277        0.218818        0.048386
Te        3.75685        3.36497        6.03429        2        -0.448152        1.293450        -0.600099
Te        6.10974        0.27803        2.41796        2        -0.317609        -0.861541        0.145209
Te        2.91001        1.89190        1.87068        2        -0.370496        0.637139        -1.843386
Te        0.62915        5.53917        5.28035        2        0.167221        -0.181315        0.459398
Te        3.78370        7.17958        5.85942        2        0.827114        0.339628        2.154071
Te        6.05749        3.80527        2.53039        2        0.039160        0.029167        -0.587636
Te        2.67693        5.32822        1.87151        2        0.279191        1.144851        0.686880
Te        0.53531        9.27439        5.16779        2        0.415263        0.026499        0.736103
Te        3.77226        10.78131        5.80061        2        0.384453        1.094492        0.135489
Te        6.05683        7.26468        2.53789        2        0.320552        -0.570670        -0.077127
Te        3.09501        9.26756        1.71817        2        -0.629803        -0.658255        0.967235
Te        7.03534        1.92592        5.17424        2        -0.375475        -0.305156        0.797535
Te        10.27945        3.55332        6.01106        2        -0.294851        0.770801        -0.036395
Te        12.37066        0.11212        2.40144        2        0.143599        -0.444896        0.106660
Te        9.17488        1.85601        1.85545        2        0.357679        0.159248        0.542020
Te        6.82427        5.42561        5.42540        2        0.833791        0.009856        -0.209726
Te        10.55003        7.39201        5.92785        2        -0.697792        -0.044072        0.721201
Te        12.32345        3.56241        2.58562        2        0.505115        0.193798        -0.021199
Te        9.27552        5.49167        1.92995        2        -0.187221        0.532770        -0.204375
Te        7.00927        9.06267        5.26348        2        0.105025        0.250328        0.817997
Te        10.13153        10.78600        5.92637        2        0.434276        0.301314        0.358249
Te        12.49478        7.22330        2.53431        2        -0.623045        0.173743        -0.482876
Te        8.88100        9.16822        1.99642        2        0.999307        -1.369270        -0.940889
Te        13.39629        1.55231        5.55817        2        -0.380973        0.931341        -0.309539
Te        16.64331        3.44185        6.06181        2        -0.528200        0.039282        -0.248996
Te        18.84230        0.01492        2.47502        2        0.010727        0.297016        -0.797904
Te        15.70951        1.93393        1.88862        2        -0.951025        -1.035329        -0.467038
Te        13.43412        5.61414        5.45349        2        -0.069725        -0.736135        -0.401386
Te        16.65795        7.51726        6.02458        2        -0.235234        -0.835140        -1.396768
Te        18.76918        3.62400        2.41291        2        -0.842916        0.097918        0.307273
Te        15.56590        5.32754        2.05827        2        0.236460        0.129300        0.643725
Te        13.40482        9.24736        5.24716        2        -0.836659        -1.128093        0.918567
Te        16.43089        10.89621        5.86485        2        0.701661        -0.155733        1.634824
Te        18.88530        7.26186        2.53445        2        -0.560046        0.113485        0.247656
Te        15.57140        9.07678        1.81711        2        -0.269618        0.229207        -0.438955
