54
Lattice="19.535457354 0.000008540 -0.000615361 -0.000005198 10.639921383 0.000045896 0.042448411 0.000094922 30.000000000" Properties=species:S:1:pos:R:3:tags:I:1:forces:R:3 energy=-320.55575435 stress= -11.42603 -2.17737 3.06383 0.61756 0.47537 0.09231 pbc="T T T"
Mo        2.51541        10.61629        4.00186        1        -0.174917        0.528159        -0.018965
Mo        5.77133        1.84162        3.90730        1        0.373632        -0.597730        0.837606
Mo        2.52325        3.49056        3.96040        1        -0.178481        0.504564        0.211127
Mo        5.77678        5.29777        3.88455        1        -0.237704        0.079747        0.341839
Mo        2.58666        7.13293        3.91816        1        0.131277        -0.121838        -0.179604
Mo        5.93607        8.79513        3.85786        1        -1.133824        0.635113        -0.255759
Mo        9.03101        0.02675        3.99753        1        -0.046553        -0.238074        -1.065892
Mo        12.09418        1.81665        3.87373        1        0.084999        -0.532584        0.406219
Mo        9.01374        3.57255        3.93624        1        -0.539997        -0.089154        0.504946
Mo        12.23700        5.32013        3.91213        1        -0.895654        0.649748        -0.185628
Mo        8.95795        7.14165        4.00166        1        0.765040        -0.390329        -0.332402
Mo        12.32772        8.85701        3.83534        1        0.172877        -0.375439        0.214471
Mo        15.39333        10.59862        3.90427        1        0.445607        0.384089        0.236655
Mo        18.72326        1.73261        4.00925        1        0.116982        1.203853        -0.238032
Mo        15.38395        3.62791        3.86135        1        0.483651        -0.731633        0.810181
Mo        18.80634        5.32092        3.97127        1        -0.816005        -1.461547        0.311399
Mo        15.53926        7.06199        3.91283        1        -0.103271        1.077016        0.942020
Mo        18.93144        8.82189        3.91914        1        -1.140000        -0.381487        -0.810324
Te        1.35877        1.80704        5.77311        2        -0.012688        -0.418161        -0.118870
Te        4.57859        3.52348        5.71193        2        0.751871        0.165793        0.026694
Te        1.39348        1.76195        2.25900        2        -0.404613        -0.261755        -0.308197
Te        4.63119        0.06987        2.24350        2        0.436339        -0.582144        -0.359733
Te        1.45161        5.33031        5.69991        2        0.029976        0.139613        0.000833
Te        4.75765        7.11582        5.63602        2        -0.236824        -0.304842        0.176247
Te        1.33093        5.26549        2.28325        2        0.771197        0.382425        -0.797138
Te        4.64170        3.55697        2.15896        2        -0.165194        -0.022574        -0.325698
Te        1.38917        8.86632        5.67662        2        0.532477        -0.319657        0.839863
Te        4.69579        10.48741        5.66296        2        0.359719        0.790242        -0.117278
Te        1.61629        8.93986        2.12010        2        -0.812084        -0.491899        -0.055623
Te        4.74867        7.08632        2.06040        2        -0.151375        -0.065508        0.337293
Te        7.95412        1.73277        5.74262        2        -0.471492        0.739347        -0.154262
Te        11.11196        3.59348        5.67658        2        -0.040435        -0.217294        0.466892
Te        7.90369        1.82076        2.08121        2        0.044983        -0.177104        0.884042
Te        11.07451        10.57695        2.14041        2        0.272586        0.574751        -0.181111
Te        7.83404        5.34890        5.73652        2        0.216773        -0.306978        -0.156800
Te        11.19109        7.13376        5.63362        2        -0.177960        -0.094280        0.291995
Te        7.98059        5.34257        2.19114        2        -0.536531        0.114063        -0.176263
Te        11.03226        3.63987        2.16127        2        0.407288        -0.361572        -0.697799
Te        7.89400        8.91890        5.69523        2        0.190236        -0.111753        0.939672
Te        11.21036        10.49940        5.64219        2        -0.071881        0.943221        0.357504
Te        8.08929        8.89257        2.18487        2        -0.692577        0.173365        -0.654217
Te        11.02909        7.14852        2.11841        2        0.543466        -0.416649        0.372238
Te        14.23755        1.83572        5.61406        2        0.275971        -0.202772        0.020050
Te        17.51009        3.62725        5.74916        2        0.286216        -0.573447        -0.653531
Te        14.21809        1.76780        2.18351        2        0.431370        0.217624        -0.431482
Te        17.63586        0.00331        2.25174        2        0.154668        -0.434808        -0.513154
Te        14.27870        5.37838        5.67096        2        0.624748        -0.290697        0.425432
Te        17.70326        7.03102        5.69310        2        0.084258        0.624402        0.197773
Te        14.33485        5.44803        2.25056        2        -0.130961        -0.704743        -1.869737
Te        17.57248        3.44933        2.12498        2        0.360769        0.386607        0.759980
Te        14.47383        8.83072        5.73152        2        -0.376493        0.077093        -0.329369
Te        17.61706        10.54591        5.59499        2        -0.118375        -0.038395        0.799228
Te        14.47889        8.84696        2.08235        2        -0.130667        -0.082377        -0.019657
Te        17.66454        6.94049        2.22179        2        0.466712        1.002197        -0.717260
