54
Lattice="19.173937585 0.000456147 -0.025753600 -0.000245476 10.927967962 0.000007040 0.013560576 0.000001770 30.000000000" Properties=species:S:1:pos:R:3:tags:I:1:forces:R:3 energy=-317.41385887 stress= -3.55286 -9.22472 -1.21168 1.38851 -0.78864 -0.99891 pbc="T T T"
Mo        2.09810        10.91011        3.79128        1        0.897392        -0.542000        0.517222
Mo        4.40545        1.74906        4.11115        1        -0.941957        0.589125        -0.334184
Mo        1.95159        3.66624        3.87977        1        1.527156        -0.262150        0.784666
Mo        4.38886        5.23898        3.94300        1        0.213258        0.452977        1.130540
Mo        2.18918        7.40205        3.58385        1        1.575533        -0.636522        1.661516
Mo        4.38621        9.20757        3.83149        1        0.655627        0.105748        0.006149
Mo        8.75878        0.03217        3.65632        1        -0.880450        0.070922        0.904697
Mo        10.86506        2.02671        3.89421        1        0.268991        -0.484414        0.743395
Mo        8.45630        3.72873        3.54531        1        0.853272        -0.477807        0.456346
Mo        10.72495        5.55969        4.11286        1        0.517504        -0.481043        -0.161412
Mo        8.42613        7.39746        3.77950        1        0.908884        0.552084        0.326742
Mo        10.90665        9.02734        4.09436        1        -0.815312        0.595777        0.536380
Mo        14.87714        0.01566        3.89056        1        0.942063        -0.300142        -1.260751
Mo        17.13054        1.79755        4.02072        1        0.446690        -0.589988        -0.464663
Mo        14.93870        3.67007        3.89736        1        0.225749        -0.389298        -0.392670
Mo        17.29228        5.45191        4.15934        1        -0.877703        -0.116364        -0.225913
Mo        14.92453        7.31645        4.09772        1        0.963572        -0.650816        -2.421351
Mo        17.24448        8.98571        3.98393        1        -0.189092        1.181908        0.180609
Te        0.45316        1.60424        5.34554        2        0.386535        0.716545        0.085448
Te        3.80009        3.58390        6.11610        2        -0.256164        0.057594        -1.425394
Te        6.13874        0.16620        2.68476        2        -0.363946        -0.676972        -1.256721
Te        2.63144        1.92431        1.97079        2        0.380235        -0.573104        -0.138218
Te        0.61820        5.53043        5.38066        2        0.370442        -0.147487        0.075507
Te        4.06329        7.31061        5.80149        2        -0.782551        -0.332388        -1.002911
Te        5.81121        3.53682        2.35969        2        0.609554        0.160374        -0.128463
Te        2.83514        5.32011        1.81678        2        -0.688538        0.462321        0.139908
Te        0.64689        9.02908        5.34930        2        0.136726        0.133340        -0.211681
Te        3.97877        10.74793        5.95955        2        -1.009970        0.655808        -0.124290
Te        5.99030        7.25501        2.41033        2        -0.421827        0.254411        0.183730
Te        2.70932        9.27275        1.64973        2        0.197636        -0.321884        0.506928
Te        6.92235        1.79787        5.29524        2        1.052453        0.529275        -0.132330
Te        10.02083        3.59229        5.81773        2        -0.194808        0.586760        0.311230
Te        12.42397        0.04395        2.57981        2        -0.183464        -0.415028        -0.072339
Te        9.36357        1.83195        1.75696        2        -0.529646        0.495248        -0.805379
Te        7.04394        5.39265        5.13323        2        -1.104087        0.383313        0.548282
Te        10.05066        7.27991        6.02249        2        -0.134776        0.320504        -0.036410
Te        12.49392        3.51653        2.40321        2        0.121642        1.343022        0.126963
Te        9.31063        5.83570        1.84941        2        -0.160598        -1.477989        -0.401707
Te        6.86227        9.36560        5.29019        2        0.893038        -1.008844        -0.454967
Te        10.40564        0.12737        5.83416        2        -0.636293        -0.270570        -0.005923
Te        12.42593        7.32948        2.83851        2        0.932300        -0.979744        -1.296464
Te        9.50942        9.17441        1.76934        2        -0.695415        -0.188414        0.685443
Te        13.36893        1.71008        5.34877        2        -0.416037        1.103596        0.303805
Te        16.70844        3.46303        6.02029        2        -0.400383        1.091595        0.085245
Te        18.88269        10.69255        2.43457        2        -1.100865        0.882205        -0.102544
Te        15.48937        1.81486        1.85059        2        0.015916        0.074369        0.792163
Te        13.35794        5.45968        5.55754        2        -0.046979        -0.338318        -0.385341
Te        16.86531        7.38432        5.99491        2        -0.481716        -0.769196        1.187449
Te        18.69341        3.56693        2.53665        2        0.032388        0.282785        -0.220799
Te        15.66021        5.43371        1.96518        2        -0.337240        0.464686        0.943574
Te        13.51044        9.09347        5.44682        2        -1.112097        0.372733        0.910832
Te        16.56586        0.03658        5.97187        2        0.314931        -0.819756        -0.267916
Te        18.89082        7.22663        2.67200        2        -1.179813        -0.161347        -1.421415
Te        15.34208        9.11361        1.88977        2        0.481792        -0.502797        1.013373
