54
Lattice="19.904050889 0.000008540 -0.000615361 -0.000005198 11.491115093 0.000045896 0.042448411 0.000094922 30.000000000" Properties=species:S:1:pos:R:3:tags:I:1:forces:R:3 energy=-313.29687837 stress= -19.05167 -19.67537 -2.04269 -1.13144 0.36941 -0.04510 pbc="T T T"
Mo        2.45387        11.46978        3.84778        1        0.244804        0.382100        0.807218
Mo        5.83474        2.10008        4.02419        1        0.639699        -0.693045        -0.926294
Mo        2.39891        3.90731        4.07042        1        1.294406        0.061989        0.189871
Mo        5.93722        5.94975        4.12275        1        -0.768793        0.414055        0.170895
Mo        2.69475        7.86516        4.08516        1        -0.389574        -0.256022        1.268573
Mo        5.97877        9.58767        4.11671        1        -0.544186        0.492892        -0.672936
Mo        9.30267        0.03104        3.70014        1        -0.969805        -0.114427        -0.308773
Mo        12.29725        1.77506        3.74270        1        0.807951        1.050817        -1.371638
Mo        9.16512        3.87632        3.99876        1        -0.333205        -0.235886        -0.463674
Mo        12.48717        5.71027        3.69796        1        -0.699688        0.170539        -0.275151
Mo        9.33690        7.82044        4.05294        1        -0.388394        -1.178410        -0.095898
Mo        12.58043        9.45934        3.99123        1        -0.853805        1.363906        -1.773678
Mo        15.74488        11.25452        3.72399        1        -1.269977        -0.374255        -0.003882
Mo        19.06881        1.75319        3.78565        1        -0.062950        0.166692        0.568352
Mo        15.75310        3.65351        3.63730        1        -0.489624        0.200900        1.012959
Mo        19.05486        5.74050        4.12738        1        0.047884        -0.757329        -0.385006
Mo        15.65854        7.67148        3.98913        1        0.367420        -0.969796        -0.325078
Mo        19.14065        9.60156        4.10303        1        -0.272754        -1.370038        -0.048715
Te        1.38858        1.91216        5.60103        2        -0.503332        -0.388777        0.040541
Te        4.92475        4.00216        5.75067        2        -0.932378        -0.221911        0.208851
Te        1.45271        1.98859        2.18837        2        -0.132768        -0.100975        0.045869
Te        4.72320        0.00215        2.27831        2        0.445816        0.240319        0.346406
Te        1.32940        5.90063        5.75173        2        0.556597        -0.070325        0.332653
Te        4.95956        7.88030        6.05295        2        -0.358491        -0.390757        -1.266052
Te        1.50429        5.89442        2.48447        2        -0.501984        0.141681        -0.544977
Te        4.63155        4.05168        2.36338        2        0.339173        0.020437        0.327349
Te        1.42646        9.83749        5.85645        2        0.097542        -0.531892        -0.708531
Te        4.77339        0.08853        5.62256        2        -0.413151        0.155599        0.131866
Te        1.36434        9.40751        2.32084        2        0.133412        0.840367        -0.253107
Te        4.79734        7.90276        2.32566        2        0.209784        -0.787466        0.369761
Te        8.23283        1.73771        5.56436        2        -0.594691        0.983098        -0.047467
Te        11.41314        3.78832        5.49345        2        0.175277        -0.001239        0.073361
Te        7.94999        2.18693        2.06845        2        0.112549        -0.601565        1.035370
Te        11.39022        11.41109        1.88937        2        0.086099        -0.168828        0.975252
Te        8.23459        5.82325        5.80063        2        -0.072375        0.179519        -0.279671
Te        11.57840        7.56981        5.66477        2        -0.274625        -0.089561        -0.127180
Te        8.03505        5.83143        2.44801        2        0.418207        0.462550        -0.570980
Te        11.14822        3.90646        2.06510        2        0.439718        -0.384079        0.246053
Te        8.21437        9.78587        5.60819        2        0.466279        -0.138599        0.573723
Te        11.34882        0.09453        5.51633        2        0.008974        -1.083723        0.318859
Te        8.06030        9.44226        2.26570        2        0.139476        0.722166        -0.353520
Te        11.34759        7.82008        2.16668        2        0.146106        -0.803346        0.112197
Te        14.50000        1.72693        5.36873        2        0.611022        0.266536        -0.031770
Te        17.90959        3.57695        5.50189        2        -0.300047        0.252838        0.135214
Te        14.66072        1.66869        2.01276        2        -0.364157        0.234704        0.133813
Te        18.00813        11.20696        2.20716        2        0.305446        0.372850        -0.627899
Te        14.39348        5.53994        5.52085        2        1.664241        0.052824        -0.221063
Te        17.87333        7.58155        5.79229        2        -0.058819        0.418237        -0.187777
Te        14.84856        5.69827        1.98820        2        -0.625535        0.104846        0.864004
Te        18.02586        3.75012        2.15596        2        0.434943        0.219400        -0.125275
Te        14.55425        9.60286        5.71950        2        1.072292        -0.301738        -0.125065
Te        17.68212        11.39914        5.53353        2        1.146185        0.514694        0.816362
Te        14.60588        9.24975        1.99971        2        0.233939        0.744006        1.053974
Te        18.07884        7.52767        2.39506        2        -0.492763        0.778969        -0.057439
