54
Lattice="20.272644424 0.000008540 -0.000615361 -0.000005198 10.639921383 0.000045896 0.042448411 0.000094922 30.000000000" Properties=species:S:1:pos:R:3:tags:I:1:forces:R:3 energy=-315.40507289 stress= -15.88560 -3.63558 4.01504 2.25377 -0.67206 -0.25699 pbc="T T T"
Mo        2.65187        0.32398        3.83245        1        0.353331        0.969231        1.430136
Mo        6.00179        1.82056        3.86268        1        0.796383        -0.251158        -1.046820
Mo        2.56086        3.77374        3.75513        1        -0.314979        0.139812        -0.086140
Mo        6.13200        5.27612        3.76575        1        -0.205859        0.611326        0.330372
Mo        2.79198        7.36367        3.67641        1        -1.725101        -0.332668        1.576315
Mo        6.12394        8.91231        3.85236        1        0.227176        -0.884459        -0.383897
Mo        9.49007        10.55338        4.04623        1        0.520673        0.362683        -0.340371
Mo        12.66900        1.64601        4.02369        1        -0.508991        0.529481        0.593447
Mo        9.48417        3.58430        4.00834        1        -0.853187        -0.518982        0.059996
Mo        12.69173        5.14546        3.98920        1        -0.226627        -0.515962        0.446711
Mo        9.68275        7.08041        4.01327        1        -0.893555        -0.458407        -1.208085
Mo        12.83502        8.60819        3.98228        1        -0.188394        0.444038        -0.401768
Mo        15.94404        10.60784        4.06495        1        -0.798752        -0.579534        0.072216
Mo        19.17481        1.79301        3.86241        1        0.548851        -0.229991        -0.145757
Mo        15.86943        3.37897        4.06298        1        0.488042        0.125000        -0.890494
Mo        19.39514        5.40979        3.91181        1        -0.065794        -0.116612        0.705750
Mo        16.04510        7.02589        4.03016        1        0.885615        -0.806841        -0.256120
Mo        19.37689        8.86210        3.92024        1        -0.236556        0.191857        0.477577
Te        1.32840        2.09202        5.56996        2        -0.071242        -0.433825        -0.292256
Te        4.81352        3.60090        5.41674        2        -0.261860        0.192944        0.960416
Te        1.07586        2.04745        2.22436        2        0.817824        -0.148176        -0.780590
Te        5.01426        0.05950        2.11905        2        -0.542893        -0.105539        -0.453651
Te        1.54741        5.49855        5.54822        2        -0.154857        0.677182        -0.268553
Te        4.82092        7.11708        5.44227        2        0.904275        -0.147611        0.522480
Te        1.28594        5.70237        2.13584        2        0.372160        -0.613873        -0.393127
Te        4.80074        3.53132        2.00292        2        0.284741        0.131309        0.319168
Te        1.48383        9.08335        5.56663        2        0.163196        0.000814        -0.228334
Te        4.87828        0.02476        5.50369        2        -0.091352        0.108747        0.799795
Te        1.50309        9.31654        2.32127        2        -1.253239        -1.456570        -2.322356
Te        4.87078        7.03426        2.04311        2        1.116698        0.603678        -0.345685
Te        8.22334        1.76230        5.54636        2        -0.371225        0.036438        1.162073
Te        11.48384        3.49971        5.87981        2        0.534957        -0.752507        -0.481717
Te        8.44781        1.66959        2.24598        2        -0.697321        0.634066        -0.152479
Te        11.60715        0.04041        2.21111        2        0.109199        -1.563584        0.299022
Te        8.42104        5.35056        5.74727        2        -0.868446        0.073260        -0.239120
Te        11.65200        6.77660        5.69696        2        0.695399        1.504686        1.483081
Te        8.45976        5.40386        2.24841        2        -0.228821        -0.393980        -0.419628
Te        11.45621        3.42116        2.29690        2        1.074778        -0.044250        -0.818920
Te        8.36752        8.76052        5.67100        2        -0.712784        0.219694        0.710120
Te        11.58208        10.34589        5.82198        2        0.544239        0.393499        -0.582875
Te        8.51873        8.84008        2.29558        2        -0.649184        -0.154940        -0.942906
Te        11.87032        6.87074        2.03721        2        -0.682772        0.639565        0.875032
Te        14.70329        1.68605        5.79206        2        0.474500        -0.408337        0.588632
Te        18.12842        3.52794        5.57560        2        0.351648        0.309905        0.937581
Te        14.70154        1.70151        2.11981        2        0.518410        -0.180463        1.128601
Te        17.81065        10.47776        2.19583        2        2.067671        0.850894        -0.072489
Te        14.91735        5.17045        5.80730        2        -0.426284        0.249860        0.134745
Te        18.19558        7.03689        5.77095        2        0.824579        0.348369        -0.402269
Te        14.81049        5.21325        2.46794        2        0.681428        -0.013680        -1.948293
Te        18.07453        3.69802        2.24099        2        -0.246978        -0.773360        -0.368447
Te        14.98736        8.60526        5.79336        2        -0.704825        1.397987        0.467980
Te        18.32206        0.02409        5.71186        2        -0.530074        -0.336090        -0.099884
Te        15.04049        8.74857        2.21570        2        -0.863950        0.214909        0.307166
Te        18.19663        7.07533        2.17774        2        0.091127        0.253074        -0.011971
