54
Lattice="18.429676749 0.000008540 -0.000615361 -0.000005198 12.767905659 0.000045896 0.042448411 0.000094922 30.000000000" Properties=species:S:1:pos:R:3:tags:I:1:forces:R:3 energy=-304.17813597 stress= -13.36144 -24.69545 -2.97753 0.14418 -0.59953 -0.74919 pbc="T T T"
Mo        2.25706        12.58737        3.82786        1        -0.157139        -0.126122        0.527277
Mo        5.18805        2.23589        4.24757        1        -0.026829        0.099769        0.097619
Mo        2.07099        4.26679        3.86358        1        -0.219669        -0.476200        -0.270774
Mo        5.38583        6.10995        4.17710        1        0.111709        0.606364        -1.633803
Mo        2.75535        8.26995        3.75067        1        -3.645021        0.615124        0.410286
Mo        5.31570        10.70567        4.36922        1        -0.160951        -0.562930        -0.597146
Mo        8.33990        0.25588        4.70061        1        0.227951        -0.454689        -0.387451
Mo        11.63613        2.21139        4.17108        1        0.298363        -0.342799        -0.092339
Mo        8.53710        4.28095        4.30029        1        -0.010094        -0.486937        -0.415264
Mo        11.26900        6.42495        3.76778        1        1.454067        0.700059        0.544460
Mo        8.28747        8.59148        4.43733        1        -0.039715        -0.027001        -0.837476
Mo        11.47590        10.72681        4.16179        1        -0.380450        -0.742317        -0.456676
Mo        14.61203        12.68438        3.35410        1        0.310652        -0.751320        2.937691
Mo        17.74215        2.15156        3.67227        1        -0.306545        -0.730380        -0.219965
Mo        14.58703        3.76198        3.68470        1        1.173110        1.321557        -0.452782
Mo        17.74073        6.61872        3.51982        1        -0.444335        -0.608749        0.029406
Mo        14.44960        8.67131        3.51431        1        0.243982        0.617904        -0.169517
Mo        17.76757        10.59072        3.34101        1        -1.000818        -0.937523        1.563350
Te        1.31975        1.90786        5.42735        2        -0.297636        0.398855        0.480720
Te        3.89618        4.43766        5.76979        2        0.990321        -0.870574        0.760846
Te        1.51208        1.86981        2.13014        2        -0.286937        0.696121        -0.429669
Te        4.53046        0.12079        2.51718        2        0.395596        -0.380335        -0.468000
Te        1.26831        6.47992        5.41646        2        -0.122942        0.302724        -0.084588
Te        4.61718        8.20460        5.58282        2        -0.247779        1.068848        2.096285
Te        1.60988        6.34596        2.01387        2        -0.309753        0.156511        0.119369
Te        4.26933        4.17601        2.39872        2        0.920167        -0.166087        -0.196235
Te        1.23293        10.35055        5.36066        2        0.628201        0.051864        -0.566748
Te        4.18619        12.70029        5.78190        2        -0.404214        0.653254        0.654827
Te        1.52832        10.30066        1.96200        2        1.264195        0.374172        -0.076710
Te        4.88648        8.54896        2.39510        2        1.092670        -0.187816        -0.939714
Te        7.33618        2.37942        6.14583        2        -0.195673        0.189110        -0.297297
Te        10.92635        4.52703        5.75472        2        -0.516268        -0.731460        0.067545
Te        7.44609        2.21405        2.70848        2        0.029254        -0.056729        0.458277
Te        10.26395        0.12987        2.74777        2        0.518862        0.226787        0.045167
Te        7.51350        6.20829        5.84222        2        0.050054        0.569174        1.157247
Te        10.55542        8.55491        5.90984        2        0.033636        -0.114976        -0.785156
Te        7.52041        6.35565        2.56201        2        0.551990        -0.317553        0.152968
Te        10.45697        4.24338        2.41831        2        0.269967        -0.673912        -0.454627
Te        7.19180        10.75648        6.31715        2        0.635031        -0.035768        -0.538833
Te        10.78284        12.54906        6.06913        2        -0.544567        1.324712        -0.267774
Te        7.44579        11.13527        2.91849        2        0.649260        -1.022342        -0.522974
Te        10.30349        8.55146        2.38501        2        -0.893105        1.044219        0.592983
Te        13.99383        2.01364        5.57705        2        -0.527397        -0.602969        -0.546766
Te        16.87780        4.31870        5.31356        2        -0.160484        -0.241305        -1.083264
Te        13.53018        1.85004        2.02619        2        -0.743814        1.009184        -0.326236
Te        16.92464        12.71509        1.87152        2        -0.421957        0.589880        -0.274738
Te        13.96196        6.27522        4.85666        2        -0.905579        -0.043828        0.242870
Te        16.57992        8.75033        5.25249        2        0.542314        -0.423050        -1.023781
Te        13.05736        7.04494        1.67133        2        0.176596        -0.391437        0.524493
Te        16.72507        4.14550        1.70952        2        -0.151028        0.008367        1.645188
Te        13.64808        10.63341        5.71087        2        0.491917        -0.137692        -1.611358
Te        16.74988        12.60838        5.20547        2        0.173819        0.222150        -0.759343
Te        13.25559        10.79702        1.97012        2        0.041649        -0.444599        0.409663
Te        16.67366        8.50336        1.60943        2        -0.242139        0.225243        1.280994
