54
Lattice="19.173937585 0.000456147 -0.025753600 -0.000245476 11.134156037 0.000007040 0.013560576 0.000001770 30.000000000" Properties=species:S:1:pos:R:3:tags:I:1:forces:R:3 energy=-312.94667899 stress= -0.95812 -6.78537 3.96738 -1.29467 -0.20569 1.33290 pbc="T T T"
Mo        2.14704        10.93169        3.84221        1        -1.056981        0.437340        2.159200
Mo        4.14933        1.76555        4.35639        1        1.148715        0.188918        -0.352348
Mo        2.33383        4.00595        3.86084        1        -0.865880        -1.223166        -0.095657
Mo        4.68170        5.45445        4.10241        1        -0.472913        1.423063        -0.205124
Mo        2.39569        7.40572        3.79979        1        -0.932891        0.937877        1.578150
Mo        4.46167        9.19222        4.04917        1        0.935538        0.514961        -0.362776
Mo        8.71130        0.09108        3.88729        1        -2.621417        0.712819        -0.905937
Mo        10.78768        1.78259        4.31305        1        1.745240        0.766889        -2.836249
Mo        8.41278        3.52926        4.03946        1        2.565426        -0.524757        -1.057887
Mo        10.93562        5.11110        4.10533        1        -0.492433        1.501418        -2.171459
Mo        8.57981        7.31670        3.76185        1        -0.018458        -0.188510        -1.539550
Mo        10.74010        9.53821        4.11877        1        -0.581994        -0.317084        -1.762764
Mo        14.95068        10.74893        3.67116        1        -0.655921        1.637849        -0.606941
Mo        17.07375        1.57014        3.99558        1        0.996645        1.026806        1.604373
Mo        15.03642        4.00309        3.79607        1        -0.007556        -0.048325        -1.323019
Mo        17.30417        5.77525        3.76932        1        -0.303747        0.896530        0.982996
Mo        14.95926        7.46785        3.51169        1        -1.320602        -0.856176        -1.374966
Mo        17.24379        9.48684        3.82551        1        -0.893633        -1.975958        0.389078
Te        0.66690        2.03106        5.10496        2        -0.128328        -0.719578        -0.172835
Te        3.76903        3.90061        6.06825        2        0.490489        -0.722906        0.696955
Te        6.08784        0.37103        2.72448        2        -0.624301        -0.978508        -0.384643
Te        2.68193        1.90583        2.14645        2        0.217334        -0.145131        -0.372542
Te        0.92916        5.60277        5.28545        2        -2.056701        1.080475        1.096586
Te        3.95959        7.60199        6.14128        2        0.002424        -1.398852        -1.206412
Te        6.22362        3.51791        2.56006        2        -1.652548        0.590532        -0.326989
Te        2.98261        5.63435        2.02944        2        0.696602        0.112389        -2.715422
Te        0.84336        9.06796        5.57026        2        -0.968954        0.516549        -0.933269
Te        3.66499        10.85270        6.07481        2        0.286734        0.884220        -0.101050
Te        6.12779        7.44771        2.51638        2        -0.795307        -0.384412        0.039395
Te        2.71136        9.36462        1.97583        2        0.827736        -0.966863        -1.971473
Te        6.82562        1.78179        5.40297        2        0.309044        -0.285944        0.917143
Te        10.31655        3.71266        6.03539        2        -0.696629        -1.002400        2.930607
Te        12.13860        0.10016        2.33968        2        0.506305        -0.521704        0.825164
Te        9.38178        2.00106        1.95316        2        -0.257560        -0.794494        0.795822
Te        7.07272        5.33803        5.37355        2        -0.201099        1.411515        0.886302
Te        10.11709        7.37989        5.72094        2        1.431235        -0.394302        1.855517
Te        12.54597        3.56340        2.49874        2        -0.745641        0.378729        0.591374
Te        9.10908        5.39508        1.93108        2        0.217708        -0.288019        0.758849
Te        7.06896        9.21803        5.12241        2        -0.224723        0.206143        0.656634
Te        10.04934        0.10623        6.10771        2        0.401531        -0.874543        1.824827
Te        12.08309        7.17838        2.78036        2        0.651811        1.365295        -0.289454
Te        8.85334        9.32017        1.89880        2        1.096413        0.091304        0.545118
Te        13.75653        1.90638        5.24739        2        -0.698676        -0.665929        -0.075545
Te        16.82968        3.87456        5.68653        2        0.228551        -0.361848        0.477411
Te        18.57722        0.05295        2.48421        2        2.076228        0.448642        -1.255078
Te        15.46887        1.85715        2.02146        2        -0.412066        -0.300018        -0.602327
Te        13.63052        5.63633        5.38469        2        -0.710024        -0.151835        -0.350871
Te        16.26946        7.72917        5.64417        2        1.829690        -1.274515        1.232517
Te        18.77788        3.85679        2.56255        2        0.257918        -0.771064        0.041132
Te        15.69565        5.39758        1.54583        2        -0.344832        0.849659        1.211314
Te        13.26373        9.35368        5.07791        2        0.313765        -0.689026        0.312103
Te        16.39266        10.98413        5.99660        2        0.537755        0.492258        -0.590489
Te        18.77439        7.48963        2.22900        2        0.669725        0.369055        0.497836
Te        15.49166        9.20988        1.48062        2        0.332003        -0.004782        0.997384
