54
Lattice="20.707852593 0.000456147 -0.025753600 -0.000245476 11.134156037 0.000007040 0.013560576 0.000001770 30.000000000" Properties=species:S:1:pos:R:3:tags:I:1:forces:R:3 energy=-309.51385953 stress= -11.18284 -10.96606 -0.89712 -0.78354 -0.01187 0.71884 pbc="T T T"
Mo        2.42899        0.09244        3.73066        1        1.040735        1.896961        1.228786
Mo        4.96661        2.07707        3.96665        1        -0.587463        -0.309855        -0.055759
Mo        2.43839        4.37602        4.04693        1        -0.058480        -0.320440        -0.368516
Mo        5.10344        5.48749        4.16560        1        0.860105        -0.141697        1.272237
Mo        2.42596        7.25861        3.94355        1        -0.364922        0.735682        -0.608711
Mo        4.84595        9.65436        4.00136        1        -0.581787        0.862036        -1.656428
Mo        9.09707        11.02655        3.53675        1        0.449035        0.332471        0.208386
Mo        11.65216        1.50502        4.15517        1        -0.348629        0.627548        -1.209524
Mo        9.27679        3.36746        3.95333        1        1.496741        -0.571433        0.882182
Mo        11.86047        5.11050        3.86903        1        -0.704324        -0.923334        0.284281
Mo        9.07957        7.87955        3.98787        1        -0.671470        -1.876170        0.571666
Mo        11.52472        9.14154        3.90013        1        1.503309        1.792357        -0.490996
Mo        16.21013        0.37530        3.82594        1        -0.874169        -1.744829        -0.587136
Mo        18.70120        1.64980        4.06635        1        -0.280938        1.204053        -1.246904
Mo        16.13259        3.65563        4.00845        1        0.659984        -0.393713        -2.137932
Mo        18.48439        5.54676        3.90830        1        -0.004924        0.894179        0.897843
Mo        15.86952        6.96752        3.98404        1        0.163284        0.042817        -2.261230
Mo        18.35527        9.17647        3.91377        1        0.566647        -0.165094        -0.713659
Te        1.06741        2.19427        5.11748        2        -0.738894        -0.990154        0.478615
Te        4.05096        3.98035        6.09902        2        0.588586        -0.612739        -0.186100
Te        6.49113        0.36350        2.27289        2        -0.459008        -0.687960        0.269706
Te        2.85321        2.21469        2.04744        2        1.020148        0.302402        0.688554
Te        0.50484        5.91121        5.28847        2        0.339338        -0.261918        0.292714
Te        4.24141        7.63622        5.82272        2        0.083288        -0.113565        0.041891
Te        6.91118        3.97202        2.78581        2        -1.394330        -1.121834        -0.476473
Te        3.67082        5.78325        2.14530        2        -1.303575        -0.162565        -2.275753
Te        0.72573        9.36784        4.56103        2        -0.749009        -0.495758        1.116184
Te        4.33087        0.31418        5.87359        2        -1.374157        -0.025790        -0.032812
Te        6.42686        7.55329        2.84453        2        0.068382        0.615939        -0.066421
Te        2.95227        9.45975        1.94829        2        0.979925        -1.483558        -0.167374
Te        7.45915        1.54414        5.24651        2        0.732696        1.353225        0.022348
Te        11.32258        3.63767        6.09450        2        -0.911056        -0.925559        -1.495036
Te        13.16688        11.07465        2.32744        2        0.098514        0.140840        1.020676
Te        10.16077        1.74873        1.80054        2        -0.317580        0.066290        1.307413
Te        7.69472        5.45045        5.39436        2        0.685488        0.432040        -0.222885
Te        11.04438        7.28443        5.65503        2        0.240967        -0.908784        1.039874
Te        13.27973        3.57049        2.21858        2        0.224836        -0.210309        1.234979
Te        9.71606        5.46659        2.25466        2        0.488055        0.370710        0.237920
Te        7.33164        9.55443        5.24943        2        0.344045        -0.334957        -0.104121
Te        10.61963        10.71968        5.74158        2        0.058091        1.457903        1.218612
Te        13.10996        7.27804        2.78289        2        1.010525        -0.504630        -0.234847
Te        9.99190        8.98963        1.84341        2        -0.890320        1.128370        -1.502557
Te        14.77592        1.65711        5.56168        2        -0.777373        0.596597        -0.030006
Te        18.06152        3.79041        5.83432        2        -0.052751        -0.889546        0.499372
Te        20.04049        11.10654        2.45304        2        0.313035        -0.253863        -0.080265
Te        17.05997        1.90547        1.88690        2        -0.046331        0.444365        0.570326
Te        14.47674        5.14763        5.52259        2        -0.238932        0.844670        -0.223198
Te        17.62487        7.39185        5.85588        2        0.732207        -0.166281        0.043710
Te        20.53472        3.67288        2.94480        2        -0.683543        -0.010151        -0.565503
Te        16.85582        5.38804        1.76254        2        -0.828434        0.196310        1.732975
Te        14.46732        9.21577        5.08133        2        -0.021118        0.190528        -0.408960
Te        17.90458        11.06449        5.80682        2        -0.036584        -0.708390        1.302720
Te        20.05935        7.12704        2.46870        2        -0.002759        1.046005        -0.244107
Te        16.41151        9.24341        2.00987        2        0.590055        -0.249882        1.190468
