54
Lattice="19.173937585 0.000456147 -0.025753600 -0.000245476 10.515591813 0.000007040 0.013560576 0.000001770 30.000000000" Properties=species:S:1:pos:R:3:tags:I:1:forces:R:3 energy=-319.56965774 stress= -1.71966 -2.12607 -0.48389 1.86430 0.23900 -0.71154 pbc="T T T"
Mo        2.18419        10.43159        3.92202        1        -0.827623        0.435713        0.883609
Mo        4.43735        1.64809        4.16271        1        0.598169        0.535939        0.330685
Mo        2.10369        3.46986        3.95347        1        0.796973        -0.226816        -1.188534
Mo        4.42116        5.29245        4.06053        1        0.438647        0.461662        -0.204652
Mo        2.17582        7.07673        3.77782        1        -1.043794        -0.905870        1.951904
Mo        4.50033        8.76350        4.09739        1        -0.367298        0.196134        0.430859
Mo        8.52886        0.02431        3.79872        1        0.607188        0.200500        -0.192202
Mo        10.84523        1.67066        3.99264        1        0.492137        0.487429        -0.482170
Mo        8.51559        3.65833        3.78041        1        0.515091        -0.323014        0.089557
Mo        10.81746        5.20154        3.95208        1        0.075599        0.312195        0.616173
Mo        8.58520        7.10991        3.60952        1        -0.294290        0.188490        0.627629
Mo        10.93484        8.71495        3.80858        1        -1.366729        -0.569225        -0.104616
Mo        15.03362        10.42608        3.88836        1        -0.568727        1.123580        -0.365825
Mo        17.31518        1.80586        3.99346        1        -0.295037        0.448754        1.235530
Mo        14.95338        3.52251        3.71396        1        -0.586989        0.373320        0.489207
Mo        17.32740        5.28599        3.95640        1        -0.696860        0.077476        -0.456111
Mo        14.87389        6.97033        3.76887        1        1.483197        -1.045808        -0.460674
Mo        17.16800        8.66765        4.15769        1        0.276897        -0.137251        -0.539777
Te        0.57174        1.71761        5.54383        2        -0.032641        -0.093243        -0.434637
Te        3.90801        3.56044        6.01124        2        -0.264360        -0.204425        0.347589
Te        6.02252        0.04872        2.52895        2        0.075833        -0.100119        -0.116838
Te        2.94084        1.66104        1.98751        2        -0.840722        0.265590        0.071684
Te        0.50170        5.10101        5.38489        2        0.207513        0.935126        0.228087
Te        3.66703        7.04189        6.06602        2        0.408025        -0.078707        -0.750814
Te        5.90760        3.35687        2.53764        2        0.673616        1.064368        -0.165351
Te        2.75641        5.20184        1.93614        2        -0.001509        0.036204        0.017882
Te        0.35670        8.64521        5.68423        2        1.293897        -0.006452        -1.148520
Te        3.80791        0.04354        6.14302        2        0.006675        -0.747425        -0.194518
Te        6.02182        7.17799        2.36857        2        -0.176722        -0.711634        0.365525
Te        2.81540        8.74942        1.95981        2        0.297446        0.528453        -1.013806
Te        7.13187        1.77713        5.42944        2        -0.745222        0.213603        -0.092401
Te        10.27238        3.32433        5.94622        2        -0.422394        1.045469        -0.197958
Te        12.59757        0.05028        2.56099        2        -0.288601        -0.051599        -0.876203
Te        9.21571        1.88061        1.90496        2        -0.241612        -0.195731        -0.676639
Te        7.04120        5.36393        5.26995        2        -0.695994        0.163250        -0.011617
Te        9.92708        6.94833        5.94935        2        1.149311        0.064019        -1.181129
Te        12.38416        3.54809        2.40297        2        0.282582        -0.344889        -0.113556
Te        9.25061        5.42798        1.70116        2        -0.100087        -0.878990        0.195030
Te        7.13887        8.81167        5.32797        2        -0.998477        -0.432673        0.353921
Te        10.30512        10.32269        5.81491        2        -0.073915        0.361930        0.894761
Te        12.48348        6.94371        2.24483        2        -0.273501        -0.076500        0.413488
Te        9.11195        8.99874        1.72885        2        0.449849        -0.646772        -0.295940
Te        13.31742        1.82831        5.32541        2        0.548053        -0.581667        0.110285
Te        16.42934        3.68357        5.85636        2        0.667297        -1.398465        0.768792
Te        18.79531        0.06755        2.55296        2        0.649711        -0.928633        -0.026983
Te        15.72308        1.83426        1.87420        2        -0.358595        -1.352304        -0.355585
Te        13.44168        5.21921        5.40913        2        -0.828321        0.028483        -0.431979
Te        16.52361        6.88215        6.10042        2        -0.094089        0.456697        -1.068742
Te        18.87297        3.48057        2.25343        2        -0.024439        0.129067        1.074032
Te        15.70947        5.16369        1.78436        2        -0.231011        1.006272        0.062685
Te        13.25885        8.58192        5.09355        2        0.363607        0.840181        1.640083
Te        16.71142        0.00849        6.02705        2        -0.407258        0.518126        0.084338
Te        18.71602        7.13483        2.42387        2        0.765555        -0.144154        0.147749
Te        15.64034        8.79195        1.89769        2        0.018835        -0.315415        -0.267853
