54
Lattice="19.557416337 0.000456147 -0.025753600 -0.000245476 10.309403738 0.000007040 0.013560576 0.000001770 30.000000000" Properties=species:S:1:pos:R:3:tags:I:1:forces:R:3 energy=-314.12617599 stress= -2.41925 1.29622 1.44791 -1.91319 1.00586 1.11355 pbc="T T T"
Mo        2.16887        0.21363        3.72456        1        -0.043495        -1.252749        -0.058490
Mo        4.69090        1.76627        4.01768        1        -1.132022        -0.496483        -0.987815
Mo        2.34243        3.35501        3.75313        1        -0.973911        1.840859        0.813936
Mo        4.53499        5.24031        3.83087        1        3.108523        0.744999        2.856724
Mo        2.06354        6.89683        3.69914        1        0.604463        1.198319        0.388556
Mo        4.50648        8.89445        3.75050        1        1.368497        -0.339210        0.579382
Mo        8.88001        0.00658        3.94235        1        -0.684446        -1.124701        -1.490782
Mo        11.27136        1.77985        3.89647        1        -1.429708        -0.365974        1.842388
Mo        8.68591        3.26900        3.93330        1        -0.434000        0.474753        0.110723
Mo        11.03629        4.85013        4.05827        1        -0.318038        1.462243        0.452408
Mo        8.56660        6.93500        3.85879        1        1.274539        -0.088080        0.863963
Mo        11.15015        8.26129        4.01386        1        -0.747266        -0.441216        0.557268
Mo        15.33251        0.05292        3.96595        1        -1.863768        -0.747012        -0.023837
Mo        17.71454        1.85818        3.90239        1        -0.179200        0.264647        0.564941
Mo        15.26951        3.60002        3.87805        1        -1.010418        -0.808915        0.445347
Mo        17.62256        5.22283        3.91850        1        -0.458229        0.597399        0.311335
Mo        15.19404        6.72355        4.07345        1        -0.896317        0.740869        -1.138238
Mo        17.46424        8.33325        3.82927        1        1.607743        0.522196        3.331696
Te        0.48117        1.90855        5.37971        2        1.407426        -0.449158        0.115427
Te        4.04173        3.64947        5.84566        2        -0.208031        -0.691727        0.738090
Te        6.16747        0.10508        2.07184        2        -0.180557        -0.109442        1.080192
Te        2.65552        1.84783        1.72006        2        1.130951        -0.282585        -0.663393
Te        0.59861        5.13546        5.27573        2        0.244129        0.751419        0.183766
Te        3.93542        7.18627        5.68819        2        -0.478205        -1.565045        0.018483
Te        6.34272        3.31509        2.46096        2        -0.718847        0.560169        -0.117953
Te        3.07234        5.33267        1.91520        2        -2.190453        -1.114440        -3.592354
Te        0.58632        8.83494        5.25492        2        -0.275595        -1.055762        -0.144002
Te        3.78972        10.29414        5.87765        2        0.022304        1.147313        0.092464
Te        6.24564        7.05004        2.14255        2        -0.377888        -0.340296        1.015748
Te        3.00799        8.81443        1.65862        2        -1.332289        -0.441710        0.337786
Te        7.17027        1.48805        5.58198        2        -0.329819        0.493207        -0.306967
Te        10.11044        3.36813        6.10478        2        1.469962        -0.863036        -0.252697
Te        12.73684        9.94349        2.66323        2        0.046099        2.026904        -0.723861
Te        9.19764        1.65584        1.89280        2        1.234786        -0.195216        0.193641
Te        7.12780        5.18432        5.50958        2        -0.589052        -0.233477        -0.729610
Te        10.51764        6.63439        6.12207        2        -0.539952        0.568471        -1.257383
Te        12.44677        3.46289        2.28433        2        1.263856        -0.411297        -0.652721
Te        9.09984        5.01701        1.98276        2        0.959208        0.592438        0.132528
Te        7.04359        8.63858        5.58592        2        0.366989        0.020600        -1.195731
Te        10.71256        10.23235        5.83253        2        -0.355748        0.052342        0.366800
Te        12.84944        6.65493        2.45777        2        -1.230896        0.055748        0.819060
Te        9.44902        8.47298        1.81441        2        0.177899        0.551228        1.135260
Te        13.89181        1.45817        5.84906        2        -0.388782        1.046129        -1.044593
Te        17.00860        3.58606        5.78749        2        0.104150        -0.888731        2.104123
Te        19.18720        10.14675        2.45013        2        -0.285806        1.064338        -0.284558
Te        15.86922        1.70138        2.12239        2        -0.675494        0.744356        -3.010754
Te        13.63477        5.04654        5.77107        2        0.023064        -0.451629        -0.962106
Te        16.83536        6.89346        6.17177        2        0.989182        0.006205        -1.282627
Te        19.28958        3.49909        2.56282        2        0.387798        0.254551        -1.665492
Te        15.65639        5.27650        1.87134        2        0.961512        -0.720676        0.174381
Te        13.58415        8.54324        5.58675        2        -0.000956        -0.689697        -0.262390
Te        17.09942        0.10797        5.76103        2        0.982576        -0.993718        1.567086
Te        18.97445        6.89745        2.19467        2        0.902840        -0.430240        -0.341140
Te        15.63315        8.55280        2.04189        2        -0.319100        -0.198928        -0.987163
