54
Lattice="19.904050889 0.000008540 -0.000615361 -0.000005198 10.639921383 0.000045896 0.042448411 0.000094922 30.000000000" Properties=species:S:1:pos:R:3:tags:I:1:forces:R:3 energy=-312.43681781 stress= -12.99169 -1.04916 2.80096 0.31542 -1.28932 1.41694 pbc="T T T"
Mo        2.71772        10.58027        3.73072        1        -1.579710        -0.382607        0.053799
Mo        5.89680        1.91995        3.68463        1        0.199213        0.212816        1.110347
Mo        2.63742        3.77356        3.89014        1        -0.262256        -0.651830        -0.856995
Mo        6.07268        5.36629        3.85146        1        -1.097519        -0.065482        -0.229369
Mo        2.27298        7.06341        3.74379        1        0.918973        2.944040        -1.149743
Mo        6.06141        8.87698        3.77646        1        -1.194831        1.566471        -0.308713
Mo        9.28010        10.40878        3.91742        1        -1.350082        1.157653        1.126328
Mo        12.39871        1.69671        3.84324        1        -0.070821        1.017459        1.514724
Mo        9.40310        3.48214        3.72100        1        -0.265593        -0.558440        1.015782
Mo        12.74036        5.41557        3.85100        1        0.265427        -0.331417        1.065804
Mo        9.44172        7.08563        3.70345        1        -0.133772        -0.833663        0.869926
Mo        12.27762        8.96022        4.06895        1        1.016322        0.314117        -1.569151
Mo        15.55352        10.63657        4.19061        1        2.931231        0.106085        -1.747755
Mo        18.94431        1.61438        3.92675        1        -0.232067        -0.244244        -0.119112
Mo        15.83240        3.63771        4.06337        1        0.466711        -0.390351        0.978023
Mo        18.79486        4.91455        4.14467        1        2.725301        2.107533        -0.281814
Mo        15.87385        7.15934        4.21264        1        -0.575290        0.187309        -0.453316
Mo        18.87938        8.72086        4.22091        1        0.663102        0.573428        0.595960
Te        1.57748        1.78170        5.45405        2        -0.489001        0.061761        0.142431
Te        4.91902        3.58799        5.67906        2        -0.304425        0.658830        -0.805126
Te        1.34520        1.64088        2.15251        2        0.117962        1.306448        0.105980
Te        4.90455        0.11967        1.98715        2        -0.318134        -0.575460        -0.149191
Te        1.41740        5.55788        5.53922        2        -0.852653        -2.495066        1.919797
Te        4.54825        7.30388        5.39885        2        0.716972        -0.949350        0.348192
Te        1.04571        5.36552        2.11237        2        0.354391        -1.144851        0.180318
Te        4.72858        3.84266        2.03722        2        0.273916        -0.724283        0.209463
Te        1.26948        8.79377        5.72025        2        0.712792        0.588623        -0.586195
Te        4.68333        0.22095        5.44681        2        1.584324        -0.818777        0.508851
Te        0.91812        9.03853        2.23843        2        0.770527        -0.867326        -0.036858
Te        4.72905        7.13704        2.14079        2        -0.134843        0.006660        -0.208302
Te        8.17789        1.84859        5.63214        2        -0.365889        -0.860376        -1.129441
Te        11.51140        3.80790        5.67237        2        -0.397879        -1.772758        -0.766432
Te        8.16910        1.48298        2.13142        2        -0.193048        1.529201        -0.057484
Te        11.05769        0.05741        2.00379        2        2.272598        -0.496358        0.356571
Te        8.22777        5.09997        5.46063        2        0.420200        1.427457        0.295600
Te        11.74554        6.91884        5.66755        2        -2.271029        1.849166        1.010603
Te        8.32780        5.23602        2.03227        2        -0.622147        0.412419        -0.395057
Te        11.63348        3.71876        2.24026        2        -0.608320        -1.514763        -1.943216
Te        8.01807        8.60701        5.59456        2        0.862281        0.190543        -0.031804
Te        11.18301        0.20395        5.79361        2        0.465260        -0.892163        -0.088843
Te        8.18336        8.93104        1.94528        2        -0.054465        -1.511501        0.355691
Te        11.71874        6.95356        1.93293        2        -0.929242        1.655823        0.623355
Te        14.65771        1.78914        5.70431        2        -1.644416        2.010970        1.699460
Te        17.96969        3.15386        5.89672        2        -0.494623        0.300150        0.341468
Te        14.70724        1.86556        2.44951        2        -0.453892        -0.628755        -1.783644
Te        17.53678        10.37493        2.33086        2        1.272190        0.511245        0.372093
Te        14.68712        5.41903        5.81114        2        0.204058        -0.401804        0.579108
Te        17.92930        6.71570        6.03328        2        -0.026857        0.855565        -0.245280
Te        14.82839        5.37851        2.28510        2        1.166976        0.798639        -0.734289
Te        17.78499        3.54194        2.16700        2        0.366581        -1.358809        -0.193182
Te        14.39502        9.28046        5.96414        2        -0.755188        -2.720309        0.695723
Te        17.84297        10.54792        5.90593        2        -0.159577        0.011249        -0.434540
Te        14.66426        8.89792        2.44535        2        -1.204915        -0.559146        -0.374021
Te        18.08478        6.96366        2.54486        2        -1.647946        -0.592535        -1.382306
