54
Lattice="20.707852593 0.000456147 -0.025753600 -0.000245476 10.309403738 0.000007040 0.013560576 0.000001770 30.000000000" Properties=species:S:1:pos:R:3:tags:I:1:forces:R:3 energy=-315.63780744 stress= -16.05288 -4.54905 -0.34098 3.17334 1.54768 -1.33520 pbc="T T T"
Mo        2.37876        10.12173        3.80231        1        -0.292751        0.044442        0.216011
Mo        4.87183        1.56463        4.11152        1        -0.036430        -1.117339        -0.740511
Mo        2.31698        3.60523        4.09722        1        0.131139        -0.358575        -0.936413
Mo        4.94311        4.99834        3.98046        1        -0.771303        -0.494124        -0.632955
Mo        2.29262        6.79839        3.77684        1        0.138567        0.664023        -0.243658
Mo        4.76213        8.46789        3.95011        1        1.241377        -0.265153        0.636351
Mo        9.17809        0.04250        3.89261        1        0.840871        -0.214433        -0.769321
Mo        11.78268        1.69020        3.99139        1        0.032039        -0.667722        1.113279
Mo        9.23990        3.44908        4.05215        1        0.158721        -0.345273        -0.666556
Mo        11.86172        5.16262        3.82463        1        -0.909219        0.528355        1.159401
Mo        9.14552        6.91195        3.82824        1        1.066872        0.245553        -0.322502
Mo        11.80366        8.64111        3.92319        1        -0.405332        0.402609        0.382356
Mo        16.12977        0.06940        3.58753        1        0.101762        0.444675        1.004194
Mo        18.65167        1.72639        4.05550        1        -0.250773        0.236301        -1.054438
Mo        15.98130        3.40853        3.74773        1        1.187213        0.484012        1.097924
Mo        18.54744        5.19591        4.01676        1        0.349328        0.048805        0.555201
Mo        15.94824        7.06027        3.84071        1        0.800639        -0.134231        0.213007
Mo        18.66799        8.62222        3.87101        1        -1.004407        -0.045691        -0.501982
Te        0.58136        1.59123        5.41504        2        0.442316        0.440342        -0.052929
Te        4.19357        3.18543        5.96276        2        -0.193136        1.116645        1.145832
Te        6.72971        0.18089        2.38920        2        -0.592583        -0.656516        0.553685
Te        3.08224        1.76022        2.04967        2        -0.024023        0.029580        0.679980
Te        0.48560        5.28257        5.29068        2        0.343346        0.363172        0.537870
Te        4.16331        6.60686        5.83863        2        -0.653921        1.009025        0.595930
Te        6.68721        3.38430        2.83188        2        0.293293        -0.535512        -1.321945
Te        3.02858        5.04173        1.89126        2        0.429941        0.137445        0.556190
Te        0.46461        8.62416        5.15716        2        0.463452        -0.603501        0.902457
Te        3.97578        9.92753        5.98678        2        0.158468        1.202099        -0.234356
Te        6.60757        6.86364        2.61398        2        -0.180123        0.150164        -0.448310
Te        3.26197        8.53004        1.82015        2        -0.805511        -0.216178        -0.237362
Te        7.49261        1.65526        5.51129        2        0.302629        -0.336566        -0.009422
Te        11.22465        3.49193        5.91873        2        -0.034659        0.173136        0.042682
Te        13.33570        0.02469        2.29811        2        0.364380        0.147460        0.142448
Te        9.98304        1.77171        2.04464        2        -0.121933        0.225855        -0.697405
Te        7.44113        5.02114        5.42290        2        0.432982        1.008002        0.322188
Te        10.91880        7.03091        5.84915        2        0.414233        -1.253521        -0.223791
Te        13.51680        3.41454        2.50277        2        -0.362516        -0.259164        -0.540616
Te        9.87472        5.10325        1.94467        2        0.001144        -0.141203        -0.047299
Te        7.75454        8.65241        5.39593        2        -1.383146        -0.704922        0.370246
Te        10.83376        10.22572        6.07443        2        0.755434        0.712058        -1.459461
Te        13.53425        6.85969        2.32025        2        -0.553838        0.592028        0.208482
Te        10.21473        8.56796        1.76983        2        -1.114170        0.138321        1.249911
Te        14.47765        1.51540        5.27397        2        -0.524973        0.934392        0.055039
Te        17.68339        3.37952        5.98048        2        0.002875        0.545096        -0.873779
Te        20.45645        0.07937        2.58532        2        -0.348229        0.242048        -0.735277
Te        17.00517        1.93247        1.74405        2        0.111084        -0.719683        0.808460
Te        14.29374        5.36389        5.17683        2        0.080984        -1.083681        0.634453
Te        17.82818        6.92193        5.85920        2        -0.145798        0.431761        0.265752
Te        20.46901        3.62488        2.90675        2        -0.518039        -0.936723        -0.822748
Te        16.92021        5.37043        2.02153        2        -0.732524        -0.924492        -1.033143
Te        14.27871        8.72348        5.37600        2        0.392693        -0.011118        -0.670385
Te        17.74829        10.28468        5.84583        2        -0.086823        -0.055613        -0.318747
Te        20.21244        7.05653        2.23350        2        0.105777        -0.755982        0.454657
Te        16.59932        8.60070        1.76224        2        0.915782        0.128883        -0.322803
