54
Lattice="18.429676749 0.000008540 -0.000615361 -0.000005198 11.491115093 0.000045896 0.042448411 0.000094922 30.000000000" Properties=species:S:1:pos:R:3:tags:I:1:forces:R:3 energy=-313.25388458 stress= -3.56041 -14.63118 -4.63670 0.67742 -1.07873 -0.24764 pbc="T T T"
Mo        2.26071        11.49059        3.61135        1        -2.172219        -0.109706        1.601583
Mo        5.42090        1.97457        3.86410        1        -0.838965        -0.349296        0.651929
Mo        1.95950        3.85201        4.15292        1        1.263792        -0.122559        0.362207
Mo        5.43856        5.99021        4.26976        1        -0.697742        -0.925760        -1.715036
Mo        2.16660        7.33358        3.77063        1        0.295182        1.560562        0.507234
Mo        5.27972        9.47395        3.74469        1        -0.081374        0.121814        0.481644
Mo        8.52213        0.15224        3.77194        1        0.045046        -0.398353        -0.220702
Mo        11.82842        2.02027        3.90374        1        -0.040572        0.076805        0.447189
Mo        8.66845        3.82100        3.85865        1        -0.411105        -0.427560        0.088200
Mo        11.58356        5.87907        4.19101        1        -2.223589        -1.474306        -2.853442
Mo        8.55258        7.74520        3.88374        1        -0.328427        0.607227        1.512835
Mo        11.82940        9.69854        3.96402        1        -0.053648        -0.830286        0.156434
Mo        14.69970        11.41271        3.76911        1        -0.556186        0.301365        0.586016
Mo        17.35260        1.73083        3.95621        1        1.306001        -0.558110        -1.555827
Mo        14.75023        3.95101        4.23575        1        -1.817943        -1.434467        -2.258965
Mo        17.61994        5.73682        3.99017        1        1.134703        -0.895939        1.203818
Mo        14.64913        7.56970        3.93040        1        0.176503        1.721141        2.184191
Mo        17.27012        9.65238        3.91078        1        1.408384        -1.094145        -1.149347
Te        1.08959        1.61569        5.67113        2        0.569001        0.212632        -0.423201
Te        4.28552        3.73740        5.77340        2        0.267325        0.450070        -0.304470
Te        1.04560        2.06806        2.25253        2        0.350770        -0.607390        -0.237727
Te        4.20351        11.35743        2.01801        2        1.882593        0.613281        -1.257791
Te        1.50693        5.92284        6.05515        2        -1.390417        -0.755545        -1.655472
Te        4.10133        7.85659        5.73092        2        0.835945        -0.135732        -0.511609
Te        1.07899        5.39287        2.18176        2        0.577219        1.016920        -0.570281
Te        4.31780        4.12761        2.46849        2        -0.371984        -0.504530        0.460651
Te        1.13660        9.72007        5.42405        2        0.199334        -0.882275        -0.539914
Te        4.33989        11.44065        5.39054        2        -0.101047        0.172788        0.556995
Te        0.88235        9.42659        1.95033        2        1.096053        0.066384        1.269096
Te        4.36290        7.46543        1.99752        2        -0.217344        0.191628        1.276527
Te        7.58392        1.99539        5.65592        2        -0.375994        -0.302052        -0.671541
Te        10.63765        3.81053        5.83794        2        0.175992        -0.157793        -0.959712
Te        7.34298        2.12415        2.10634        2        1.154815        -0.448706        -0.663171
Te        11.05584        0.05453        2.12990        2        -1.429066        0.258748        0.145065
Te        7.76791        5.68305        5.59064        2        -0.431755        0.790150        1.092374
Te        10.65726        7.81561        5.84827        2        -0.485618        0.701165        -0.509304
Te        7.45610        5.82492        2.33152        2        0.095779        -0.219098        -0.444571
Te        10.74260        3.74017        2.08673        2        -0.057594        0.959490        0.805430
Te        7.46875        9.71724        5.55126        2        -0.144877        -0.140396        -0.644602
Te        10.66215        0.16245        5.51398        2        -0.229194        -0.327671        0.296650
Te        7.39560        9.56357        2.02120        2        0.753183        0.230684        0.472825
Te        10.67313        7.76117        2.41966        2        0.663897        0.022224        -1.387090
Te        13.76350        1.71013        5.92360        2        -0.222384        0.931601        -1.640087
Te        16.84935        3.58112        5.69023        2        -0.070494        1.932140        1.685918
Te        13.90770        2.04477        2.09273        2        -0.504430        0.059725        1.467497
Te        16.63662        11.48523        1.86822        2        -0.205331        -0.129189        0.900648
Te        13.46675        5.78550        5.75932        2        2.854145        0.339292        2.587046
Te        16.72456        7.57229        5.79130        2        -0.473345        0.350297        -0.459070
Te        13.65460        5.80608        2.40793        2        -0.888361        -1.477395        -1.184668
Te        16.50981        3.92011        2.09185        2        0.211958        -0.190179        1.287420
Te        13.85911        9.59666        5.80371        2        -0.850905        -0.346210        -1.116389
Te        16.45914        11.35408        5.79175        2        0.720867        0.591245        -0.137453
Te        13.83575        9.41267        1.95755        2        -0.603751        0.314069        1.379244
Te        16.61671        7.43962        2.18690        2        0.198193        0.658723        -0.382995
