54
Lattice="22.299908866 0.000008540 -0.000615361 -0.000005198 10.639921383 0.000045896 0.042448411 0.000094922 30.000000000" Properties=species:S:1:pos:R:3:tags:I:1:forces:R:3 energy=-304.24222924 stress= -24.91472 -9.09316 -0.70032 -0.94946 0.67356 -1.18013 pbc="T T T"
Mo        3.08244        0.11957        3.90110        1        0.269874        -1.037406        -0.502846
Mo        6.75214        1.67806        4.05289        1        0.421163        -0.328844        0.267854
Mo        3.00919        3.65274        3.90789        1        0.877322        -0.744533        0.329165
Mo        6.68249        5.43561        4.10439        1        -0.496530        -1.535162        -0.931218
Mo        2.92218        7.23296        3.80988        1        0.696230        -0.591255        0.749409
Mo        6.43992        8.88907        3.96622        1        0.297145        -0.207724        0.110074
Mo        10.21527        10.50437        4.13540        1        0.579819        0.895216        -0.928503
Mo        13.98662        1.86297        3.70272        1        -0.008492        -0.116752        0.273664
Mo        10.35261        3.54652        4.19404        1        0.125872        -0.697661        -0.333285
Mo        13.76597        5.49669        3.81366        1        -0.776621        -0.479968        -0.482541
Mo        10.08745        7.11141        3.97379        1        -0.279094        -0.451637        -0.600627
Mo        13.51982        8.74260        3.76994        1        1.363551        0.455179        1.179524
Mo        17.17339        0.05921        3.63686        1        -0.273540        -0.918824        -1.787512
Mo        21.79851        1.87853        4.08078        1        0.356932        -0.194794        0.202885
Mo        17.68176        3.56961        3.51652        1        0.027489        -0.933564        0.292017
Mo        21.27100        5.36487        3.92705        1        -0.384198        0.187717        -0.469047
Mo        17.41589        7.16143        3.83438        1        0.129483        0.833274        -0.853393
Mo        21.78847        8.68480        4.01188        1        -0.606567        -0.373350        0.161998
Te        1.94304        1.80041        5.61051        2        -0.447630        0.612382        0.473939
Te        5.53040        3.51051        5.66725        2        -0.517391        0.380062        0.481216
Te        2.01351        1.86766        2.15172        2        -0.690708        0.100477        -0.007555
Te        5.58825        0.13471        2.16908        2        -0.612625        -0.854266        0.247384
Te        1.30659        5.40806        5.28666        2        0.847772        0.149424        0.667378
Te        5.10163        7.06299        5.63847        2        0.309851        0.501650        0.100025
Te        2.05799        5.38984        2.16044        2        -0.886787        -0.173847        -1.342288
Te        5.54804        3.35166        2.41090        2        -0.337085        1.623080        -0.468526
Te        1.72585        8.82836        5.69847        2        0.594238        0.365341        -0.262659
Te        5.23733        0.05157        5.71055        2        0.401649        -0.331874        -0.169673
Te        1.69113        8.93180        2.19721        2        -0.079278        0.600501        -0.140760
Te        5.37696        6.92562        2.24564        2        -0.127394        0.958087        0.029929
Te        8.98328        1.59551        5.80413        2        0.410603        0.778870        0.228448
Te        12.99519        3.60319        5.65106        2        -0.402393        0.252218        -0.751723
Te        9.26185        1.75340        2.44095        2        -0.539706        -0.229835        -0.031523
Te        12.46812        10.60512        2.32802        2        -0.347580        0.863704        -0.969165
Te        8.87602        5.33023        5.68504        2        0.798675        0.075234        0.888577
Te        12.26548        7.20784        5.60111        2        0.865701        -0.598412        -0.001511
Te        9.03565        5.08706        2.37699        2        -0.157849        0.843986        -0.110509
Te        12.57487        3.39645        2.00397        2        0.167658        1.116736        1.359511
Te        8.92104        8.88914        5.71937        2        -0.928087        -0.956103        0.413911
Te        12.81285        0.21355        5.62579        2        -0.401178        -0.807358        -0.587990
Te        8.74760        8.80983        2.27729        2        0.288828        0.344437        0.438012
Te        12.21174        7.19596        1.97164        2        0.265015        -0.813492        0.922752
Te        16.78166        1.70575        5.52563        2        -0.547478        1.297445        -0.134110
Te        20.31137        3.50905        5.63827        2        -0.075209        -0.131912        -0.225416
Te        16.23118        1.96119        1.74036        2        0.157133        -0.652975        1.324488
Te        19.81991        10.47078        3.30506        2        0.170404        0.653682        -0.162756
Te        16.62182        5.26007        5.40446        2        -0.869593        -0.458641        0.835402
Te        20.01192        7.12380        5.60573        2        0.013871        0.045075        -0.348674
Te        16.10957        5.34230        2.16297        2        0.239185        0.233616        -0.008215
Te        20.38877        3.43371        2.20657        2        -0.409546        0.025307        0.035465
Te        16.04403        8.95875        5.41616        2        -0.201842        -0.434908        0.050560
Te        21.30267        10.49948        5.96126        2        -0.067706        0.566439        -0.090637
Te        15.87572        8.64787        2.05729        2        0.044779        0.751473        0.335617
Te        19.76915        7.24157        2.24674        2        0.836636        -0.454502        0.281206
