54
Lattice="19.173937585 0.000456147 -0.025753600 -0.000245476 10.927967962 0.000007040 0.013560576 0.000001770 30.000000000" Properties=species:S:1:pos:R:3:tags:I:1:forces:R:3 energy=-319.68536460 stress= -3.54033 -8.39208 4.60656 0.07582 0.60778 0.12952 pbc="T T T"
Mo        2.11574        10.86236        3.99874        1        0.567149        -0.170349        -0.357331
Mo        4.42578        1.84776        4.05133        1        0.443723        -0.624898        0.094127
Mo        2.13185        3.49313        3.92699        1        0.161502        0.157035        -0.586273
Mo        4.35364        5.42738        4.14471        1        0.794920        0.407354        0.447793
Mo        2.16986        7.35079        4.05978        1        -1.157762        -0.024090        -1.765929
Mo        4.46965        9.17481        4.10025        1        0.169819        0.248427        0.565429
Mo        8.65847        0.29003        3.65031        1        -0.203186        -1.008164        -0.201030
Mo        10.93965        2.07247        4.07036        1        -0.381585        -0.457936        -1.014696
Mo        8.54771        3.75132        3.70980        1        -0.287123        0.246679        0.196310
Mo        10.83306        5.51100        3.96481        1        0.484587        0.295763        -0.381180
Mo        8.58195        7.32840        3.72867        1        -1.130000        -0.489973        0.414854
Mo        10.79150        9.06225        4.09955        1        0.555663        0.265103        -1.124594
Mo        14.98047        0.03140        3.71525        1        -0.396054        -0.636389        1.193604
Mo        17.39060        1.69518        4.00385        1        -1.347914        0.251336        -0.122321
Mo        14.90715        3.57586        3.71904        1        0.610541        -0.323448        0.208686
Mo        17.27339        5.21411        3.99566        1        -0.133717        0.800139        0.134158
Mo        15.04981        7.22048        3.69091        1        -0.910820        0.276767        0.302611
Mo        17.16822        9.09246        3.94267        1        0.446463        -0.057351        0.515473
Te        0.56495        1.77953        5.45498        2        0.341054        -0.249949        0.484412
Te        3.93596        3.60084        5.99980        2        -0.386276        -0.054046        0.778019
Te        6.00448        0.04547        2.42885        2        0.119773        0.147672        0.221923
Te        2.75054        1.63641        2.00918        2        -0.379743        0.454730        -0.337828
Te        0.56318        5.33571        5.41333        2        0.046631        0.029057        0.249176
Te        3.83574        7.36647        6.06061        2        0.479350        -0.233200        0.614352
Te        5.84098        3.72252        2.43319        2        0.513017        -0.035658        0.157982
Te        2.69989        5.49335        2.13886        2        -0.461998        -0.195441        -0.769297
Te        0.36398        9.01150        5.43369        2        0.899762        0.372864        0.268260
Te        3.98112        0.00890        6.07337        2        -0.356541        0.333918        -0.194246
Te        5.83440        7.34229        2.59255        2        0.767301        -0.401270        -0.474884
Te        2.85005        9.07256        2.03736        2        -0.794111        -0.146817        -0.047956
Te        7.00361        1.87548        5.13234        2        0.140661        0.257732        0.735499
Te        10.17458        3.84668        5.89417        2        -0.274980        -0.582874        0.723158
Te        12.37743        0.01808        2.54662        2        0.120844        0.253874        0.087609
Te        9.42149        2.05238        1.77993        2        -0.245262        -0.172236        0.121878
Te        6.93022        5.64122        5.27247        2        0.239014        -0.789979        0.026177
Te        10.08325        7.26026        5.89666        2        0.429424        0.028457        1.048059
Te        12.47055        3.76458        2.40546        2        -0.414360        -0.373362        -0.027928
Te        9.15318        5.60501        1.85593        2        0.084383        -0.612833        -1.090817
Te        7.07688        9.11454        5.16271        2        -0.118672        0.897000        0.465729
Te        10.18753        0.10794        5.84763        2        -0.044243        0.191394        0.351499
Te        12.37840        7.36661        2.51059        2        0.414611        -0.152949        -0.111039
Te        9.21928        9.08963        1.87905        2        0.182032        1.091331        -0.289916
Te        13.41145        1.82059        5.46107        2        0.215664        -0.050146        -0.647250
Te        16.52285        3.52453        5.83610        2        0.092373        -0.410107        0.987219
Te        18.88054        10.82571        2.47207        2        0.027316        -0.061449        0.003657
Te        15.76669        1.72453        1.87126        2        -0.414462        0.568836        -0.708813
Te        13.37484        5.37584        5.21934        2        0.180237        0.546043        0.281902
Te        16.63606        7.18208        5.88262        2        -0.196775        -0.076114        -0.340978
Te        18.78454        3.52476        2.45810        2        0.756232        0.066778        -0.276748
Te        15.66294        5.38104        1.85791        2        -0.051914        -0.043519        -0.698017
Te        13.38476        9.02855        5.29942        2        0.209529        0.152384        -0.207456
Te        16.71883        10.82684        5.87043        2        -0.745328        0.314624        0.519109
Te        18.76628        7.22905        2.63932        2        0.711787        -0.172301        -0.340988
Te        15.61450        9.10014        1.77149        2        -0.365436        -0.066046        -0.047981
