54
Lattice="19.166863819 0.000008540 -0.000615361 -0.000005198 11.065518238 0.000045896 0.042448411 0.000094922 30.000000000" Properties=species:S:1:pos:R:3:tags:I:1:forces:R:3 energy=-317.42990805 stress= -10.95819 -10.50856 -1.81202 1.77531 1.39582 -0.51293 pbc="T T T"
Mo        2.63936        10.94829        3.61490        1        -0.312161        0.964109        1.164756
Mo        5.78878        1.82706        4.10060        1        -1.747329        -0.199718        -0.259610
Mo        2.61873        3.75042        3.82952        1        -0.133515        -0.087050        -0.699100
Mo        5.71119        5.57609        3.84942        1        0.409696        -0.654130        0.624832
Mo        2.32504        7.39765        3.98433        1        0.301835        -1.566229        -2.491321
Mo        5.42326        9.23777        4.08695        1        0.061230        0.098570        -1.805271
Mo        8.60007        10.99345        4.12515        1        0.854834        0.661195        -0.607537
Mo        11.73155        1.85124        4.15985        1        0.119002        -0.165107        -0.704898
Mo        8.83020        4.01676        3.99072        1        -0.516769        -1.200602        1.026747
Mo        12.05843        5.46615        4.02884        1        -0.610246        0.817357        0.985720
Mo        8.72744        7.36497        4.08523        1        0.350655        0.277220        -0.672695
Mo        12.03843        9.31274        4.06049        1        -0.530832        -0.082765        0.236091
Mo        15.18351        10.96711        3.95861        1        0.476136        0.357145        -0.307713
Mo        18.42999        1.85920        3.61825        1        0.154050        -0.663443        0.575860
Mo        15.22184        3.67769        3.85666        1        0.613496        -0.185261        1.204719
Mo        18.38202        5.33249        3.70061        1        2.271852        0.508927        0.196515
Mo        15.16378        7.41459        3.99593        1        0.514763        0.325654        -0.956341
Mo        18.52374        9.32999        3.77617        1        -1.164147        -0.631569        -0.821939
Te        1.56868        1.69483        5.39705        2        -0.934773        0.643953        -0.406705
Te        4.51951        3.60283        5.69470        2        0.896797        0.765948        0.157858
Te        1.63544        2.00955        2.08811        2        -0.662553        -1.191820        -0.851618
Te        4.86615        0.07626        2.06018        2        -0.453675        -0.155197        0.764600
Te        1.43731        5.30124        5.60301        2        -0.982586        1.027133        0.054454
Te        4.41591        7.20527        5.59237        2        0.244931        0.591874        1.030962
Te        1.41112        5.51566        1.92719        2        0.150809        0.206023        1.257598
Te        4.81723        3.65249        2.15499        2        -0.117487        -0.091520        0.246931
Te        1.34867        9.34237        5.47301        2        0.492179        0.068806        1.339196
Te        4.27613        0.07909        5.88502        2        1.284489        -0.603138        -1.201634
Te        1.47709        9.11863        2.02116        2        -0.330863        0.166917        -0.367484
Te        4.60155        7.32898        2.05120        2        -0.519819        0.513759        1.274494
Te        7.80405        1.90717        5.94392        2        -0.112009        0.273824        -0.774539
Te        10.78635        3.82913        5.88014        2        0.680583        -0.189184        -0.112188
Te        7.82080        1.97796        2.41734        2        0.583130        -0.122516        -0.491603
Te        10.70271        11.00536        2.22332        2        0.241692        0.323052        1.178004
Te        7.68049        5.66289        5.91651        2        -0.220987        -0.355197        -0.848200
Te        10.97202        7.36211        5.89586        2        0.016170        0.194839        -1.067420
Te        7.84166        5.73702        2.07521        2        -0.090803        -0.269097        0.596045
Te        10.96639        3.69077        2.34630        2        -0.268551        0.229517        -0.888821
Te        7.48956        9.06456        5.72321        2        0.291393        0.782619        1.290599
Te        10.71674        11.04325        5.79950        2        0.403362        -0.412870        0.673880
Te        7.54454        9.28161        2.28404        2        0.372430        -0.621880        0.514238
Te        10.92918        7.46723        2.38269        2        0.143119        -0.509735        0.111461
Te        14.05234        1.75096        5.66954        2        0.284131        0.563968        0.174815
Te        17.45862        3.58728        5.48989        2        -0.493270        -0.247894        0.311962
Te        13.89924        1.78915        2.40246        2        0.138745        -0.017364        -0.610565
Te        17.16339        10.93147        1.92471        2        0.564977        0.638537        0.996523
Te        14.18983        5.60735        5.73847        2        0.330188        -0.834920        0.184051
Te        17.58788        7.20616        5.40889        2        -0.806814        1.124275        0.740240
Te        14.14989        5.53474        2.34249        2        -0.268030        0.354381        -1.635010
Te        17.45588        3.69604        1.88783        2        -1.423631        -0.777879        -0.394928
Te        14.26094        9.22261        5.78308        2        -0.428972        0.007894        0.230253
Te        17.47733        0.14074        5.61973        2        -0.223098        -0.461573        -0.941617
Te        13.97618        9.35181        2.12913        2        0.480543        -0.795707        0.558041
Te        17.34529        7.30373        2.10653        2        -0.372228        0.592978        0.188457
