54
Lattice="18.429676749 0.000008540 -0.000615361 -0.000005198 11.278316666 0.000045896 0.042448411 0.000094922 30.000000000" Properties=species:S:1:pos:R:3:tags:I:1:forces:R:3 energy=-318.53563741 stress= -3.83173 -12.79915 -3.26381 0.26084 -0.00485 0.09917 pbc="T T T"
Mo        2.26721        0.12002        3.82994        1        0.646520        -0.089515        0.799531
Mo        5.36043        1.63711        4.02376        1        -0.241759        0.919322        -1.326439
Mo        2.21981        3.76166        3.82380        1        1.134250        0.152370        -0.631227
Mo        5.57501        5.53223        3.95140        1        -1.724452        -0.279789        -2.579929
Mo        2.41690        7.60867        3.82317        1        -0.035173        -0.507217        0.681221
Mo        5.31914        9.26084        3.88881        1        -0.108948        -0.501908        0.101333
Mo        8.38106        11.07188        3.87171        1        0.198319        0.963877        -0.200769
Mo        11.44826        1.89673        3.96986        1        0.365310        -0.865044        -0.720421
Mo        8.53065        3.57422        3.92318        1        -0.619654        0.591517        0.470389
Mo        11.52692        5.74008        4.01475        1        1.090796        -0.927832        -0.743781
Mo        8.48437        7.32901        4.00686        1        -0.303190        0.326346        -0.865852
Mo        11.49152        9.26776        4.10922        1        0.142536        0.066925        -0.370517
Mo        14.55127        0.01954        4.05561        1        -0.146807        0.555798        -0.772269
Mo        17.67834        2.04473        3.89449        1        0.227495        -0.687668        -0.122820
Mo        14.45165        3.98453        3.95047        1        0.759596        0.092261        -0.670617
Mo        17.75225        5.77349        3.89343        1        -1.270502        1.122350        -0.456071
Mo        14.66886        7.70097        4.04717        1        -0.011485        0.595617        -0.578916
Mo        17.79951        9.47254        3.96311        1        0.087529        -0.515160        -1.396993
Te        1.41449        2.03265        5.67884        2        -0.978126        -0.496838        -0.271308
Te        4.42841        3.75310        5.67427        2        -0.546900        -0.675366        -0.582549
Te        1.18774        1.81066        1.90571        2        0.181612        0.979627        1.124612
Te        4.40279        11.16298        2.11014        2        -0.104048        0.381121        0.386806
Te        1.28017        5.62994        5.60969        2        1.047539        0.463645        0.331889
Te        4.42670        7.22640        5.65058        2        -0.194689        1.369330        0.076408
Te        1.37477        5.84272        2.12352        2        -0.364621        -0.911514        -0.511018
Te        4.46857        3.64685        2.11549        2        -0.306670        -0.236766        1.026676
Te        1.44353        9.46741        5.69423        2        -0.185904        -0.116839        -0.400003
Te        4.22329        11.08202        5.75366        2        0.771199        0.334501        -0.522836
Te        1.47768        9.57676        2.07902        2        -1.029973        -0.899421        0.053414
Te        4.43376        7.31357        1.95029        2        0.351897        0.485552        1.302071
Te        7.36385        1.70829        5.72329        2        0.841293        -0.129790        0.021816
Te        10.55624        3.70280        5.83530        2        -0.393447        0.295211        -0.681797
Te        7.46475        1.67101        2.15942        2        -0.236622        0.430167        0.258698
Te        10.55437        11.08618        2.19706        2        -0.195745        0.435974        0.380803
Te        7.40672        5.53122        5.71736        2        1.729272        -0.628234        0.868769
Te        10.70218        7.34939        5.85162        2        -1.800586        0.873596        0.694796
Te        7.54276        5.34627        2.03923        2        0.259222        0.573222        0.935675
Te        10.70383        3.80926        2.26895        2        -0.746106        -0.098311        -0.457538
Te        7.50330        9.27367        5.61112        2        -0.896290        -0.435188        0.688520
Te        10.34900        11.16826        5.64982        2        0.685888        0.473155        0.734351
Te        7.30257        9.34224        2.07111        2        0.746574        -0.901326        0.423826
Te        10.42331        7.44248        2.20742        2        0.491459        0.380965        0.083251
Te        13.45667        2.03808        5.64169        2        1.008886        -0.281420        0.785971
Te        16.68247        3.97247        5.59593        2        -0.427488        -0.544241        0.461002
Te        13.63296        1.98848        2.14447        2        -0.436238        -0.368935        0.903406
Te        16.62440        0.07905        2.21734        2        -0.031658        -0.117397        0.281410
Te        13.67209        5.92943        5.73917        2        -0.285865        -1.019262        0.365937
Te        16.78259        7.70463        5.77877        2        0.206860        -0.555542        -0.338128
Te        13.58735        6.00301        2.08808        2        -0.059074        -0.757835        1.201864
Te        16.56706        4.00825        2.18606        2        0.170237        -0.522053        -0.054343
Te        13.65209        9.56907        5.99230        2        -0.351149        -0.472593        -0.969214
Te        16.77112        11.23966        5.62964        2        -0.210085        1.350461        0.654684
Te        13.44510        9.42672        2.33612        2        0.919424        0.327004        -0.333828
Te        16.68692        7.68482        2.14872        2        0.173877        -0.018145        0.447410
