54
Lattice="19.173937585 0.000456147 -0.025753600 -0.000245476 10.309403738 0.000007040 0.013560576 0.000001770 30.000000000" Properties=species:S:1:pos:R:3:tags:I:1:forces:R:3 energy=-319.16865724 stress= 0.41529 -1.53372 -4.45552 -1.67051 3.18618 0.93986 pbc="T T T"
Mo        2.13327        0.29146        3.67000        1        0.357750        -1.177973        1.116024
Mo        4.32747        1.87826        3.70295        1        0.992470        -0.560813        0.606467
Mo        2.19542        3.49508        3.53673        1        -0.967303        -0.099775        -0.337862
Mo        4.43549        5.26371        3.72915        1        0.075128        -0.115691        0.291572
Mo        2.07695        6.74043        3.77825        1        0.853341        -0.461979        -0.901460
Mo        4.39628        8.43464        3.98726        1        0.955138        1.838982        -0.682954
Mo        8.57480        10.26695        3.89272        1        -0.104121        -0.065276        0.132899
Mo        10.95006        1.68767        3.97684        1        -0.302411        0.294992        1.014195
Mo        8.51007        3.46311        3.76332        1        0.221780        -0.527954        0.082879
Mo        10.82962        5.17030        4.05435        1        -0.091132        -0.088293        0.802143
Mo        8.55355        6.88256        3.95290        1        0.029127        0.145230        -1.944232
Mo        10.95947        8.55016        4.12779        1        -0.717196        0.172846        0.680046
Mo        15.05501        0.06643        4.04229        1        -0.722120        -0.348119        -0.464265
Mo        17.16337        1.81720        4.01738        1        1.100334        -0.771766        1.186192
Mo        14.87231        3.43604        3.72253        1        0.507062        -0.057991        1.461773
Mo        17.20031        5.02942        4.11842        1        -0.216840        0.747746        -0.424038
Mo        14.80246        6.76437        4.12049        1        1.918366        -0.010713        0.263780
Mo        17.37167        8.53147        4.10459        1        0.221779        0.234095        1.027393
Te        0.50431        1.75479        5.28143        2        0.502617        0.425788        0.311089
Te        3.79826        3.61093        5.71016        2        -0.069950        -0.618802        0.174525
Te        6.34450        10.29474        2.42523        2        -1.862359        -0.041066        -0.311537
Te        2.52780        1.71148        1.47232        2        0.923323        0.421293        0.399760
Te        0.53077        4.94762        5.37791        2        0.385192        0.333684        -0.016918
Te        3.64081        6.90722        5.88822        2        0.447531        -0.956263        0.726301
Te        6.11026        3.40066        2.24762        2        0.021424        0.248931        -0.291959
Te        2.88640        5.17467        1.49159        2        -0.458346        0.246202        1.013609
Te        0.82657        8.59428        5.46060        2        -0.770136        0.274040        -0.605545
Te        3.84429        0.16790        5.83741        2        -0.168990        -0.404211        -0.835954
Te        6.12192        6.92429        2.15057        2        -0.224974        0.226170        1.010636
Te        2.81286        8.62273        1.89631        2        -0.378268        -0.214465        -0.344480
Te        6.71876        1.74839        5.35252        2        0.686966        0.219397        -0.641436
Te        10.09740        3.41422        5.99884        2        0.015274        -0.106328        -0.732325
Te        12.55602        10.22194        2.50655        2        0.212260        0.359370        0.381549
Te        9.38471        1.54053        1.88246        2        -0.649052        1.074372        -0.221342
Te        6.74174        5.25445        5.24060        2        0.574805        -0.630525        0.246627
Te        10.08327        6.83471        6.17681        2        0.680445        0.144993        -0.895203
Te        12.42464        3.57751        2.35761        2        -0.205888        -0.425745        0.158458
Te        9.18131        5.20120        1.84990        2        0.187853        0.010764        0.431027
Te        6.87713        8.48944        5.49855        2        0.076382        0.491996        -0.373663
Te        10.14124        0.04526        5.99748        2        0.583635        -0.126626        0.431070
Te        12.62718        6.95043        2.58022        2        -1.180908        -0.416118        0.002831
Te        9.23367        8.57957        1.88834        2        0.461971        -0.408132        0.948942
Te        13.37001        1.80622        5.40003        2        -0.512090        -0.321543        0.247162
Te        16.40681        3.35350        6.09636        2        0.114557        0.392620        -0.716358
Te        18.81968        0.03819        2.52590        2        -0.310252        -0.493026        -0.542203
Te        15.69148        1.65197        1.85448        2        -0.872991        -0.065580        -0.216593
Te        13.28065        5.00098        5.63740        2        -0.108747        0.383810        -0.782516
Te        16.74904        6.91825        6.12431        2        -0.156910        -0.896562        -0.264302
Te        18.77921        3.32834        2.31598        2        -0.435018        0.871627        0.144520
Te        15.58573        5.21218        1.90858        2        0.111060        0.318376        0.427881
Te        13.47420        8.67178        5.82336        2        -0.290091        -0.162869        -1.043833
Te        16.86014        10.27530        6.14317        2        -0.248117        0.329074        -0.812878
Te        18.88529        6.72090        2.48619        2        -0.951298        0.351593        -0.151541
Te        15.59429        8.52941        2.21993        2        -0.200777        0.020675        -1.145888
