54
Lattice="19.904050889 0.000008540 -0.000615361 -0.000005198 10.639921383 0.000045896 0.042448411 0.000094922 30.000000000" Properties=species:S:1:pos:R:3:tags:I:1:forces:R:3 energy=-318.63298320 stress= -17.00312 -5.53472 -4.04567 0.87090 -1.44301 -0.43923 pbc="T T T"
Mo        2.53154        0.08972        3.89018        1        0.023578        -0.958937        0.081446
Mo        5.90757        1.88823        3.85891        1        -0.758823        0.037848        -1.001887
Mo        2.69240        3.60038        3.80839        1        -0.059252        0.035588        1.375197
Mo        5.99298        5.48453        3.82311        1        -0.176231        -0.299432        -0.796793
Mo        2.50331        7.25826        3.86411        1        0.645402        -0.581259        0.353164
Mo        5.91189        8.98051        3.81910        1        -0.540377        -0.127641        -0.148366
Mo        9.22847        0.01151        3.94894        1        -0.571497        -0.651195        -0.595223
Mo        12.47727        1.73927        4.16690        1        0.421521        0.081478        -0.129101
Mo        9.26503        3.50288        3.93464        1        0.046963        -0.551573        -1.035329
Mo        12.35985        5.44608        4.00829        1        1.117124        -0.890757        0.251518
Mo        9.33121        7.03025        3.78612        1        -0.714622        -0.542640        -0.525541
Mo        12.34414        8.83900        4.14102        1        -0.436060        -0.341748        -1.083473
Mo        15.57864        10.52173        4.01680        1        0.410362        0.176869        0.291754
Mo        19.14806        1.74047        3.90155        1        -0.416283        -0.337890        0.317221
Mo        15.78671        3.38654        3.95258        1        -0.118771        0.248689        1.416091
Mo        19.12105        5.27442        3.92342        1        -0.074895        0.640358        0.308528
Mo        15.77930        7.07187        3.91821        1        -0.071071        0.084668        0.123840
Mo        19.13357        8.77783        3.88942        1        -0.530165        0.465932        0.737656
Te        1.44577        1.77250        5.65918        2        0.094936        0.617688        -0.241733
Te        4.94750        3.74903        5.66301        2        -0.492290        -0.277083        -0.672169
Te        1.42068        1.87030        2.17041        2        -0.143881        -0.231949        -0.462201
Te        4.64644        0.07636        2.06010        2        0.370268        0.360032        0.538034
Te        1.63627        5.29061        5.72086        2        -0.589915        0.386472        -0.909596
Te        4.74301        7.20415        5.59324        2        0.128057        0.280502        -0.456376
Te        1.36926        5.39215        2.25411        2        0.292653        -0.046671        -0.739971
Te        4.83617        3.66868        2.03357        2        0.044251        0.178435        0.419925
Te        1.42035        8.89508        5.75058        2        -0.078173        0.271387        -0.848142
Te        4.84237        0.18300        5.63300        2        -0.626419        -0.653740        -0.279039
Te        1.25960        8.93372        2.09087        2        0.703336        0.303459        0.235445
Te        4.76095        7.28861        1.99519        2        -0.175171        -0.384881        0.815761
Te        7.93668        1.71045        5.56646        2        0.931864        0.487077        1.026603
Te        11.45719        3.60456        5.88897        2        -0.713990        -0.118776        -0.688868
Te        8.01124        1.71413        2.09846        2        0.714673        0.296234        0.427071
Te        11.37786        0.00689        2.31674        2        0.046457        0.318402        0.032555
Te        8.14289        5.26272        5.55227        2        -0.197917        0.493144        0.312606
Te        11.10847        7.02538        5.79012        2        0.696221        0.423547        0.392101
Te        8.23995        5.24753        1.94397        2        -0.101538        0.044930        1.108227
Te        11.54486        3.48512        2.27389        2        -0.769974        0.245504        0.268403
Te        8.05987        8.69729        5.47574        2        0.010651        0.680140        0.817548
Te        11.26695        10.57266        5.89310        2        -0.293192        0.565435        -0.055649
Te        8.14064        8.82866        2.09974        2        0.013268        0.447433        0.096876
Te        11.52196        7.24415        2.09383        2        -0.722826        -0.827887        0.360390
Te        14.69903        1.70514        5.91474        2        -0.061817        -0.050638        -0.705824
Te        18.08439        3.50834        5.65331        2        -0.364001        -0.271518        0.385873
Te        14.51936        1.67383        2.28273        2        0.170312        -0.053035        -0.070288
Te        17.76953        10.54821        2.21893        2        0.357742        0.153207        0.476763
Te        14.74381        5.29967        5.76650        2        -0.313185        -0.183944        -0.756607
Te        17.99526        7.06335        5.71173        2        0.010959        -0.180687        -0.520121
Te        14.57567        5.17586        2.32120        2        0.212970        0.591266        -0.364879
Te        17.89215        3.49779        2.22912        2        0.431764        -0.058822        -0.566321
Te        14.44946        8.71228        5.75904        2        1.047696        0.129378        0.238765
Te        17.94204        10.54709        5.72432        2        0.024146        0.097474        -0.880847
Te        14.31139        8.82181        2.20475        2        1.448267        -0.061153        0.584127
Te        17.99872        7.08899        2.06486        2        -0.279681        -0.465192        0.725680
