54
Lattice="19.166863819 0.000008540 -0.000615361 -0.000005198 11.065518238 0.000045896 0.042448411 0.000094922 30.000000000" Properties=species:S:1:pos:R:3:tags:I:1:forces:R:3 energy=-320.64610030 stress= -10.21795 -10.65191 2.17241 2.43730 -0.54294 0.21429 pbc="T T T"
Mo        2.46860        0.05255        4.01571        1        -0.864335        -0.266976        -0.761904
Mo        5.63887        1.82898        3.92804        1        -0.342378        -0.081024        0.173307
Mo        2.39909        3.71608        3.93626        1        -0.583174        -0.232716        -0.767189
Mo        5.62151        5.52012        3.86267        1        -0.099782        -0.153087        1.121364
Mo        2.35386        7.31797        3.91018        1        1.180107        1.612200        0.475500
Mo        5.56404        9.14909        3.83914        1        0.640704        0.324816        1.157833
Mo        8.78914        11.02204        3.97197        1        0.328455        0.138226        0.037169
Mo        12.06796        1.81087        3.94975        1        -0.258003        -0.594937        -0.273068
Mo        8.79081        3.61069        3.92476        1        0.485034        0.320149        0.117802
Mo        11.97363        5.46628        3.95477        1        0.435484        -0.129893        -0.249734
Mo        8.76974        7.36904        3.98369        1        1.284622        0.087794        -0.901898
Mo        11.99244        9.10133        4.01193        1        0.472832        0.159659        -0.342341
Mo        15.30993        11.06060        3.89809        1        -1.389819        0.444564        0.371540
Mo        18.44566        1.90973        3.88359        1        0.099931        0.301807        0.077957
Mo        15.34265        3.71761        3.83730        1        -0.952940        -0.082049        0.915638
Mo        18.35452        5.62898        3.95432        1        -0.016019        -0.202232        -0.944214
Mo        15.25788        7.39455        3.92284        1        -1.068045        -0.049571        0.342385
Mo        18.36952        9.39534        3.90654        1        -0.070720        -0.600277        0.252043
Te        1.43511        1.83394        5.75181        2        -0.547219        0.521596        -0.298709
Te        4.46931        3.57818        5.64028        2        0.659917        0.849473        0.362860
Te        1.40013        1.83226        2.11916        2        0.048300        0.234321        0.531923
Te        4.45657        0.02022        2.25273        2        0.666855        -0.124518        -1.008396
Te        1.31884        5.55831        5.63185        2        -0.104177        -0.167797        0.831582
Te        4.52373        7.27405        5.66614        2        -0.016947        0.313536        -0.277693
Te        1.30326        5.70021        2.17571        2        -0.326710        -1.314301        -0.630777
Te        4.53598        3.71844        2.20002        2        -0.031853        -0.386891        -0.515398
Te        1.37010        9.28646        5.69527        2        -0.248192        -0.423828        -0.102613
Te        4.60524        11.04381        5.65492        2        0.226093        -0.331090        0.447405
Te        1.33030        9.26649        2.20475        2        0.222211        0.185497        0.078956
Te        4.56940        7.34707        2.11834        2        -0.548919        -0.153846        -0.158961
Te        7.72274        1.81855        5.73119        2        0.082526        -0.082691        -0.020118
Te        10.95148        3.57463        5.69327        2        -0.177498        0.246100        0.112742
Te        7.72135        1.78887        2.23431        2        0.255473        0.010757        -0.762042
Te        11.02145        10.93191        2.20478        2        -0.403302        0.324742        0.311788
Te        7.79574        5.50123        5.63394        2        -0.667642        -0.346555        0.531473
Te        10.92589        7.25680        5.75643        2        -0.118208        0.143540        -0.070131
Te        7.77404        5.61595        2.22138        2        -0.004948        -0.786569        -0.687347
Te        10.98718        3.56742        2.21709        2        -0.408495        0.416504        -0.392298
Te        7.75863        9.08374        5.68551        2        -0.816080        0.983639        0.308428
Te        10.97048        11.01110        5.65890        2        -0.102268        0.021534        0.478212
Te        7.78180        9.30495        2.15314        2        -0.314096        -0.690743        0.069177
Te        10.93271        7.29410        2.21655        2        -0.102580        0.135017        -0.007373
Te        14.21138        1.81316        5.60464        2        0.312123        0.415591        0.306139
Te        17.39559        3.73919        5.68685        2        -0.149451        -0.005211        -0.203796
Te        14.11744        1.90888        2.13700        2        0.526731        -0.398009        0.120098
Te        17.26911        0.14389        2.13668        2        0.834980        -0.251846        -0.535868
Te        14.07973        5.51062        5.69808        2        0.744019        -0.115107        -0.503291
Te        17.29716        7.47631        5.66960        2        0.469568        0.179974        0.267016
Te        14.22472        5.56583        2.15189        2        -0.505188        -0.054522        0.205509
Te        17.37280        3.74389        2.05719        2        0.432908        0.202530        0.462927
Te        14.19091        9.15957        5.71574        2        -0.025004        0.340276        -0.118115
Te        17.35142        0.15525        5.65509        2        0.210869        -0.278658        0.485235
Te        14.12836        9.26258        2.23702        2        -0.066853        -0.430517        -0.253824
Te        17.26138        7.53052        2.16973        2        0.701649        -0.207468        -0.176470
