54
Lattice="19.173937585 0.000456147 -0.025753600 -0.000245476 11.134156037 0.000007040 0.013560576 0.000001770 30.000000000" Properties=species:S:1:pos:R:3:tags:I:1:forces:R:3 energy=-317.03411756 stress= -4.90136 -9.74864 2.85439 -2.05614 -1.46097 1.10576 pbc="T T T"
Mo        1.99799        0.07707        3.79462        1        0.933153        -0.052721        1.427873
Mo        4.50805        1.89091        4.22366        1        -0.117567        0.368556        -1.241486
Mo        2.21301        3.73754        3.79375        1        -1.040591        -1.265536        0.503822
Mo        4.42691        5.28997        4.04768        1        1.611155        0.311876        1.184780
Mo        2.13761        7.40862        3.86441        1        0.337282        0.251185        -1.730100
Mo        4.28346        9.43113        4.27179        1        0.931698        0.484409        -0.989144
Mo        8.62441        11.05727        4.06364        1        -0.662031        -0.493501        -0.302492
Mo        10.89733        1.64679        4.07044        1        -0.246438        1.589220        -0.572618
Mo        8.55758        3.41917        3.91506        1        0.157203        -0.027500        0.324768
Mo        10.85359        5.30449        4.03234        1        -0.649176        0.488836        -0.373783
Mo        8.52682        7.34530        3.97542        1        -0.057022        0.573616        1.242058
Mo        10.92045        9.33986        4.11817        1        -0.142878        0.170764        -1.095579
Mo        15.04808        0.35641        3.52807        1        -0.013683        0.326735        2.057607
Mo        17.20712        2.15116        3.83592        1        1.575563        -0.114362        0.212824
Mo        14.99934        3.87460        3.47506        1        -0.718292        -0.734843        1.030948
Mo        17.21866        5.69863        3.93717        1        -0.304578        -0.711984        -0.691885
Mo        14.84410        7.29976        3.72327        1        0.705729        -0.136203        -0.330918
Mo        17.19941        9.14777        3.86894        1        0.201796        0.617211        0.512262
Te        0.52881        2.03420        5.29923        2        -0.162890        -0.113647        -0.171016
Te        3.75616        3.74877        6.08443        2        -0.095927        -0.384728        0.032978
Te        6.01035        11.02194        2.76890        2        0.131215        0.263952        -0.104329
Te        2.86167        1.73450        2.01542        2        0.425895        1.116444        -0.794935
Te        0.63545        5.60771        5.21882        2        -0.726073        -0.249553        0.835995
Te        3.82843        7.39922        5.81164        2        0.097638        -0.969807        1.917131
Te        6.07980        3.52843        2.55185        2        -0.211745        -0.072639        0.353403
Te        2.86146        5.42294        2.00202        2        -0.218073        1.396916        -1.922404
Te        0.51285        9.40896        5.24640        2        -0.080587        -0.878708        0.091625
Te        3.71194        0.22595        5.98866        2        -0.861042        -0.935941        1.387460
Te        5.86265        7.29075        2.82384        2        0.460657        0.709335        -0.311488
Te        2.96329        9.30867        1.99198        2        -0.700331        -0.167501        -0.121915
Te        7.14516        1.62387        5.74144        2        -0.331803        0.558203        -0.652668
Te        10.28096        3.65133        5.99440        2        -0.039203        -0.658436        0.037311
Te        12.24731        0.05591        2.41244        2        0.996269        -0.126763        -0.118571
Te        9.06197        1.55858        1.97850        2        0.174695        0.504719        0.414162
Te        6.99754        5.42449        5.43720        2        -0.087985        -0.304227        -0.114324
Te        10.45131        7.40653        5.92780        2        -0.384382        -0.565941        -0.142978
Te        12.30951        3.77300        2.25049        2        0.148353        -0.302365        0.590530
Te        8.87088        5.49950        2.15914        2        0.630479        -0.684607        -0.880243
Te        6.76412        9.22796        5.56581        2        0.912312        0.042466        -0.175409
Te        10.54315        11.08424        6.01705        2        -0.406646        0.047822        1.466926
Te        12.30747        7.49023        2.56106        2        -0.135713        -0.752542        0.221149
Te        9.12968        9.12706        2.09483        2        -0.150717        0.457495        0.030529
Te        13.53508        1.91245        5.23327        2        -0.200345        0.135868        -0.476459
Te        16.52374        3.75145        5.78983        2        -0.130213        0.860478        -0.071976
Te        18.72720        0.11037        2.43805        2        -0.041585        -0.326714        -0.050403
Te        15.83159        1.94256        1.66057        2        -0.631327        1.151295        -1.725808
Te        13.34135        5.39850        5.25814        2        0.576325        0.390489        -0.349385
Te        16.48963        7.46953        5.88119        2        0.415124        -0.140969        -0.133168
Te        18.78091        4.00914        2.13459        2        0.227694        -0.682359        1.009145
Te        15.53602        5.75862        1.65048        2        0.416595        -0.128769        0.193348
Te        13.73486        9.45391        4.90114        2        -1.132432        0.034755        0.404867
Te        16.80276        0.11253        5.72238        2        -0.649596        -0.086463        -0.955762
Te        18.95361        7.35125        2.42385        2        -0.727230        0.654700        -0.063203
Te        15.49139        9.49027        1.88688        2        0.005585        -1.427456        -0.812392
