54
Lattice="19.173937585 0.000456147 -0.025753600 -0.000245476 10.721779888 0.000007040 0.013560576 0.000001770 30.000000000" Properties=species:S:1:pos:R:3:tags:I:1:forces:R:3 energy=-315.32684267 stress= -2.01477 -5.60903 -2.07546 -0.51406 -0.07371 0.59604 pbc="T T T"
Mo        2.07009        0.34268        3.85494        1        2.356121        -0.153909        -0.587079
Mo        4.57691        1.87013        4.23766        1        -0.991737        0.864022        -2.267479
Mo        2.12986        3.66793        3.92296        1        -0.399524        -0.037129        -0.813987
Mo        4.42681        5.30066        4.09535        1        -0.015839        0.011341        -0.580465
Mo        2.09944        6.81826        3.95901        1        0.287144        1.006953        -0.038024
Mo        4.45265        9.06742        3.85507        1        1.748639        -0.454186        2.834274
Mo        8.79250        0.04946        3.57064        1        -2.382937        -1.051600        1.079278
Mo        10.73907        1.77641        3.93905        1        1.512772        0.373561        -1.988144
Mo        8.72520        3.51269        3.81174        1        -2.173869        -1.156090        -0.537524
Mo        10.95323        5.14725        3.85141        1        -0.223266        0.142292        0.056350
Mo        8.65961        7.08699        3.73768        1        -0.817778        -0.306356        -0.069064
Mo        10.86334        9.03177        3.76734        1        -0.158145        -0.450016        1.885289
Mo        14.78585        0.04025        3.86115        1        0.919283        0.360817        -0.019433
Mo        17.30615        1.62184        3.92554        1        -0.611076        0.768310        0.474829
Mo        14.84834        3.28186        3.81224        1        0.331249        0.484468        0.154705
Mo        17.16995        5.42181        4.24646        1        -0.384618        -0.495724        0.525481
Mo        14.90509        7.54967        3.94326        1        0.586029        0.003074        0.653479
Mo        17.35739        8.97418        4.26149        1        -0.520511        -0.495134        -1.080929
Te        0.70101        1.81562        5.42846        2        -1.526420        0.810160        0.998994
Te        3.67335        3.68062        6.15287        2        0.490321        -0.481195        -0.243941
Te        5.95664        0.11517        2.39819        2        0.460215        -0.082444        -0.031922
Te        2.94823        1.98672        1.90651        2        0.013926        -0.006404        0.639901
Te        0.43594        5.40334        5.59967        2        0.824863        -0.373399        -0.319205
Te        3.93638        7.11119        6.03873        2        -0.022149        0.633685        -0.963175
Te        6.11398        3.57189        2.67343        2        0.084838        -0.354808        -0.476046
Te        2.82555        5.38934        1.87149        2        0.180892        -0.290695        0.275566
Te        1.08561        8.98446        5.39594        2        -1.774955        -0.398405        0.054888
Te        3.80353        0.07745        5.86803        2        -0.194338        -1.195733        1.379855
Te        6.03573        6.95165        2.27735        2        -0.264805        0.783023        0.973385
Te        2.83256        9.15211        2.00994        2        -1.500180        -0.954871        -1.563561
Te        6.96790        1.49415        5.52111        2        0.868019        0.429288        -0.298739
Te        10.18205        3.37968        5.95213        2        0.704885        1.194617        0.414115
Te        12.39406        10.70825        2.41458        2        0.664222        0.523206        -0.706025
Te        9.01034        1.58834        1.47400        2        0.630472        1.289672        1.131305
Te        6.96708        5.31125        5.23785        2        0.673776        0.252393        0.719399
Te        10.42133        7.10532        5.75690        2        -0.175818        -0.085961        -0.391048
Te        12.35378        3.41305        1.89349        2        -0.155946        0.148845        1.795436
Te        9.00671        5.18869        1.90232        2        0.962235        0.806630        -1.094136
Te        6.94010        9.14204        5.27688        2        0.352658        -0.585458        -0.484417
Te        10.43181        10.70200        5.84254        2        -0.921918        -0.454132        0.196363
Te        12.57393        7.25730        2.48353        2        -0.335925        -0.433334        -0.499841
Te        9.04964        8.76533        1.69135        2        0.168390        0.306762        0.170149
Te        13.27535        1.85892        5.33544        2        -0.679881        -0.280721        0.514429
Te        16.36533        3.27854        6.04118        2        0.787607        0.854040        -1.018200
Te        18.92109        10.54585        2.54009        2        -0.961880        0.425215        -0.436016
Te        15.53167        1.80964        1.79531        2        0.485265        -0.724880        0.190787
Te        13.50042        5.48804        5.08580        2        -0.575835        -1.019393        0.517105
Te        16.48439        7.15323        6.20768        2        0.224400        0.364569        -0.630365
Te        18.66462        3.71100        2.33082        2        0.349021        -0.355513        1.120984
Te        15.47049        5.32896        2.29066        2        0.053735        1.100116        -1.586384
Te        13.24609        9.10683        5.69221        2        0.761759        -0.225386        -1.412794
Te        16.45849        0.03630        5.98283        2        0.326796        -0.059200        0.446120
Te        18.86591        7.12244        2.49823        2        -0.305701        -0.143826        0.733882
Te        15.74053        9.15762        1.97004        2        0.274760        -0.849708        0.191367
