54
Lattice="19.557416337 0.000456147 -0.025753600 -0.000245476 10.309403738 0.000007040 0.013560576 0.000001770 30.000000000" Properties=species:S:1:pos:R:3:tags:I:1:forces:R:3 energy=-321.06155498 stress= -4.79459 -2.27991 -0.84045 1.25908 -1.37265 -0.41635 pbc="T T T"
Mo        2.18038        0.06876        3.98147        1        -0.253192        -0.153768        -0.921835
Mo        4.58986        1.76687        4.03380        1        0.153010        -0.205225        0.928431
Mo        2.27919        3.47568        4.01241        1        -0.907661        -0.332925        -1.295135
Mo        4.64913        5.13099        4.03988        1        -0.432782        0.379071        0.728335
Mo        2.13990        6.96488        3.94297        1        0.656909        -0.762966        0.011777
Mo        4.52606        8.57176        4.06532        1        0.522917        0.283478        -0.356183
Mo        8.71676        10.22246        3.78960        1        -0.839622        0.542033        -1.126898
Mo        10.98607        1.81636        3.83518        1        0.755122        -0.802226        0.093045
Mo        8.64774        3.38818        3.68860        1        0.352872        0.711738        -0.520778
Mo        11.03270        5.23141        3.92917        1        0.645745        -0.245966        -0.334278
Mo        8.79868        6.84495        3.70335        1        -0.896727        0.286485        0.140847
Mo        11.16466        8.61701        3.98099        1        -0.558578        -0.453850        -1.725204
Mo        15.15077        10.26928        3.89487        1        0.334812        0.071320        -0.955097
Mo        17.69917        1.66377        4.02616        1        -1.260312        -0.103307        -0.172768
Mo        15.22578        3.39342        3.90022        1        -0.165171        0.658042        0.391112
Mo        17.68328        5.08453        3.99488        1        -0.808532        -0.406113        0.501560
Mo        15.24232        6.80150        3.90604        1        0.365688        0.113882        -0.920725
Mo        17.61662        8.52313        3.96437        1        -0.356159        0.522924        0.319409
Te        0.51480        1.71743        5.53007        2        0.565943        -0.275429        -0.023817
Te        3.92017        3.50804        6.09537        2        0.516381        -0.288548        -0.030708
Te        6.07714        0.15511        2.37141        2        0.446011        -0.827016        0.439469
Te        2.86938        1.72843        1.98026        2        -0.263654        0.255939        0.097772
Te        0.53958        5.02916        5.47728        2        0.339709        0.705380        0.232533
Te        3.96523        6.95399        6.07932        2        -0.431495        -0.717770        -0.411235
Te        6.08902        3.47438        2.31159        2        0.254983        0.046912        0.466098
Te        2.93532        5.14862        2.00847        2        -0.580202        0.277140        -0.115805
Te        0.55767        8.59766        5.42382        2        -0.311818        0.012012        0.294089
Te        3.92508        10.28410        6.01982        2        0.137168        0.726652        0.336617
Te        6.03104        6.93812        2.43699        2        0.862193        -0.074877        -0.280724
Te        2.90720        8.66209        1.98378        2        -0.649610        -0.174737        -0.211922
Te        7.16184        1.77130        5.33659        2        -0.375918        -0.402996        0.013482
Te        10.32450        3.46545        5.80766        2        0.018803        0.005076        0.440710
Te        12.69954        0.03380        2.31579        2        0.074650        -0.060719        0.584741
Te        9.23522        1.66188        1.70940        2        0.249668        -0.046626        0.399465
Te        7.15395        5.17157        5.29057        2        0.058784        0.004027        0.019263
Te        10.44040        6.90053        5.89042        2        -0.427568        0.039891        0.349531
Te        12.70460        3.53031        2.44783        2        0.236809        -0.213501        -0.156903
Te        9.39743        5.19304        1.68279        2        -0.005795        -0.477898        0.551870
Te        7.05470        8.51382        5.27655        2        0.631003        0.398594        0.173653
Te        10.42382        0.01170        5.81438        2        0.017718        0.632474        0.815541
Te        12.78584        6.88042        2.41041        2        -0.079378        -0.089757        0.291396
Te        9.39792        8.57649        1.72525        2        0.269411        0.195609        0.777558
Te        13.48799        1.72996        5.32195        2        0.030115        0.032493        0.109922
Te        17.03500        3.37219        5.96834        2        -0.547348        -0.012272        0.278229
Te        19.22479        0.03681        2.38797        2        0.190410        -0.391754        0.447927
Te        15.86340        1.78795        1.92403        2        0.342508        -1.039204        0.144210
Te        13.60887        5.27983        5.54085        2        -0.117217        -0.830196        -0.538457
Te        17.08181        6.79310        5.96403        2        -0.452729        0.113016        0.161431
Te        19.30146        3.38307        2.55166        2        0.353520        0.096779        -0.373861
Te        15.95025        5.04898        1.88067        2        -0.147115        0.525105        0.448506
Te        13.60252        8.49288        5.45567        2        0.045582        0.664194        -0.114699
Te        16.90967        10.16237        5.94999        2        0.027850        0.606506        0.130065
Te        19.14271        6.81567        2.57844        2        1.392113        0.267167        -1.127962
Te        15.85558        8.53963        1.86102        2        0.028062        0.223672        0.614666
