54
Lattice="18.798270284 0.000008540 -0.000615361 -0.000005198 10.639921383 0.000045896 0.042448411 0.000094922 30.000000000" Properties=species:S:1:pos:R:3:tags:I:1:forces:R:3 energy=-320.17298505 stress= -2.87952 0.15470 1.89651 -0.29417 0.93330 -0.19444 pbc="T T T"
Mo        2.34761        10.45426        3.95782        1        1.285802        0.607760        -0.624401
Mo        5.41510        1.95559        3.91987        1        0.317108        -0.777999        2.177067
Mo        2.54465        3.54895        3.81682        1        -1.184626        -0.543842        -0.249825
Mo        5.40202        5.39787        3.84721        1        -0.053799        -0.202533        0.339597
Mo        2.33723        7.06026        3.76087        1        0.542219        0.513887        1.078520
Mo        5.62319        8.87726        4.02713        1        -0.096906        -0.121870        -0.445098
Mo        8.69130        10.56176        4.03712        1        -0.568042        -0.022133        -0.534160
Mo        11.70126        1.65835        3.84335        1        -0.509622        0.323252        1.895191
Mo        8.51729        3.66356        3.96944        1        -0.096876        -1.170225        0.260758
Mo        11.74574        5.10391        3.93848        1        -0.635811        0.675497        -0.569936
Mo        8.59787        7.13084        3.97053        1        -0.058631        0.312249        0.616666
Mo        11.92809        8.88299        4.06029        1        -0.604250        -0.490495        -0.597531
Mo        14.82897        0.02520        3.94747        1        1.019830        0.043044        1.468254
Mo        18.12339        1.77807        3.84559        1        0.600687        0.393747        0.130591
Mo        15.03181        3.64689        3.88360        1        -0.172527        -0.694718        1.643987
Mo        17.94605        5.17474        3.79460        1        0.109747        0.852479        -0.565678
Mo        14.86861        7.29775        3.91254        1        -0.396863        -0.934201        1.285560
Mo        18.32587        8.87757        3.88595        1        -0.412495        0.925984        1.137688
Te        1.53566        1.71391        5.66147        2        -1.041841        0.583398        -0.283501
Te        4.34349        3.71117        5.73045        2        0.653670        -0.260151        0.423942
Te        1.58399        1.63094        2.08023        2        -1.035332        0.467273        0.222661
Te        4.63213        0.04033        2.30457        2        -1.017620        -0.467024        -0.857651
Te        1.13943        5.19422        5.47881        2        1.310710        0.486437        0.616069
Te        4.34533        7.08257        5.63029        2        0.172487        0.184805        0.243605
Te        1.40045        5.26530        1.99975        2        -0.744960        -0.273915        0.007969
Te        4.55954        3.59822        2.04358        2        -0.359880        0.246922        -0.894975
Te        1.58174        8.76343        5.88303        2        -1.308435        -0.512936        -0.796443
Te        4.33509        10.63938        5.74021        2        1.238751        0.267678        0.025560
Te        1.48476        8.85808        2.01498        2        -0.614660        -0.129101        -0.682762
Te        4.53860        7.25670        1.97741        2        -0.321142        -0.316947        0.954653
Te        7.54433        1.75043        5.76587        2        -0.165592        0.509446        -0.370866
Te        10.63557        3.44717        5.70315        2        -0.126363        -0.346208        0.221342
Te        7.48054        1.77722        2.27880        2        0.939192        -0.082249        -0.426338
Te        10.71159        10.45445        2.13437        2        0.066470        0.265365        0.225019
Te        7.40960        5.36315        5.68533        2        0.234114        0.403104        0.603507
Te        10.78408        6.94926        5.67062        2        -0.307798        0.394660        0.339010
Te        7.45105        5.47675        2.18252        2        0.966732        -0.550019        -0.708922
Te        10.46373        3.32075        2.17732        2        0.881427        1.001442        -0.878924
Te        7.59578        8.90041        5.91490        2        0.237101        -0.390321        -0.517473
Te        10.75479        10.55275        5.79680        2        0.157233        0.459173        0.058586
Te        7.66506        8.84540        2.12541        2        -0.160041        0.497906        0.450715
Te        10.74973        7.07950        2.24151        2        0.184007        -0.343896        0.226800
Te        13.74509        1.98254        5.73722        2        0.596161        -0.682371        -0.715178
Te        17.11037        3.46977        5.77079        2        -0.498210        0.165473        -0.753560
Te        13.86215        1.82995        2.27514        2        -0.132943        0.054163        -1.317935
Te        16.95107        10.61707        2.16437        2        0.412583        0.055118        0.091748
Te        13.76735        5.39660        5.68083        2        1.080564        -0.017577        0.088650
Te        17.07589        7.13176        5.55935        2        -0.107668        -0.272487        0.395229
Te        13.79241        5.29420        2.25286        2        0.525287        0.909563        -1.302938
Te        16.99034        3.42720        1.98040        2        0.053103        0.242424        -0.065920
Te        13.95819        9.00367        5.93408        2        -0.014485        -0.377366        -0.703211
Te        17.19416        0.05859        5.67980        2        -0.657484        -0.546343        -0.356004
Te        13.84065        8.94705        2.13915        2        -0.108308        0.136888        -0.617273
Te        16.99939        7.31719        2.24810        2        -0.060941        -1.439167        -1.387593
