54
Lattice="21.194128261 0.000008540 -0.000615361 -0.000005198 10.639921383 0.000045896 0.042448411 0.000094922 30.000000000" Properties=species:S:1:pos:R:3:tags:I:1:forces:R:3 energy=-307.58455788 stress= -23.16360 -6.15117 -3.18153 2.24144 -0.73202 -1.51376 pbc="T T T"
Mo        2.51491        10.54666        3.63595        1        -0.581974        1.653732        1.339207
Mo        5.92515        2.14542        4.00322        1        0.503852        -2.395935        0.027050
Mo        2.85192        3.57133        3.89714        1        -0.184795        1.065543        1.226445
Mo        6.38399        5.29534        4.04191        1        -0.691495        -0.001381        -0.631209
Mo        2.65303        6.97624        4.02851        1        0.958759        1.816693        0.408883
Mo        5.97887        9.07897        3.78794        1        0.554159        0.293642        0.265028
Mo        9.56642        0.44755        3.79143        1        0.288940        -1.464487        0.175739
Mo        13.41348        1.60868        3.88194        1        0.533994        -0.396090        -0.555344
Mo        9.64556        3.93395        3.76674        1        1.572899        -0.366969        -1.736454
Mo        13.51864        5.21895        4.09642        1        -1.209335        -0.413444        -0.741630
Mo        9.56609        7.50338        3.87895        1        0.403220        -1.269779        -0.522706
Mo        13.25457        8.61157        3.86294        1        1.179187        -0.087327        -0.941786
Mo        16.58361        10.42556        4.12499        1        1.779418        -1.017013        -0.343166
Mo        20.50494        1.66027        3.87299        1        0.361832        0.660832        1.390885
Mo        17.14972        3.32667        3.97584        1        -0.534825        -0.447201        1.146559
Mo        20.67057        5.32755        3.78311        1        0.462226        -0.201104        2.472175
Mo        16.96511        6.88470        4.08272        1        -0.167904        0.106229        -0.300007
Mo        20.24413        8.71106        3.94227        1        2.386447        -1.062413        1.455121
Te        1.51455        1.77652        5.64213        2        0.320530        -0.341760        -1.207028
Te        4.95075        3.67036        6.02015        2        0.131725        0.056610        -1.403508
Te        1.46883        2.03430        2.05481        2        0.132645        -1.128276        0.491719
Te        4.61670        0.15798        1.78471        2        0.723243        -0.229138        1.827857
Te        1.59468        5.45259        5.88918        2        -0.041101        -1.215353        -1.084695
Te        5.23147        7.10954        5.62940        2        -0.829618        0.751208        0.141410
Te        1.83885        5.49064        2.09267        2        -0.970096        -1.411099        -0.069263
Te        5.04998        3.71947        2.16446        2        -0.367320        0.396254        -0.272176
Te        1.35922        8.81842        5.76018        2        0.212836        0.228849        -1.413410
Te        4.51451        0.02722        5.49817        2        1.177796        0.387074        -0.483751
Te        1.30812        8.74284        2.15651        2        -0.331566        -0.557289        0.252991
Te        4.95044        7.03739        2.33832        2        0.089278        0.215690        -0.075745
Te        8.45377        2.25741        5.48050        2        -0.625042        -1.055280        0.355922
Te        12.18062        3.36086        5.47157        2        -0.701683        0.301338        0.827187
Te        8.29840        2.18123        2.19793        2        -0.499002        0.270943        -0.340260
Te        12.45999        10.58641        1.93312        2        -0.483376        -0.445273        0.602374
Te        8.67723        5.37200        5.61509        2        -0.456417        2.184422        0.953412
Te        12.06725        7.00652        5.71778        2        -0.150314        -0.048525        -0.333585
Te        8.40187        5.78974        2.04580        2        0.161801        -0.550014        0.760571
Te        12.27389        3.38398        2.09499        2        -0.048878        0.731518        0.780278
Te        8.56133        9.18856        5.64378        2        -1.029882        0.887586        -0.322219
Te        11.93998        10.34399        5.26654        2        -0.237579        1.577108        1.040525
Te        8.22267        9.35115        2.05832        2        0.443391        -0.302916        0.932608
Te        11.81207        6.94568        2.29220        2        0.828225        -0.148310        -0.040781
Te        15.62460        1.48541        5.73898        2        -0.588851        1.580644        0.617595
Te        19.49106        3.43100        5.70744        2        -0.065613        0.347081        -0.865319
Te        15.87480        1.57563        2.26485        2        -0.552608        0.298430        -0.222284
Te        18.94453        10.45163        2.77077        2        -1.125173        1.565254        -3.281156
Te        15.78740        5.06227        5.80120        2        0.289495        -0.040520        -0.357188
Te        19.35253        6.97870        5.67298        2        -0.554403        -0.791541        0.365662
Te        15.67121        5.00362        2.44311        2        0.705583        0.756650        -0.717642
Te        19.48076        3.54488        2.26248        2        -0.965536        -0.756592        -1.107427
Te        15.61686        8.58567        5.81414        2        -0.670944        -0.294755        -0.492664
Te        19.43684        10.57418        5.89295        2        -0.607165        -0.133955        -0.344390
Te        15.77882        8.66175        2.15083        2        -0.595281        -0.481347        1.087642
Te        19.13757        6.85365        2.24846        2        -0.268902        0.898027        -0.738426
