54
Lattice="18.429676749 0.000008540 -0.000615361 -0.000005198 10.852719811 0.000045896 0.042448411 0.000094922 30.000000000" Properties=species:S:1:pos:R:3:tags:I:1:forces:R:3 energy=-316.61216536 stress= -2.71844 -3.60696 -5.58816 3.05211 -1.26367 0.80238 pbc="T T T"
Mo        2.38203        10.78552        4.19335        1        0.554982        2.293546        -0.026707
Mo        5.29416        1.76246        4.08852        1        0.586635        0.984825        -1.060944
Mo        2.43617        3.53193        4.02937        1        -0.628425        1.388434        0.942938
Mo        5.46039        5.47381        4.06551        1        -0.184058        -0.917986        0.884360
Mo        2.19396        7.14858        4.03718        1        0.567226        0.624062        0.889415
Mo        5.27422        9.13655        4.23442        1        0.893692        -1.160901        -0.434387
Mo        8.53111        10.77005        3.82348        1        1.106698        0.903411        2.670593
Mo        11.47802        1.73307        3.79017        1        -0.087059        0.767823        -0.647529
Mo        8.30571        3.63122        3.72286        1        -0.107240        0.475556        0.960968
Mo        11.66316        5.58031        3.72381        1        -1.172875        -0.846284        -0.126763
Mo        8.24806        7.01985        3.99950        1        1.167211        -0.539556        0.135297
Mo        11.39075        9.28625        3.74829        1        1.493700        -0.906593        -0.697842
Mo        14.68702        0.11201        3.87669        1        1.027717        -0.403995        -1.728080
Mo        17.86046        1.78211        3.87342        1        0.053770        -0.320567        0.126305
Mo        14.71767        3.56469        3.61308        1        0.346885        1.210884        -0.548570
Mo        17.64617        5.39079        3.82017        1        0.977445        0.772098        0.032205
Mo        14.52852        7.11046        3.77820        1        2.232348        1.041918        1.767923
Mo        17.63848        9.12728        4.09024        1        -0.091478        -0.697514        0.162621
Te        1.29346        1.81965        5.90919        2        0.312750        -0.318387        -0.535621
Te        4.32899        3.58254        5.90497        2        0.727864        0.512533        -0.244481
Te        1.65903        1.86025        2.24485        2        -1.248596        -1.399527        -0.500171
Te        4.37218        0.05127        2.33905        2        -0.215278        -1.225575        -0.505556
Te        1.12119        5.25947        5.81485        2        0.745890        0.626759        -0.775401
Te        4.15249        7.12823        6.02669        2        0.585296        0.362008        -1.288739
Te        1.44437        5.35446        2.18105        2        -0.460393        0.178395        0.066240
Te        4.45086        3.67837        2.21156        2        0.235021        -0.143654        0.617335
Te        1.27267        9.07670        5.87512        2        -0.165283        -0.972583        0.406600
Te        4.43282        0.13001        5.97896        2        -0.433508        -0.743597        0.847056
Te        1.26366        9.25107        2.44101        2        0.369790        -1.655769        -1.441038
Te        4.43148        7.25627        2.38868        2        -0.954710        0.765958        -0.028751
Te        7.44128        1.74535        5.61350        2        0.894882        0.125561        0.104801
Te        10.44330        3.66722        5.55645        2        0.471550        0.148437        -1.207180
Te        7.31208        1.57899        2.06233        2        -0.003387        1.001046        0.619321
Te        10.32088        10.78137        1.77050        2        0.677532        0.686124        0.925818
Te        7.43615        5.36191        6.05634        2        0.028375        -0.513120        -1.761634
Te        10.67242        7.42560        5.47160        2        -0.709460        -0.971059        0.455201
Te        7.25458        5.50176        1.87558        2        0.167209        -0.667222        1.492527
Te        10.47211        3.80271        1.93990        2        -0.111610        -0.760150        0.951723
Te        7.48984        8.70921        5.87329        2        -0.382335        1.803113        -0.033274
Te        10.71473        0.06201        5.78204        2        -0.966022        0.065415        -0.834987
Te        7.46926        8.99123        2.39469        2        -2.309147        -0.687566        -1.385175
Te        10.04062        7.18811        2.00150        2        2.110224        0.493090        0.377876
Te        13.82897        1.95834        5.45726        2        -1.738256        -0.252319        1.119054
Te        16.91292        3.56675        5.55283        2        -2.096874        -0.210690        0.319617
Te        13.37456        1.91109        1.82181        2        1.073416        -0.759076        0.962118
Te        16.77306        0.06849        2.11768        2        -0.237089        -0.277409        0.196703
Te        13.68405        5.27763        5.50248        2        -0.383930        -0.060727        0.323850
Te        16.64424        7.03696        5.96024        2        -0.408901        0.686908        -1.967171
Te        13.67872        5.56398        1.85753        2        -0.416352        -1.108796        -0.233681
Te        16.93437        3.60104        1.88079        2        -0.576757        -0.289345        0.697753
Te        13.72780        9.14971        5.53547        2        -1.109569        -0.719036        -0.021823
Te        16.77516        10.78899        5.92853        2        -0.899017        1.229133        -0.924482
Te        13.75434        8.97141        2.06923        2        -1.462318        1.364497        -0.088439
Te        16.70131        7.45481        2.17846        2        0.157178        -1.003133        0.002563
