54
Lattice="19.940895089 0.000456147 -0.025753600 -0.000245476 10.309403738 0.000007040 0.013560576 0.000001770 30.000000000" Properties=species:S:1:pos:R:3:tags:I:1:forces:R:3 energy=-313.42903425 stress= -4.76564 -0.59377 -0.67510 0.19985 1.28882 -0.10063 pbc="T T T"
Mo        2.32032        10.11778        4.00709        1        -1.554803        -0.163694        -1.796161
Mo        4.36321        1.84692        3.78944        1        2.670833        -1.179759        1.760332
Mo        2.26237        3.57032        3.93147        1        -0.130017        1.281548        -0.160263
Mo        4.85831        5.07101        3.65383        1        -2.498126        0.299004        1.647510
Mo        2.33831        7.00363        3.84615        1        -0.244066        -0.814137        -1.220966
Mo        4.94138        8.50123        3.84922        1        -1.592982        0.261070        -1.249010
Mo        8.91417        0.01912        3.66984        1        -0.563699        -0.044303        -0.687657
Mo        11.24077        2.00814        3.87611        1        1.567999        -1.477797        0.418989
Mo        8.92903        3.18032        3.60391        1        -1.630811        0.860072        0.394226
Mo        11.15853        4.84431        4.09464        1        0.770282        1.325210        -0.486871
Mo        8.94255        6.43713        3.87858        1        -0.676375        0.524891        -1.907676
Mo        11.17676        8.12178        4.05894        1        0.993544        0.432709        -0.503874
Mo        15.50770        0.13101        4.18366        1        -1.088004        -0.121610        -2.673198
Mo        17.99181        1.84085        4.00359        1        -1.095084        2.191827        0.351642
Mo        15.55824        3.52858        3.79099        1        0.423446        0.182922        0.320062
Mo        17.87866        5.47371        4.15713        1        0.027834        -0.887014        -0.116078
Mo        15.41225        6.80353        3.92736        1        1.991555        1.694967        1.679696
Mo        17.94422        8.72482        4.07049        1        0.373053        0.751062        0.194776
Te        0.57596        2.00897        5.41252        2        0.009812        -1.049921        0.265592
Te        4.14068        3.38531        5.93252        2        -0.315058        0.434785        -0.886897
Te        6.58776        10.16533        2.37479        2        -1.391465        0.201614        -0.211914
Te        2.39748        1.71260        2.04617        2        0.345376        -0.543817        -0.812485
Te        0.76272        5.43358        5.43041        2        -0.453002        -0.090028        0.835814
Te        4.31681        6.73157        5.65251        2        -0.627537        0.059095        1.368182
Te        6.35891        3.53027        2.23541        2        0.434436        -2.537798        -1.014584
Te        2.80469        4.93963        1.67147        2        0.394685        1.368209        1.079851
Te        0.53598        8.57946        5.60511        2        0.804019        0.579595        -0.357024
Te        4.07754        10.23297        5.91280        2        0.673255        0.209916        -0.577066
Te        6.51446        6.58977        2.15827        2        0.152895        1.104368        0.224653
Te        2.94209        8.52332        1.73355        2        0.520644        0.793514        1.228805
Te        7.15549        1.54099        5.26851        2        0.067929        0.461668        -0.810227
Te        10.10257        3.21898        5.97844        2        0.651056        0.372318        0.223108
Te        12.95589        10.10661        2.69359        2        -0.337508        0.530186        0.093336
Te        9.90245        1.55842        1.69257        2        -0.641672        -0.536703        -0.743882
Te        7.06461        4.96604        5.27245        2        1.013925        -0.371800        0.091041
Te        10.33065        6.72683        6.10628        2        0.483217        -0.778491        0.239297
Te        12.89393        3.33537        2.20396        2        0.278121        0.738695        0.600085
Te        9.77744        4.91371        1.61956        2        -0.214917        0.297991        1.514664
Te        7.23053        8.30883        5.36357        2        0.767110        0.408833        -0.404888
Te        10.58805        10.24085        5.55525        2        0.631534        0.171869        2.180253
Te        13.10776        6.78811        2.77322        2        -2.111553        -0.315510        -1.241323
Te        9.51653        8.32040        1.92313        2        0.451932        -0.113984        0.239199
Te        13.75977        1.85224        5.34207        2        0.020235        0.475609        0.202112
Te        17.35528        3.77642        6.21260        2        -0.400356        -0.674886        -1.701609
Te        19.53450        0.20797        2.72260        2        0.967483        -0.723524        -0.978517
Te        15.91959        1.90760        1.73617        2        0.869042        -0.861001        1.594788
Te        13.78650        5.03568        5.30967        2        0.035728        0.033337        0.707332
Te        17.34630        7.22765        6.02504        2        -1.313648        -0.886619        1.372143
Te        19.63946        3.97293        2.77664        2        -0.186074        -1.698159        -0.939392
Te        16.29959        5.38151        1.87750        2        0.161627        -0.514993        0.367906
Te        13.73883        8.68235        5.76153        2        0.637623        -0.452926        -0.903825
Te        17.37965        0.28567        5.97518        2        0.325013        -0.500415        1.531480
Te        19.60615        7.12209        2.61504        2        0.100920        -0.021950        -0.691064
Te        16.21617        8.88521        2.06341        2        -0.547174        -0.660539        0.312576
