54
Lattice="18.429676749 0.000008540 -0.000615361 -0.000005198 11.703913521 0.000045896 0.042448411 0.000094922 30.000000000" Properties=species:S:1:pos:R:3:tags:I:1:forces:R:3 energy=-314.70920248 stress= -5.55162 -16.61496 0.24045 3.41955 0.38991 0.20968 pbc="T T T"
Mo        2.51032        11.51803        3.49066        1        -0.867424        0.489163        1.337626
Mo        5.39926        1.85203        3.70940        1        0.156573        0.630059        -0.284278
Mo        2.16075        3.89527        3.57950        1        0.633169        -0.716318        0.023581
Mo        5.39290        5.98404        3.88404        1        -0.013388        -0.610017        0.357262
Mo        2.22957        7.84160        3.84638        1        -0.244368        0.136805        -0.081341
Mo        5.35556        9.89494        3.73407        1        0.204030        -0.434966        0.649868
Mo        8.39496        0.14098        4.00738        1        1.583123        -0.659419        -0.697852
Mo        11.66326        1.82607        4.06573        1        -1.153633        2.255200        -0.718491
Mo        8.38750        3.85375        3.92573        1        -0.740123        -0.385697        0.643989
Mo        11.45231        5.67876        4.37570        1        0.823694        1.583882        -1.244887
Mo        8.39661        7.72194        4.26000        1        0.529809        0.861701        0.222045
Mo        11.53603        9.96752        4.23727        1        0.776405        -1.439642        -0.474068
Mo        14.61911        0.07213        4.02796        1        -0.562024        0.577728        0.337947
Mo        17.68423        2.04855        3.69113        1        -1.125343        -1.328369        0.164539
Mo        14.64116        3.78193        4.03969        1        0.060721        0.383812        -0.459666
Mo        17.69236        5.83487        3.80181        1        -1.564148        0.077393        -0.726910
Mo        14.63612        7.77893        4.27916        1        -0.698727        -1.025252        -3.101937
Mo        17.63952        9.82863        3.87089        1        0.211379        -0.462880        0.057944
Te        1.27336        1.62583        5.24570        2        1.460740        0.841970        0.414659
Te        4.06739        3.85641        5.51994        2        0.937441        0.017523        -1.018073
Te        1.31113        1.66321        1.80956        2        -0.013306        1.227590        0.339084
Te        4.62396        0.02413        1.76746        2        -0.211604        -0.273973        0.426929
Te        1.26559        5.71176        5.46146        2        1.071970        0.481666        0.407162
Te        4.36943        8.04392        5.65333        2        -0.052781        -0.735508        -0.970521
Te        1.21406        6.05824        2.01436        2        0.482346        -0.758453        -0.485118
Te        4.55910        3.86845        2.03336        2        -0.709463        0.821175        0.387094
Te        1.37923        9.71566        5.57888        2        -0.156722        0.678399        -0.526419
Te        4.40421        0.03567        5.45352        2        -0.349040        0.057271        0.200015
Te        1.11520        9.85676        1.91503        2        0.440932        -1.135341        0.269704
Te        4.26954        7.95623        2.10936        2        0.805286        -0.543504        -0.055963
Te        7.32483        1.99879        5.58107        2        -0.324967        -0.099513        0.796725
Te        10.40329        3.75878        5.87245        2        0.040193        -0.693101        0.004979
Te        7.66070        1.93470        1.91473        2        -0.596420        0.080810        1.391464
Te        10.60633        0.01547        2.35212        2        -0.251490        -0.138246        -0.295678
Te        7.40698        5.53173        5.83682        2        -0.722843        1.223926        -0.351493
Te        10.54113        7.84535        5.86307        2        0.048022        0.066836        1.220802
Te        7.75953        6.02293        2.36493        2        -1.544883        -0.620967        -0.838464
Te        10.48243        3.98490        2.47652        2        1.669223        -0.742472        -1.115103
Te        7.33886        9.86677        5.70134        2        -0.039633        0.067198        0.075454
Te        10.65597        0.17874        5.81629        2        -1.531090        -0.537429        1.216362
Te        7.65375        9.65611        2.35669        2        -0.097671        0.269403        -0.320006
Te        10.61795        7.91754        2.64203        2        -0.090431        -0.538682        -0.281736
Te        13.57826        1.97485        5.85295        2        1.211953        -0.365881        0.220046
Te        16.89240        3.93750        5.67906        2        -0.343081        -0.592275        -0.737924
Te        13.61514        2.06437        2.22268        2        -0.008439        -0.921709        0.011257
Te        16.60719        0.01583        2.17091        2        -0.252998        0.266862        -0.388702
Te        13.80360        5.55656        5.84475        2        -0.720088        1.047064        0.633566
Te        16.84036        7.73659        5.60463        2        0.829519        0.253110        0.893964
Te        13.36892        5.90242        2.39892        2        0.734452        -0.339641        0.946725
Te        16.44777        3.86098        2.04489        2        0.958770        0.672305        0.188609
Te        13.79013        9.60962        5.89384        2        -0.703856        1.687316        0.795724
Te        16.68571        0.00959        5.63606        2        0.844363        0.671080        0.221264
Te        13.65598        9.86515        2.50329        2        -0.517428        -1.035405        -0.530068
Te        16.56484        7.87058        2.14449        2        -0.328399        -0.298961        0.866504
