54
Lattice="18.429676749 0.000008540 -0.000615361 -0.000005198 10.639921383 0.000045896 0.042448411 0.000094922 30.000000000" Properties=species:S:1:pos:R:3:tags:I:1:forces:R:3 energy=-318.66692552 stress= 0.97734 2.34088 0.71825 1.33731 1.79577 0.60928 pbc="T T T"
Mo        2.47341        0.09241        3.79136        1        -1.121792        0.160334        1.250821
Mo        5.30776        1.71183        3.94851        1        1.357809        0.241972        -0.850213
Mo        2.14408        3.65621        3.83349        1        0.542644        0.584323        1.820769
Mo        5.46875        5.62709        3.89985        1        1.057300        0.133136        -1.003293
Mo        2.48593        7.06862        3.87609        1        -0.285103        -0.114282        -0.456021
Mo        5.29383        8.96886        3.95955        1        -0.160900        -0.529365        -0.439284
Mo        8.62246        0.04552        4.14313        1        -2.222516        0.375793        -2.065809
Mo        11.60313        1.63145        3.86109        1        0.206371        0.187078        2.082723
Mo        8.35034        3.59865        3.84034        1        0.302649        -0.804385        0.182276
Mo        11.55658        5.36225        3.92394        1        1.128517        0.178247        1.076349
Mo        8.59323        6.86199        4.01511        1        -1.392974        1.296054        0.353561
Mo        11.23818        8.77911        4.11137        1        0.667925        1.367247        -1.252168
Mo        14.73245        10.54283        3.81553        1        -0.800925        1.087026        1.483263
Mo        17.78186        1.59429        3.94356        1        -1.103537        0.394334        0.358785
Mo        14.50549        3.54005        3.73778        1        1.290324        -1.582380        1.796507
Mo        17.69244        5.46382        3.99927        1        1.408538        -0.620609        -1.892269
Mo        14.69857        6.91550        3.90312        1        1.179670        1.861827        1.064514
Mo        17.68931        8.83258        4.00243        1        -0.429208        -0.727939        0.103657
Te        1.37228        1.76799        5.74897        2        0.064713        0.146020        -0.487236
Te        4.44516        3.78641        5.47241        2        -1.160931        -1.036195        1.052518
Te        1.25692        1.94737        2.14637        2        0.114998        -1.636763        -1.650374
Te        4.40650        0.02620        1.99187        2        0.203154        0.378105        -0.108547
Te        1.38932        5.43656        5.69481        2        -0.420758        -0.471260        0.606007
Te        4.30207        7.17246        5.87211        2        0.646587        -0.070711        -0.667607
Te        1.18003        5.48905        2.04348        2        0.655086        -0.576659        0.147318
Te        4.26716        3.68779        2.23747        2        0.886461        0.100589        -0.533117
Te        1.40448        8.86994        5.58206        2        0.285153        0.501771        0.399714
Te        4.33619        10.60864        5.78774        2        -0.245932        1.032294        0.241807
Te        1.27959        8.78932        2.18337        2        0.615472        0.966136        -0.378259
Te        4.48160        7.38193        1.99305        2        -0.255763        -1.256173        0.095611
Te        7.40452        1.87350        5.78380        2        -0.465168        -0.420022        -0.490728
Te        10.34593        3.45273        5.76285        2        1.119732        0.346115        -1.230834
Te        7.38904        1.78074        2.01922        2        0.144702        -0.254497        1.351274
Te        10.52775        0.09137        2.11444        2        -0.742155        -1.409634        -0.042342
Te        7.46905        5.22705        5.79321        2        -0.486638        0.433956        0.057782
Te        10.54473        7.03515        5.89871        2        -0.233610        -0.874166        0.532999
Te        7.60754        5.37440        1.96843        2        -1.055838        -0.031411        0.486722
Te        10.66692        3.52484        2.22322        2        -0.928232        -0.006359        -0.509339
Te        7.18506        8.78564        5.84630        2        1.997459        0.078525        -0.718093
Te        10.36795        0.02921        6.01779        2        1.503831        -0.237467        -0.290402
Te        7.52969        8.88391        2.26935        2        0.290409        -0.092927        1.036520
Te        10.45147        7.00935        2.19184        2        0.645743        0.594413        -1.048225
Te        13.54785        1.61564        5.74408        2        0.740676        0.499803        -1.019655
Te        16.70995        3.61971        5.56231        2        -0.814689        -1.468415        0.246038
Te        13.69931        1.66939        1.95468        2        -0.463760        -0.214023        0.457381
Te        16.73057        10.39263        2.14576        2        0.276285        1.372956        -1.110431
Te        13.67559        5.23199        5.62090        2        -0.727150        -0.328691        1.233760
Te        16.75949        7.06186        5.81488        2        -0.893997        0.364161        0.677120
Te        13.83944        5.39939        2.08981        2        -2.265963        -0.705490        -2.120236
Te        16.71643        3.51816        2.04455        2        0.034036        -0.100513        1.093029
Te        13.58899        8.81405        5.54426        2        -0.298753        -0.403946        0.863839
Te        16.64250        10.43979        5.90185        2        0.094043        1.114821        -0.943412
Te        13.36333        8.72553        2.31175        2        0.347240        0.127769        -0.465934
Te        16.78800        7.10992        2.12504        2        -0.832101        0.056629        -0.370811
