54
Lattice="19.557416337 0.000456147 -0.025753600 -0.000245476 10.515591813 0.000007040 0.013560576 0.000001770 30.000000000" Properties=species:S:1:pos:R:3:tags:I:1:forces:R:3 energy=-314.88014947 stress= -3.91853 -4.88264 -1.12977 1.62899 2.63848 -1.24779 pbc="T T T"
Mo        2.15051        10.34077        3.99350        1        -0.442292        1.435082        -3.706671
Mo        4.62461        1.40798        3.80374        1        0.188025        0.915713        -1.021469
Mo        1.95656        3.31386        3.97414        1        1.515232        0.061581        -0.705743
Mo        4.42285        5.12043        3.93945        1        1.101125        -0.005538        0.029788
Mo        2.05485        6.98854        3.74189        1        -0.004846        0.101245        -0.028934
Mo        4.48588        8.45943        3.73470        1        0.809578        0.327637        -0.106180
Mo        8.80882        10.31463        3.60796        1        -0.218978        1.446155        1.025149
Mo        10.97890        1.95552        4.09209        1        1.047435        -0.122159        1.396015
Mo        8.78943        3.56602        3.85412        1        -0.925461        -0.529534        -0.391665
Mo        11.13476        5.34371        3.99107        1        0.053984        0.023819        0.934094
Mo        8.73241        7.05890        3.68340        1        0.755071        -0.305400        0.248742
Mo        11.04436        8.85941        3.99454        1        0.231724        -0.878143        -1.186586
Mo        15.14034        0.17477        3.83667        1        0.736173        -0.090507        -0.543912
Mo        17.54571        1.49163        4.23826        1        -0.092527        1.019965        -1.046183
Mo        15.25440        3.55597        3.99096        1        0.374488        -0.052539        -0.071384
Mo        17.53771        5.19748        4.03127        1        0.202842        0.771305        0.410142
Mo        15.37100        7.16958        3.79457        1        -1.106414        0.184100        0.689984
Mo        17.66136        8.87855        4.02899        1        -1.889649        -0.732818        0.243483
Te        0.76950        1.89131        6.23860        2        0.070077        -0.465876        -2.052772
Te        3.97429        3.17234        5.67648        2        0.295425        0.275520        1.500316
Te        6.46323        0.07518        2.12081        2        -0.963774        -0.683173        0.137379
Te        2.66894        1.46640        1.83538        2        0.128558        1.090099        1.208708
Te        0.54205        5.45229        5.59197        2        -0.124442        -0.441529        -0.900285
Te        3.78114        6.86103        5.82373        2        0.168126        0.066249        0.084147
Te        6.18665        3.37676        2.40839        2        0.226926        0.152450        -0.064715
Te        2.84817        5.29132        1.89219        2        -0.943813        -1.088949        -0.466860
Te        0.51518        9.11424        5.48454        2        -0.912339        -1.741319        1.208806
Te        4.05895        10.18850        5.63677        2        0.458095        0.258495        2.760537
Te        6.34383        6.76527        2.32165        2        -1.039235        0.646675        -0.132636
Te        2.75423        8.78084        1.75920        2        -0.623736        -0.375986        0.364295
Te        7.24407        1.50428        5.23962        2        -0.547660        0.510583        -0.208477
Te        10.26405        3.76942        6.11299        2        0.635875        -0.577419        -0.802450
Te        12.72428        0.43190        2.53338        2        -0.287051        -1.103304        -0.454713
Te        9.57124        1.88906        1.86048        2        -0.509543        -0.700435        -0.090585
Te        7.08412        5.14661        5.20301        2        -0.388898        0.812217        0.503785
Te        10.41483        7.08874        5.96915        2        -0.411238        0.198715        -0.864746
Te        12.88233        3.53951        2.67953        2        -0.943796        0.496764        -0.503438
Te        9.43703        5.12219        1.86210        2        0.429120        1.244378        -0.440714
Te        6.87909        8.81753        5.10613        2        1.494564        -1.151330        -0.167687
Te        10.41452        0.05933        5.91661        2        -0.516845        0.300807        0.125585
Te        12.88082        7.10918        2.50158        2        -0.752034        -0.027361        -0.003679
Te        9.78435        8.87309        1.64370        2        -0.753947        -1.232199        0.007858
Te        13.67986        1.85428        5.50490        2        -0.726882        -0.156958        0.283445
Te        16.98409        3.35277        6.02696        2        -0.047025        0.704737        0.792250
Te        18.99387        0.02144        2.43630        2        1.031468        0.445800        -0.002391
Te        16.22563        2.12477        1.89271        2        -0.801480        -1.671058        1.072890
Te        13.65251        5.30134        5.66567        2        0.115868        0.429730        -1.151460
Te        16.98213        6.90018        5.96802        2        -0.140494        0.854227        0.018748
Te        19.11497        3.43843        2.82243        2        0.318689        -0.401404        -0.688940
Te        15.68317        5.25986        1.94318        2        0.595705        0.691186        -0.029240
Te        13.37537        8.81647        5.24104        2        2.008951        0.206341        0.603001
Te        16.58984        10.38067        6.06497        2        0.341827        -0.360805        0.387270
Te        18.92801        7.05624        2.32362        2        1.014834        -0.471078        0.648673
Te        15.95612        9.01078        1.77140        2        -0.198008        -0.314505        1.164697
