54
Lattice="20.641237959 0.000008540 -0.000615361 -0.000005198 10.639921383 0.000045896 0.042448411 0.000094922 30.000000000" Properties=species:S:1:pos:R:3:tags:I:1:forces:R:3 energy=-315.89098008 stress= -22.91236 -6.54553 -3.21574 -1.08997 1.47369 0.06004 pbc="T T T"
Mo        2.49966        0.09149        3.99329        1        0.141361        -0.339609        0.530133
Mo        6.02613        1.68292        3.97195        1        0.209469        0.628764        0.005430
Mo        2.78185        3.59083        3.77948        1        -0.318953        0.499096        0.789709
Mo        6.17055        5.28658        3.68750        1        0.106349        -0.757646        1.655098
Mo        2.63777        7.12761        3.88176        1        0.311454        0.482816        0.264853
Mo        6.04821        8.81347        4.03111        1        0.184195        0.021435        -0.728876
Mo        9.53503        10.52410        3.91223        1        -0.217756        0.519067        1.205482
Mo        12.94716        1.66106        3.85943        1        -0.824847        0.336916        -0.499609
Mo        9.58414        3.61961        4.05740        1        -0.537157        -0.985359        0.992656
Mo        13.03081        5.08027        3.95701        1        0.254709        0.692360        -0.327245
Mo        9.66658        7.05232        3.99342        1        -0.563614        -0.118947        0.432357
Mo        13.00327        8.84004        3.71650        1        -0.285385        -0.227110        1.209534
Mo        16.41910        10.56844        3.89508        1        0.594443        0.389905        -0.496042
Mo        19.83061        1.97781        3.99273        1        0.259518        0.175984        0.389571
Mo        16.37850        3.63707        3.83456        1        -0.246965        -0.701433        0.196907
Mo        19.85354        5.49748        3.93572        1        -0.250718        0.054755        0.398535
Mo        16.32416        7.08301        3.94112        1        -0.659315        0.310824        -0.202481
Mo        19.81781        8.87620        4.01599        1        -0.211345        0.330651        0.122985
Te        1.52471        2.13065        5.75287        2        -0.190518        -1.046534        -0.790090
Te        4.96506        3.60670        5.62264        2        0.056574        -0.210641        -0.838829
Te        1.34312        1.84920        2.22902        2        0.400361        -0.032253        -0.173610
Te        4.76770        10.56543        2.30450        2        -0.014600        -0.098393        0.054608
Te        1.55798        5.42744        5.62083        2        -0.204958        -0.469557        -0.225086
Te        4.94484        6.93896        5.59606        2        -0.282166        0.235781        -0.145470
Te        1.45485        5.39947        2.15689        2        0.008544        -0.113098        -0.084694
Te        5.12668        3.37303        1.99622        2        -0.559940        0.326756        0.466682
Te        1.33362        8.84147        5.73554        2        0.606298        0.287602        -0.422124
Te        4.82750        0.01152        5.77956        2        -0.239542        -0.373244        -0.456546
Te        1.39565        8.90347        2.20437        2        -0.088124        0.272713        0.311428
Te        4.88583        7.02516        2.12825        2        0.002698        0.746133        0.013342
Te        8.21070        1.70626        5.73526        2        0.714717        0.030531        -0.545924
Te        11.79985        3.40581        5.74215        2        0.165254        -0.124784        -0.242441
Te        8.37762        1.80694        2.36142        2        -0.215552        -0.280191        -0.265157
Te        11.59610        10.59422        2.07988        2        0.654109        -0.166374        0.160294
Te        8.17995        5.38328        5.76580        2        0.816800        -0.230860        -0.972293
Te        12.03108        6.93664        5.65479        2        -0.577875        0.727045        -0.524802
Te        8.58456        5.27740        2.23918        2        -0.476015        0.496274        -0.561697
Te        11.65935        3.44990        2.21889        2        0.454793        -0.095318        -0.110176
Te        8.32713        8.76957        5.76836        2        0.356599        0.292350        -0.659836
Te        11.86919        10.60299        5.62753        2        -0.438886        -0.768310        -0.373278
Te        8.36395        8.77650        2.21699        2        -0.204854        -0.067110        0.382244
Te        11.90965        6.87431        2.18464        2        -0.370981        0.287784        0.034503
Te        15.14033        1.71789        5.47383        2        0.607027        0.437635        0.506553
Te        18.50815        3.78664        5.59500        2        0.444020        -0.581618        0.389682
Te        15.21244        1.63450        2.08787        2        0.146815        0.614158        0.464242
Te        18.83870        0.12749        2.28995        2        -0.633937        -0.246700        -0.163693
Te        15.18072        5.30899        5.72640        2        0.261756        -0.355878        -0.395577
Te        18.39396        7.08901        5.74530        2        1.024694        0.553432        -0.275578
Te        15.21982        5.33396        2.14373        2        -0.308887        -0.137601        -0.168960
Te        18.67296        3.81934        2.18530        2        -0.009061        -0.857700        -0.041748
Te        15.09218        8.94113        5.56274        2        0.183077        -0.509754        0.292339
Te        18.77135        0.07726        5.75183        2        -0.532201        0.208426        -0.429155
Te        15.22487        8.84785        2.05932        2        0.239847        -0.052608        0.251880
Te        18.53747        7.23105        2.27189        2        0.313109        -0.009692        -0.349408
