54
Lattice="18.798270284 0.000008540 -0.000615361 -0.000005198 10.852719811 0.000045896 0.042448411 0.000094922 30.000000000" Properties=species:S:1:pos:R:3:tags:I:1:forces:R:3 energy=-316.32905899 stress= -3.81169 -5.32914 -2.28127 3.42918 -1.86376 0.85216 pbc="T T T"
Mo        2.41295        10.78050        3.76089        1        -0.020703        0.599450        0.791200
Mo        5.33035        1.82629        4.07031        1        0.471017        -0.446766        -1.761933
Mo        2.31889        3.92821        3.63200        1        0.625407        -1.388161        1.032147
Mo        5.70502        5.15840        3.76271        1        -2.718629        1.071701        0.927038
Mo        2.25042        7.29109        3.75323        1        0.498193        0.362637        0.126943
Mo        5.66352        8.85310        3.93678        1        -0.464718        0.735504        -1.613155
Mo        8.52553        10.58558        3.98674        1        -0.072673        0.473719        0.587064
Mo        11.83845        1.76551        4.13646        1        -0.289344        -0.164645        -0.530179
Mo        8.69377        3.42165        4.03414        1        0.693884        1.857743        0.153028
Mo        11.76853        5.32536        4.13621        1        -0.499895        -0.220540        -0.115456
Mo        8.66614        7.22957        4.22798        1        -0.586612        -0.861358        -0.883464
Mo        11.70172        8.87651        4.24617        1        0.993486        -1.364193        -1.625486
Mo        14.82463        10.84430        3.78284        1        0.150194        1.395602        2.411074
Mo        17.94512        1.77364        3.74658        1        1.100496        1.740953        1.382124
Mo        14.96218        3.78446        3.87606        1        -0.103621        0.662628        0.239597
Mo        18.23901        5.82842        3.91692        1        0.023649        -1.816418        -1.266561
Mo        15.18581        7.26917        3.93356        1        -1.565195        0.018511        -0.308191
Mo        18.01293        9.25332        3.79302        1        -0.222273        0.081732        0.699693
Te        1.50305        1.79496        5.56183        2        -1.053530        0.583669        -1.112738
Te        4.23998        3.77419        5.66169        2        0.696031        -0.642870        -0.427476
Te        1.29904        1.88619        2.01992        2        0.116674        -0.311886        0.257318
Te        4.52768        10.79274        2.14486        2        0.599007        -0.121197        0.210501
Te        1.42039        5.55837        5.62827        2        0.026278        -0.036567        0.422344
Te        4.42426        7.13395        5.46175        2        0.088078        -1.039798        0.147117
Te        1.41061        5.60489        1.76002        2        -0.533245        0.076559        0.720866
Te        4.41297        3.55517        1.85348        2        0.556809        -0.127870        1.329882
Te        1.37540        9.16949        5.68803        2        -0.548334        -0.305891        -0.855248
Te        4.39053        10.50780        5.65774        2        0.371738        1.398449        0.037987
Te        1.22965        9.17742        2.02850        2        0.451865        -0.111243        -0.679298
Te        4.36854        7.09398        1.96802        2        1.220352        0.225692        1.025245
Te        7.64722        1.63830        5.58785        2        -1.592992        -0.411401        1.903287
Te        10.74553        3.47544        5.86457        2        0.047521        -0.138700        0.605365
Te        7.57921        1.91744        2.20431        2        -0.794730        -1.715849        0.128716
Te        10.69686        10.68136        2.49469        2        0.452158        0.526184        -1.136518
Te        7.58975        5.12888        5.79363        2        -0.269934        0.755996        0.123536
Te        10.71981        6.98566        5.93340        2        0.122029        0.601450        0.996341
Te        7.85540        5.44274        2.36209        2        0.029243        -0.455445        -1.112670
Te        10.64900        3.58326        2.29715        2        1.314774        -0.776815        -0.213606
Te        7.42868        8.81960        6.00856        2        0.483518        0.757232        -0.537487
Te        10.66382        10.61679        5.78833        2        -0.479904        1.519901        1.304394
Te        7.71585        8.88548        2.13415        2        -0.354160        -0.346676        0.152255
Te        10.62611        7.02871        2.35591        2        0.561038        1.130272        0.350009
Te        14.10878        1.89015        5.77028        2        -0.907269        -0.055123        -0.792786
Te        17.08441        3.87430        5.60057        2        0.444770        -0.433772        -0.657318
Te        13.83624        2.01552        2.26316        2        -0.471112        -0.604816        -0.823108
Te        16.78259        0.20080        1.97573        2        0.407533        -1.039522        -0.417211
Te        13.96498        5.35490        5.86766        2        0.299715        0.668804        -1.003319
Te        17.23546        7.50258        5.74099        2        -0.597863        0.062121        -0.157089
Te        13.51496        5.69030        2.15733        2        2.452841        -0.825793        0.391494
Te        17.24956        3.85984        2.09254        2        -1.246291        0.096790        0.576382
Te        13.93694        8.91981        5.84691        2        0.358225        0.376104        -0.884856
Te        16.78123        0.28275        5.64975        2        1.191684        -1.295676        -0.285704
Te        13.60980        9.14575        2.26676        2        0.567646        -1.507380        -0.466068
Te        17.36369        7.33234        1.91693        2        -2.034313        0.786152        0.663854
