54
Lattice="18.429676749 0.000008540 -0.000615361 -0.000005198 12.342308804 0.000045896 0.042448411 0.000094922 30.000000000" Properties=species:S:1:pos:R:3:tags:I:1:forces:R:3 energy=-308.28402341 stress= -9.83476 -21.95645 -1.52877 0.04914 -3.18303 -0.58403 pbc="T T T"
Mo        2.40563        0.19266        4.17864        1        -0.330625        -0.987085        0.085909
Mo        5.30581        2.20346        4.02439        1        0.401233        -0.728847        -1.032390
Mo        2.42611        4.20194        4.04160        1        0.405263        -0.264076        0.313565
Mo        5.31824        6.15809        4.09421        1        -0.437902        0.694810        0.250966
Mo        1.96062        8.64084        3.96416        1        1.827627        -1.354634        1.051328
Mo        5.30471        10.35237        4.19724        1        0.236518        0.419041        -0.636082
Mo        8.31117        12.09278        3.87305        1        1.079990        1.150827        0.640391
Mo        11.35736        2.03461        3.76684        1        0.305749        -0.724035        0.735228
Mo        8.30251        4.10063        3.75350        1        0.438650        -0.684692        1.664156
Mo        11.47357        6.08481        3.69512        1        0.666282        -0.660746        1.116764
Mo        8.68007        8.17336        3.83272        1        -2.281008        0.337659        0.640537
Mo        11.55878        10.20960        3.65468        1        0.695905        -0.875015        2.104107
Mo        14.65142        12.22108        3.80578        1        -0.810365        0.921579        1.844010
Mo        17.59967        2.21001        3.99990        1        1.864219        -1.640720        -1.141345
Mo        14.62792        3.83936        3.85289        1        0.596289        1.377440        -0.386494
Mo        17.63093        6.05373        3.54751        1        -1.041220        0.208826        1.960714
Mo        14.64792        8.27195        3.78410        1        -2.866563        -2.058524        3.425560
Mo        17.58861        10.26909        4.11851        1        -0.951712        0.910407        0.481435
Te        1.67982        2.16846        5.88990        2        -1.507360        0.531106        -0.616816
Te        4.53039        4.10284        5.84411        2        -0.377721        0.815208        -0.433160
Te        1.47096        2.00662        2.44739        2        -0.368111        1.130611        -0.216871
Te        4.35586        0.07423        2.25843        2        0.209957        -0.062262        1.179233
Te        0.98878        6.20073        5.67999        2        0.959596        0.006680        -0.681463
Te        4.16352        8.41482        5.93747        2        -0.070911        -0.178629        -1.383873
Te        1.51600        6.30051        2.41445        2        0.430964        -0.048015        -1.273693
Te        4.54455        4.20862        2.21619        2        -0.717134        0.130733        0.715989
Te        1.22853        10.46579        5.89096        2        0.064709        0.045583        -0.189926
Te        4.52233        0.40811        5.89949        2        -0.227575        -1.492093        -0.153345
Te        1.06093        10.73100        2.42804        2        1.470779        -0.595448        -0.847701
Te        4.35089        8.42654        2.40039        2        -0.649759        -0.075765        0.650702
Te        7.44889        1.85119        5.63544        2        0.708055        0.515242        -0.249990
Te        10.37637        4.12329        5.44830        2        0.597270        -0.271457        0.029529
Te        7.44230        1.97119        2.29561        2        -0.437683        -0.310510        -0.545536
Te        10.45055        12.05528        2.11998        2        -0.327375        1.014128        -0.682273
Te        7.59985        6.21336        5.59758        2        -0.028230        0.011954        0.060074
Te        10.72858        8.32171        5.52635        2        0.324445        -0.802816        -0.162845
Te        7.36261        6.15869        2.35739        2        0.145418        0.845027        -1.340518
Te        10.33858        3.97721        2.01412        2        0.541667        0.411318        -0.176011
Te        7.65948        10.10708        5.63951        2        -0.564602        -0.033116        0.085528
Te        10.62838        12.15304        5.46870        2        -0.487476        0.336272        -0.285194
Te        7.22249        10.33723        2.16326        2        0.194558        -0.876585        0.285351
Te        10.61149        7.96985        2.09346        2        0.231155        1.284435        -1.555247
Te        13.60833        1.78849        5.53157        2        -0.390229        0.694288        -0.382742
Te        16.82315        4.09048        5.52502        2        -1.183194        1.100260        0.458621
Te        13.51792        2.11214        2.12055        2        0.146827        -1.032248        -0.304090
Te        16.67186        0.05552        2.24416        2        0.884596        0.125987        -0.261746
Te        13.61672        5.91792        5.48521        2        -0.098794        0.248105        -0.725397
Te        16.67778        7.92370        5.56772        2        -0.048434        0.565180        -0.291983
Te        13.70159        6.15455        1.94006        2        -0.232299        -0.435684        1.252427
Te        16.79310        4.04067        1.81230        2        -0.451296        -0.332866        1.420539
Te        13.74608        10.23904        5.64074        2        -0.286365        0.060257        -1.036796
Te        16.95860        0.16662        5.78187        2        -1.406430        -0.237444        -0.814554
Te        13.79445        10.19059        2.23004        2        -0.470708        0.933264        -1.944847
Te        16.53347        8.34929        2.27240        2        3.568442        -0.116898        -2.672050
