54
Lattice="19.535457354 0.000008540 -0.000615361 -0.000005198 11.278316666 0.000045896 0.042448411 0.000094922 30.000000000" Properties=species:S:1:pos:R:3:tags:I:1:forces:R:3 energy=-312.06801326 stress= -11.90667 -12.26533 2.44419 2.35026 -0.57370 -0.16389 pbc="T T T"
Mo        2.51754        0.19111        4.02691        1        -0.080953        0.342024        -0.584738
Mo        5.58674        2.06717        3.89855        1        -0.902075        0.065885        0.202754
Mo        2.43228        3.81002        4.22813        1        -0.059666        0.796590        0.105790
Mo        5.76939        5.92948        4.14176        1        0.253991        -1.120887        0.190471
Mo        2.42979        7.42845        4.33855        1        1.886587        -0.532828        -1.138407
Mo        5.78811        9.70474        4.29628        1        -1.308207        0.236472        0.574905
Mo        8.96352        0.42098        3.76195        1        0.120846        -1.015501        0.659945
Mo        12.38073        1.82679        3.53064        1        0.410597        0.389634        1.230804
Mo        9.00889        3.96399        3.85621        1        -0.104038        -1.200837        -0.898412
Mo        12.39542        5.57917        3.63928        1        -0.837915        -1.285970        0.113727
Mo        8.80883        7.58098        4.23720        1        1.536381        1.112735        -1.322702
Mo        12.44226        9.44254        3.57872        1        -1.264055        -0.986216        0.916205
Mo        15.55600        11.14735        3.58031        1        0.115492        0.125133        2.497615
Mo        18.67611        1.75469        3.94078        1        -0.483891        0.052428        0.438371
Mo        15.53893        3.41628        3.62394        1        -1.264964        0.460556        2.143022
Mo        18.48021        5.44390        4.19640        1        2.148004        -1.797518        -2.271266
Mo        15.65413        7.17963        3.88135        1        -1.269171        1.501532        -0.259681
Mo        18.78174        9.05510        3.86201        1        -0.774494        1.371037        -0.220276
Te        1.25872        1.82615        5.81190        2        -0.248616        0.244051        0.078928
Te        4.73139        3.95458        5.81327        2        -0.407019        -0.148381        -0.124621
Te        1.32638        2.23355        2.38317        2        0.212070        -1.360963        -0.494062
Te        4.57247        11.24813        2.18902        2        0.409303        0.720831        0.924118
Te        1.09771        5.59926        5.96008        2        0.466096        -0.303047        0.003362
Te        4.70783        7.41087        6.21494        2        -0.180060        1.090441        -1.050624
Te        1.39699        5.67754        2.50888        2        -0.442305        -0.196471        0.319721
Te        4.58305        4.08534        2.37428        2        -0.453693        0.279274        0.053647
Te        1.39053        9.44289        5.48647        2        -0.833417        1.098060        3.146140
Te        4.55042        0.40708        5.81864        2        0.267612        -0.604704        0.204323
Te        1.70897        9.37103        2.48359        2        -0.966602        -0.572346        -1.375152
Te        4.72990        7.93652        2.63886        2        -0.684272        -1.405976        -0.435011
Te        7.65889        2.21073        5.52697        2        1.490417        -0.447581        0.399001
Te        11.25157        3.60014        5.55358        2        0.295857        0.455795        -1.444850
Te        7.50842        2.14091        2.09514        2        1.617533        0.137723        -0.434569
Te        11.17169        0.00826        2.01050        2        -0.529883        -0.052390        -0.940125
Te        8.06280        5.56443        5.70221        2        -0.841632        0.435854        1.754301
Te        11.32343        7.33351        5.29969        2        0.166592        1.365212        1.000388
Te        7.85497        5.93144        2.32879        2        -0.362101        -0.321356        -0.583187
Te        11.23733        3.74265        1.96706        2        -0.423895        0.411718        0.017095
Te        8.09329        9.97191        5.74743        2        0.038669        -0.758677        0.499868
Te        11.33901        0.04931        5.37773        2        -0.146102        0.042740        -0.338026
Te        7.77625        9.41377        2.53894        2        0.363806        1.095354        -1.235524
Te        10.78543        7.64591        1.99071        2        0.927381        -0.184857        1.092417
Te        14.44126        1.76559        5.37470        2        -0.324866        -1.123984        0.013013
Te        17.46932        3.54026        5.83677        2        -0.061425        -0.709880        -1.018456
Te        14.65911        1.63191        1.72382        2        -1.015413        0.319136        0.292595
Te        17.72960        11.07741        2.02133        2        1.108696        -0.137831        0.588478
Te        14.49041        5.14961        5.44912        2        -0.406365        1.139014        0.064301
Te        17.57082        7.29961        5.61712        2        -0.064760        1.560187        2.648244
Te        14.61546        5.50851        2.10511        2        -0.468409        -0.353878        -1.274857
Te        17.47027        3.60353        2.09959        2        3.215505        -0.027359        -0.813393
Te        14.50253        9.23847        5.50387        2        -0.182394        0.130341        -0.761672
Te        17.46012        10.96660        5.67777        2        0.766116        0.314715        -1.387876
Te        14.62720        9.26716        2.03627        2        -0.209524        -1.310741        -0.796562
Te        17.80276        7.09850        2.22408        2        -0.207415        0.676083        -0.970724
