54
Lattice="18.429676749 0.000008540 -0.000615361 -0.000005198 14.470293080 0.000045896 0.042448411 0.000094922 30.000000000" Properties=species:S:1:pos:R:3:tags:I:1:forces:R:3 energy=-300.21987836 stress= -4.86505 -2.12575 -1.81463 -1.08397 -1.20249 -0.69101 pbc="T T T"
Mo        0.42733        1.18024        4.34426        1        -0.040376        0.723223        -1.190050
Mo        5.77175        4.40379        4.24932        1        0.714693        0.848233        1.048664
Mo        3.65445        6.62460        4.05343        1        -1.851325        1.124906        1.887937
Mo        6.61605        6.42962        4.15602        1        0.296896        -0.855296        0.305585
Mo        0.53704        9.94727        3.98101        1        -0.474946        -0.251260        0.438189
Mo        2.85734        14.29853        4.70367        1        1.230487        0.427172        -1.550824
Mo        6.95435        1.50010        4.01161        1        0.441671        1.334536        -0.228906
Mo        11.64632        1.10637        4.28392        1        -0.176624        0.418658        -0.245005
Mo        9.02539        4.03004        4.17147        1        -1.289140        1.528179        -0.541538
Mo        12.12075        5.01188        3.95584        1        -0.129358        1.819418        -0.860873
Mo        11.24421        7.00448        3.72263        1        -0.089481        -1.801305        0.676903
Mo        13.36061        11.69842        4.34630        1        -1.453246        1.111505        0.017942
Mo        14.50836        14.45228        4.05605        1        0.848021        -1.701155        0.648724
Mo        18.01313        3.53173        3.65586        1        -0.319640        0.771736        0.085315
Mo        15.36011        5.16387        3.43340        1        0.576347        0.507061        0.827466
Mo        17.74650        6.84606        3.43770        1        -0.309359        -1.551365        -0.237982
Mo        15.11355        7.40939        4.03016        1        1.678185        -0.331899        -0.290686
Mo        17.88808        13.05451        3.95030        1        -0.697930        0.184836        -0.429461
Te        1.22646        5.17360        4.95709        2        -0.175276        0.704665        0.410516
Te        4.93959        6.71224        6.36920        2        0.553025        -0.890259        -0.469858
Te        1.57768        2.91427        2.06460        2        -0.305357        -1.080281        -0.092680
Te        1.59970        14.17409        2.31083        2        0.147542        0.087380        0.728394
Te        2.97054        9.12971        5.10643        2        -0.459186        -0.621479        -0.339157
Te        1.91046        12.04065        5.25611        2        -0.079604        -0.309726        0.565046
Te        1.56266        7.86842        1.89619        2        -0.065779        -0.273781        1.760458
Te        3.64832        4.60981        2.54947        2        0.611643        -0.898274        -1.633369
Te        17.33063        11.36128        5.94235        2        0.250436        -0.228613        -0.531414
Te        2.15049        1.84783        6.21622        2        -0.056665        -0.195459        0.425548
Te        0.53047        11.47948        1.86112        2        -0.272963        -0.038923        -0.078641
Te        5.02735        7.45603        2.17192        2        1.909047        1.091458        -1.382269
Te        7.47158        3.09945        6.09100        2        -0.954840        -0.241762        0.393357
Te        11.11320        3.59038        5.98957        2        -0.458101        -1.322137        -0.249903
Te        6.91141        3.52169        1.94989        2        0.550435        -0.929630        1.192344
Te        8.89350        14.37163        3.94463        2        1.563811        0.054414        -0.071566
Te        9.05249        6.31171        5.80036        2        0.188581        0.544554        -0.694626
Te        13.34733        7.95721        1.93619        2        -0.805276        0.550682        0.413849
Te        8.77498        6.37201        2.41343        2        0.849034        -0.236940        0.086569
Te        10.38556        2.88330        2.30579        2        1.621202        -0.113779        0.246913
Te        5.57390        13.94521        5.06498        2        -0.841099        -0.119936        0.600217
Te        12.72541        13.67707        6.13205        2        0.065429        0.091169        -0.939234
Te        4.87175        0.90892        2.54207        2        -0.866288        -0.083221        -0.054385
Te        11.41490        10.24182        3.57058        2        -0.217290        0.044831        -0.068938
Te        14.04396        2.54028        4.24094        2        -0.256058        1.038151        -0.344245
Te        16.29267        3.75345        5.76255        2        0.189265        0.667145        -0.147813
Te        12.98343        0.43212        1.99940        2        -0.877007        0.632341        0.022089
Te        16.63145        0.91045        2.55297        2        0.679782        -0.109280        -0.505081
Te        13.85559        6.27941        6.06586        2        -0.801683        -0.448259        -0.823446
Te        17.65465        8.00376        5.78823        2        -0.117628        -0.219327        -0.302069
Te        13.48874        5.24899        1.49401        2        -0.193218        -0.919942        -0.334937
Te        17.25795        4.91985        1.45378        2        -0.445728        0.176422        0.549659
Te        14.46928        9.96150        5.58088        2        0.858918        -0.897388        0.982810
Te        16.74730        0.58143        5.82468        2        -0.539740        -1.318770        0.310232
Te        15.18377        12.22158        2.54817        2        0.611914        0.604289        0.333350
Te        16.90902        8.97234        2.29073        2        -0.839261        0.894726        -0.288082
