54
Lattice="19.166863819 0.000008540 -0.000615361 -0.000005198 11.065518238 0.000045896 0.042448411 0.000094922 30.000000000" Properties=species:S:1:pos:R:3:tags:I:1:forces:R:3 energy=-319.73576257 stress= -10.64013 -10.82700 0.10294 -3.71647 -0.09035 0.34544 pbc="T T T"
Mo        2.40748        0.08469        3.85640        1        0.475856        1.084275        -0.350883
Mo        5.66476        1.79498        3.89777        1        0.050787        0.380127        -0.318664
Mo        2.55571        3.65588        3.92249        1        -0.707699        0.919370        -0.350802
Mo        5.58579        5.44800        4.05785        1        0.540826        0.927591        -0.438350
Mo        2.43848        7.46562        4.02500        1        0.007488        -0.227763        0.148117
Mo        5.69136        9.32180        3.83844        1        -0.749159        -0.892729        1.154577
Mo        8.83905        11.01513        3.87280        1        -0.508356        -0.444764        0.040724
Mo        11.98727        1.72439        3.84193        1        0.105100        0.224362        0.297861
Mo        8.74856        3.61204        4.02700        1        0.709579        -0.047947        -0.171892
Mo        12.05188        5.58612        3.93421        1        -0.486898        0.532784        -0.782218
Mo        8.87094        7.24695        3.91605        1        -0.535180        0.070715        0.633557
Mo        11.89598        9.28418        3.99384        1        1.170133        -0.500701        -0.059240
Mo        15.18778        11.05647        3.88691        1        -0.629326        0.447992        1.216462
Mo        18.37686        1.86992        3.84443        1        -0.201198        -0.454290        0.791402
Mo        15.15358        3.69618        3.75731        1        -0.536738        -0.036179        0.271835
Mo        18.40370        5.56063        3.85730        1        0.254113        -0.682376        0.337471
Mo        15.26349        7.33010        3.94034        1        -0.378481        0.882346        0.061535
Mo        18.39298        9.19874        4.16164        1        0.571058        0.639296        -0.697273
Te        1.40051        1.98461        5.65856        2        -0.456420        -0.638532        -0.166696
Te        4.62352        3.63750        5.76303        2        -0.321655        -0.393424        -0.046922
Te        1.18765        1.96830        2.12685        2        1.528112        -0.363620        -0.458439
Te        4.63819        11.02561        2.04432        2        -0.565444        0.583319        0.209381
Te        1.32720        5.52425        5.65660        2        0.348249        0.011049        -0.157269
Te        4.60116        7.54313        5.71823        2        0.141501        -0.378178        -0.164482
Te        1.50419        5.62390        2.13047        2        -0.331423        -0.252933        0.684117
Te        4.68323        3.63797        2.20677        2        -0.386849        0.251653        -0.420751
Te        1.60271        9.48341        5.76420        2        -1.220968        -1.028755        0.329736
Te        4.48632        0.14020        5.59582        2        0.445013        -0.820475        0.392377
Te        1.30891        9.25727        2.34702        2        -0.276480        -0.199699        -0.823102
Te        4.51496        7.34478        2.27875        2        0.324174        0.023689        -0.123615
Te        7.67931        1.67930        5.70851        2        0.481452        0.283733        -0.056194
Te        11.00304        3.80614        5.71898        2        -0.286703        -0.900790        -0.532716
Te        7.81868        1.82721        2.15367        2        -0.161462        -0.115346        0.023773
Te        10.88333        10.89961        2.11333        2        0.154635        0.713499        -0.364632
Te        7.70756        5.40643        5.82880        2        0.245924        0.425675        -0.502086
Te        10.93155        7.46013        5.72795        2        0.041619        -0.607954        -0.019372
Te        7.71842        5.43088        2.25360        2        -0.097595        -0.132478        0.018079
Te        10.98545        3.57789        2.23952        2        -0.610460        0.886711        -0.138953
Te        7.79638        9.15475        5.63217        2        -0.059609        0.077092        -0.142483
Te        10.85656        0.08614        5.68913        2        0.148640        -0.206671        0.209568
Te        7.70379        8.97181        2.11794        2        0.784356        0.842529        -0.050111
Te        10.98311        7.43609        2.15627        2        -0.160103        -0.401320        0.227823
Te        14.01337        1.92562        5.58852        2        0.762364        -0.295735        -0.139531
Te        17.25212        3.61303        5.55315        2        -0.061657        0.798695        0.130627
Te        14.12250        1.68739        1.95967        2        -0.048886        0.480647        0.907671
Te        17.25692        10.86819        2.28499        2        0.971703        0.581302        -0.650525
Te        14.10763        5.62103        5.60512        2        0.544902        -1.027252        0.664271
Te        17.34793        7.30244        5.71667        2        -0.011516        -0.276977        0.647874
Te        14.12887        5.68250        2.06690        2        0.021979        -0.675519        0.227707
Te        17.35107        3.66569        2.10361        2        -0.251474        0.457045        -0.379267
Te        14.17186        9.24973        5.77279        2        -0.219689        -0.044353        -0.851669
Te        17.33219        0.17011        5.70853        2        -0.277187        -0.640731        0.174325
Te        14.14776        9.16162        2.23589        2        -0.466250        0.161588        0.066170
Te        17.37916        7.45393        2.25564        2        0.188137        -0.017697        -0.526619
