54
Lattice="19.173937585 0.000456147 -0.025753600 -0.000245476 11.340344112 0.000007040 0.013560576 0.000001770 30.000000000" Properties=species:S:1:pos:R:3:tags:I:1:forces:R:3 energy=-312.60633984 stress= -5.13937 -10.93963 -2.02448 -1.14332 0.22674 0.17135 pbc="T T T"
Mo        2.15723        0.01011        4.00229        1        -0.248482        -0.376467        -0.122986
Mo        4.37956        1.57280        4.02484        1        0.721749        -0.113353        0.014714
Mo        1.86256        3.34960        4.07935        1        1.534466        0.795608        -1.105763
Mo        4.30739        5.72394        4.39266        1        -0.466516        1.578399        -1.467576
Mo        1.70474        7.89237        3.98397        1        0.546279        0.814213        1.535285
Mo        4.20132        9.21620        4.19503        1        1.064354        0.974031        -1.642663
Mo        8.56512        11.14492        3.76058        1        0.160645        -1.108487        0.649090
Mo        10.87226        1.79668        4.01379        1        -0.346026        0.134647        -0.572290
Mo        8.45341        3.65449        3.71209        1        1.413291        -0.429775        0.770293
Mo        10.98813        5.11795        3.94691        1        -1.784692        1.549112        -0.394372
Mo        8.61121        7.30992        3.74801        1        -0.734731        1.284525        -1.848689
Mo        11.06543        9.59897        3.82135        1        -0.967316        -0.023617        -1.304822
Mo        14.94316        0.73679        3.36992        1        0.400993        0.345646        1.002002
Mo        17.45498        2.64900        4.04139        1        -0.072623        -1.450952        -0.154340
Mo        14.98059        3.98726        3.96129        1        -0.188011        -0.117948        -1.564108
Mo        17.31750        5.51332        4.15479        1        -0.126366        0.916801        -2.090928
Mo        14.90938        7.43968        3.67295        1        -0.398216        0.480276        1.628851
Mo        17.71905        9.23343        4.16092        1        0.252975        -0.915329        -0.992021
Te        0.58051        1.89560        5.64193        2        -0.564386        -0.938428        0.992286
Te        4.00687        3.51859        5.93138        2        -0.743594        0.156484        -0.073672
Te        5.96648        11.07574        2.54138        2        -0.239113        0.157202        -0.056403
Te        2.68197        1.78742        1.99705        2        -0.269160        0.208895        0.003110
Te        0.55451        5.58492        5.25995        2        1.242146        0.178956        0.590125
Te        3.64449        7.62390        6.21034        2        -0.658530        -0.860884        -0.039242
Te        5.83152        3.75665        2.94097        2        -0.670562        -0.067190        -0.742406
Te        2.69738        6.11645        2.26135        2        0.451976        -1.652180        0.239080
Te        0.71860        9.73507        5.80763        2        -0.515198        -0.446970        0.000044
Te        4.17288        11.18053        6.03052        2        -0.919329        0.015731        0.306828
Te        5.79126        7.49470        2.61905        2        -0.175530        -0.266698        0.031131
Te        2.60583        9.51297        1.94290        2        -0.022912        0.266768        1.022289
Te        6.95234        1.62167        5.11705        2        0.571715        0.314495        0.493388
Te        10.12474        3.62561        5.90141        2        -0.558876        -0.554660        0.311877
Te        12.49198        11.32798        2.08844        2        -0.517123        0.307945        0.984337
Te        9.23614        1.58418        1.92934        2        -0.392774        0.995992        -0.528415
Te        7.04233        5.75226        5.06355        2        -0.601703        -1.036188        1.508886
Te        10.37948        7.40453        5.53661        2        0.899705        0.289148        0.981774
Te        12.48380        3.61360        2.46255        2        0.378413        -0.091472        -0.699008
Te        9.19686        5.51907        1.85940        2        0.137354        -0.503852        -0.297817
Te        6.78903        9.27757        5.40896        2        1.045506        -0.081065        -0.249726
Te        10.41682        11.18423        5.87313        2        -0.617629        0.136535        -0.340678
Te        12.28988        7.24853        2.61008        2        0.291974        0.783324        0.287966
Te        8.88448        9.25144        1.71898        2        0.919657        0.078152        1.501459
Te        13.28670        2.18039        5.23495        2        1.274160        -1.211967        0.335506
Te        16.37012        4.14494        6.26950        2        0.386437        -1.044132        -0.761623
Te        18.79394        0.06212        2.73474        2        -0.122199        0.739817        0.107247
Te        15.99443        2.55579        1.62204        2        -0.458782        -0.704817        1.407111
Te        13.28164        5.75211        5.49939        2        0.920712        -0.203893        -0.711458
Te        16.53619        7.40625        5.80797        2        -0.259643        1.257146        1.137498
Te        19.00909        3.82759        2.18131        2        -0.276700        0.684604        0.570761
Te        15.82572        5.88560        1.92792        2        -0.196358        -1.393862        -0.939862
Te        13.71117        9.74658        4.67963        2        -0.140939        0.027164        -0.386557
Te        16.53700        0.36202        5.49857        2        -0.153359        0.058113        -0.616293
Te        18.62974        7.54322        2.32937        2        0.419603        0.012748        0.352114
Te        15.93164        9.65316        2.00662        2        -0.630868        0.055011        0.976598
