54
Lattice="20.324373841 0.000456147 -0.025753600 -0.000245476 10.309403738 0.000007040 0.013560576 0.000001770 30.000000000" Properties=species:S:1:pos:R:3:tags:I:1:forces:R:3 energy=-311.07554924 stress= -9.59869 -2.83270 -0.57351 -0.89934 2.05418 1.52278 pbc="T T T"
Mo        2.36414        0.30903        3.98875        1        -0.419764        -0.061895        -1.569660
Mo        4.93308        1.97645        3.94029        1        -0.949857        -0.609843        -0.571318
Mo        2.33084        3.38665        3.82455        1        0.248152        0.277430        1.138288
Mo        4.70382        5.37255        4.05950        1        -0.592613        -0.930824        -2.026905
Mo        2.12335        6.96916        3.86338        1        1.092566        -0.244394        -1.078299
Mo        4.74092        8.79937        3.61088        1        -0.425887        -0.112096        0.666060
Mo        9.01637        10.13424        3.79042        1        0.461593        0.742776        -1.423770
Mo        11.52654        1.62993        4.19176        1        -0.200673        -0.640459        0.950522
Mo        9.15438        3.54032        3.57291        1        0.097322        -0.684333        -0.344434
Mo        11.73671        5.17754        3.70813        1        -1.213212        0.072750        1.486488
Mo        8.97870        6.64836        3.39526        1        -0.325420        1.622098        1.297332
Mo        11.47210        8.54945        4.03207        1        -0.822463        -0.921482        -0.883745
Mo        15.85662        9.65087        3.98748        1        -0.526077        -0.261580        1.706084
Mo        18.36810        1.84300        4.46127        1        -0.589280        1.366436        -1.225662
Mo        15.85908        3.73926        4.00083        1        0.045273        -1.105011        1.267599
Mo        18.26731        5.17164        4.43205        1        1.794936        0.269254        -1.370610
Mo        15.78510        6.79910        3.59326        1        -0.960821        0.474730        -1.111037
Mo        18.54362        8.52757        3.79837        1        -0.705208        0.040026        0.426102
Te        1.01124        1.91300        5.85199        2        -0.472709        0.023737        -0.680609
Te        4.05125        3.48160        5.92557        2        0.077618        0.805868        0.196111
Te        6.38981        0.26114        2.17139        2        0.752501        -0.779063        0.489943
Te        3.16941        1.75155        1.78496        2        -0.222550        0.457825        1.198952
Te        0.61735        5.48627        5.60810        2        0.089801        -0.885812        -0.260054
Te        3.93359        7.16856        5.80058        2        0.466408        0.123553        0.317812
Te        6.40368        3.40963        2.15959        2        0.384918        0.508327        0.249884
Te        3.00339        5.17766        1.95814        2        -0.096733        0.708136        -0.089520
Te        0.71123        8.83130        5.22865        2        -1.070335        -0.233523        0.834846
Te        4.21001        0.11784        5.83969        2        0.833974        -0.154370        -0.141705
Te        6.30105        6.79634        2.12238        2        -0.456551        0.361422        0.241938
Te        2.33597        8.94634        1.84278        2        1.013455        -1.108837        0.516057
Te        7.60914        2.11035        5.19463        2        -1.247782        -2.052511        0.341398
Te        10.30430        3.39696        5.96312        2        1.386788        -0.201322        -0.761532
Te        13.36252        10.08099        2.72907        2        -0.633184        -0.338376        0.139995
Te        10.24680        1.68959        1.88246        2        -0.873779        -0.547917        0.458917
Te        7.26037        5.25754        4.90003        2        0.520290        0.066672        1.112542
Te        10.35736        6.59485        5.61066        2        0.749819        0.216560        0.340364
Te        13.29034        3.15280        2.76752        2        0.279808        0.831187        -0.543222
Te        9.99918        5.10277        1.66065        2        0.723634        -0.585730        -2.134461
Te        7.18675        8.60253        5.00209        2        0.163304        -0.011232        -0.084985
Te        10.48542        9.96631        6.07415        2        0.451632        0.941625        -0.701583
Te        13.22300        6.97573        2.18500        2        -0.074801        -0.776088        0.624869
Te        9.89021        8.38827        1.60742        2        0.054582        1.610373        1.072268
Te        14.34913        1.23167        5.45453        2        -0.377393        0.832042        0.072381
Te        17.27299        3.62111        6.33897        2        0.218451        -0.412783        -0.369450
Te        19.88268        0.24431        2.65843        2        0.775851        0.037616        -0.315112
Te        16.41927        1.48971        2.60082        2        0.772272        1.370597        -1.438188
Te        13.99751        5.08529        5.74474        2        0.020270        -0.363604        -1.275775
Te        17.14165        7.15913        5.65752        2        0.950827        0.214714        2.957009
Te        19.99412        3.23172        2.81737        2        0.218204        1.446245        -0.043852
Te        17.24268        5.18523        2.07987        2        -1.632121        -1.121158        -0.998785
Te        13.65578        7.91071        5.84153        2        0.768497        1.417658        -1.105481
Te        17.63704        0.01032        5.97865        2        -0.098557        -1.603165        1.579104
Te        20.07561        6.63566        2.36696        2        -0.429232        0.448803        0.725698
Te        16.78744        8.59221        1.72947        2        -0.009459        -0.531117        0.127047
