54
Lattice="20.707852593 0.000456147 -0.025753600 -0.000245476 10.309403738 0.000007040 0.013560576 0.000001770 30.000000000" Properties=species:S:1:pos:R:3:tags:I:1:forces:R:3 energy=-312.80655346 stress= -10.19935 -0.99601 0.59541 0.16373 -0.73685 0.46391 pbc="T T T"
Mo        2.43306        10.19056        3.93410        1        0.141566        -0.535784        0.427052
Mo        5.09488        1.42573        4.29489        1        -1.100595        0.219098        -0.037281
Mo        2.75311        3.38038        3.83587        1        0.145429        -0.674180        1.544597
Mo        5.05807        5.63756        4.07848        1        0.061984        -0.961175        1.891682
Mo        2.52061        6.65574        4.01540        1        -0.076315        0.755193        -0.835997
Mo        4.86771        8.63931        4.38894        1        1.739809        0.352484        -1.175630
Mo        9.32558        10.24734        4.39195        1        -0.021792        -0.522112        0.515775
Mo        11.83573        1.80493        4.20133        1        0.657796        -1.390226        2.482559
Mo        9.37123        3.23461        4.51542        1        -1.642985        0.104642        -2.160118
Mo        11.75949        4.98327        4.25572        1        -1.214503        -0.434576        -1.284744
Mo        9.37872        6.86619        4.21300        1        -0.084004        0.264892        0.618553
Mo        11.85765        9.00890        4.20802        1        -0.578695        -0.524299        0.462887
Mo        15.91455        10.25753        3.42278        1        0.656052        -0.106237        -0.381891
Mo        18.28830        1.79648        3.20060        1        0.623962        -0.038486        -0.148471
Mo        15.69102        3.13080        3.44953        1        2.392007        1.330308        -0.206684
Mo        18.30626        5.31843        3.47507        1        0.344493        0.290971        -1.295224
Mo        15.88253        7.08303        3.73295        1        0.459264        -0.105420        -1.382229
Mo        18.76303        8.61551        3.61707        1        -0.831602        -0.058788        -1.026733
Te        0.31025        2.36522        4.32992        2        0.785892        -1.207701        -0.446238
Te        4.37826        3.58664        6.01493        2        -0.426883        -0.142989        -1.072507
Te        6.89106        10.13323        2.92034        2        -0.670046        0.867596        -0.225282
Te        3.45133        1.45137        2.06537        2        0.257765        0.962653        -0.209829
Te        0.49116        5.14310        5.14527        2        0.201452        0.061132        0.173624
Te        4.22565        7.02936        6.26614        2        -1.047760        -1.425980        0.133171
Te        6.51328        3.39120        3.22103        2        1.078773        0.483022        -0.682894
Te        3.53471        5.01975        2.01236        2        -0.460654        0.562616        -0.891103
Te        0.62637        8.54178        5.28755        2        -0.208467        0.500100        -0.146756
Te        3.97071        0.01462        6.21950        2        -0.716518        0.318458        0.370238
Te        6.72783        7.09624        2.61564        2        0.132559        -0.312564        0.291208
Te        3.48501        8.48865        2.16241        2        -0.882219        -0.388912        -0.196310
Te        7.48861        1.51761        5.93639        2        0.437811        0.152974        -0.096567
Te        11.14320        3.42015        6.32788        2        1.014006        -0.575035        1.104828
Te        13.37101        10.24951        2.19671        2        -0.968628        0.074991        0.868682
Te        9.97599        1.63824        2.47419        2        -1.084002        0.287997        -1.638329
Te        7.73444        5.13483        5.51039        2        -1.033299        0.647751        0.711744
Te        11.33002        6.78498        6.16047        2        -0.224084        1.192000        -0.416850
Te        13.11611        3.42090        2.52940        2        0.140845        -0.173762        -1.340436
Te        9.64765        5.00555        2.33383        2        0.977775        -0.370654        0.497478
Te        7.46786        8.56187        5.80381        2        0.705482        0.000085        0.157208
Te        11.09012        10.16580        6.53171        2        0.126771        0.779654        -1.392739
Te        13.04818        6.93071        2.63017        2        0.611479        0.274873        0.388407
Te        9.97682        8.62947        2.32381        2        0.202770        -0.023961        -0.391490
Te        14.55429        1.58804        5.18068        2        -0.826063        0.087853        0.991383
Te        17.83644        3.44289        5.19537        2        -0.967534        -0.193189        0.981113
Te        20.61624        10.15568        1.92646        2        -0.324462        0.087432        1.150511
Te        16.35217        1.64755        1.41306        2        0.058767        0.000783        -1.186856
Te        14.41214        5.00116        4.94039        2        0.543441        1.034400        0.714857
Te        17.88430        6.96029        5.55411        2        -0.029878        -0.075413        0.230277
Te        19.30200        3.60451        1.39011        2        -0.046861        -0.041849        0.350739
Te        16.47503        5.42514        1.45366        2        -0.270661        -0.755872        1.239667
Te        14.47325        8.79298        5.32696        2        0.084068        -0.622454        0.072081
Te        17.75995        0.09105        5.29847        2        0.740685        0.332244        0.946115
Te        20.42084        6.89326        2.15894        2        0.175276        -0.317267        0.317009
Te        16.82621        8.54611        1.54562        2        0.267754        -0.055102        0.651445
