54
Lattice="20.272644424 0.000008540 -0.000615361 -0.000005198 11.703913521 0.000045896 0.042448411 0.000094922 30.000000000" Properties=species:S:1:pos:R:3:tags:I:1:forces:R:3 energy=-305.34598159 stress= -22.41098 -20.75606 -6.58817 1.32419 0.82712 0.27440 pbc="T T T"
Mo        2.52092        0.36422        3.56168        1        0.054848        -0.679883        1.238075
Mo        6.02430        1.89736        3.70842        1        -0.439341        0.965519        -0.397926
Mo        2.67671        4.22679        4.10541        1        0.308648        -0.812120        -1.481069
Mo        5.94349        5.83832        3.80134        1        1.501967        0.698053        -0.362059
Mo        2.56583        7.83767        4.07856        1        0.305038        0.631743        -0.032732
Mo        5.74272        9.77725        3.67099        1        0.420646        -0.483744        0.872612
Mo        8.97132        11.60653        3.74018        1        1.367336        -0.898460        -0.015732
Mo        12.65738        1.87641        4.27452        1        -0.410065        0.904546        -1.512198
Mo        9.25843        3.78149        3.98528        1        0.900684        0.120625        -0.431524
Mo        12.82855        5.68339        4.34199        1        -0.106701        0.174059        0.171699
Mo        9.24037        7.81220        3.68399        1        0.734045        -0.172767        0.520557
Mo        12.57180        9.69967        4.13837        1        1.407170        -1.925655        -1.463230
Mo        15.97701        11.46182        4.15884        1        0.439966        2.025521        -1.386511
Mo        19.34763        2.05004        3.83262        1        0.431728        0.259041        -0.218401
Mo        16.19369        3.90453        3.79358        1        0.774453        0.442147        1.136987
Mo        19.84354        5.61814        4.08594        1        -1.277275        0.042497        -0.969270
Mo        16.13932        7.53562        4.16293        1        0.243569        1.093747        -1.051792
Mo        19.45266        9.70643        4.04095        1        -0.351913        1.343211        -1.354808
Te        1.38752        2.28263        5.53141        2        -0.011302        -0.875623        -0.126699
Te        4.91075        3.92806        5.54695        2        0.955251        -0.217054        0.008630
Te        1.50964        2.44344        2.27051        2        -0.600503        0.105078        -0.466948
Te        4.68012        11.57705        1.84385        2        0.240102        0.960161        0.768414
Te        1.51903        5.77990        5.92281        2        0.557789        1.266863        0.310414
Te        5.13060        7.66931        5.59628        2        -1.366827        0.899380        -0.623054
Te        1.71731        6.00434        2.37239        2        -0.835403        -0.007625        -0.743147
Te        4.84407        4.19181        2.07315        2        -0.274365        -1.252637        0.271832
Te        1.33104        10.17780        5.49705        2        1.299000        -0.457308        0.304589
Te        4.61911        0.28552        5.36998        2        0.375712        -0.995295        -0.316786
Te        1.25960        10.14239        2.10213        2        -0.045617        -0.969311        0.526958
Te        4.54048        7.90010        1.94120        2        0.387712        -0.208116        1.787705
Te        8.16062        1.75335        5.55515        2        -0.721202        0.441678        -0.209725
Te        11.26855        3.48426        6.13737        2        0.538169        0.648103        -1.501732
Te        8.37042        1.89874        2.05967        2        -0.851240        0.460442        0.088724
Te        11.42502        11.65553        2.22621        2        0.342437        -0.068385        0.840606
Te        8.41543        5.91696        5.49874        2        -1.206209        -0.174699        -0.418734
Te        11.45928        7.63946        5.80802        2        -0.090630        0.516016        -0.624104
Te        8.54338        5.80843        1.85702        2        -0.902669        -0.118333        1.597674
Te        11.65878        4.18428        2.48186        2        -0.303777        -1.957263        0.487131
Te        7.89683        9.83656        5.66092        2        0.017092        -0.367342        -1.678611
Te        11.35909        11.51836        5.46571        2        -1.078234        0.803559        1.336813
Te        7.95666        9.53861        1.89811        2        0.093994        0.600823        1.244162
Te        11.84323        7.41950        2.42491        2        -0.716854        1.416680        0.392955
Te        14.98660        2.07247        5.70695        2        0.294563        -0.679816        -0.390100
Te        18.43655        3.83163        5.77519        2        -0.185587        -0.163685        -1.200270
Te        14.79737        2.20372        2.29174        2        -0.204884        -1.297053        0.473143
Te        18.01625        0.02983        2.18195        2        0.406699        -0.443192        1.071093
Te        15.15932        5.64782        5.82174        2        0.100011        -0.206883        0.106976
Te        18.55744        7.62755        5.60213        2        -0.021463        -0.167977        1.018066
Te        14.92579        5.86076        2.38055        2        0.115548        -0.177779        0.020779
Te        18.56878        3.89824        1.91567        2        -0.561197        0.106301        1.675198
Te        15.07839        9.60907        5.76170        2        -0.858510        -0.667027        0.627950
Te        18.41789        0.03994        5.60002        2        -0.587463        -0.068548        0.188613
Te        14.85566        9.57247        2.40466        2        0.138750        0.008379        0.516390
Te        18.63554        7.62448        2.49743        2        -0.759702        -0.402433        -0.651868
