54
Lattice="19.173937585 0.000456147 -0.025753600 -0.000245476 11.340344112 0.000007040 0.013560576 0.000001770 30.000000000" Properties=species:S:1:pos:R:3:tags:I:1:forces:R:3 energy=-315.85648906 stress= -3.04186 -12.91086 3.45698 1.30424 3.75528 -0.25733 pbc="T T T"
Mo        2.07211        0.31162        3.90774        1        0.344706        0.265624        -1.365807
Mo        4.58778        1.89189        4.16758        1        -0.901020        0.104249        0.458972
Mo        2.30253        3.58632        3.73498        1        -0.746915        0.240890        -0.924164
Mo        4.33162        5.54651        4.02797        1        1.257628        -0.115081        -0.283219
Mo        2.22812        7.43242        3.54501        1        0.787089        0.056485        -0.196321
Mo        4.26731        9.92353        4.26743        1        -0.785922        -0.536653        0.100183
Mo        8.46569        11.11278        4.00573        1        0.699152        0.854049        0.410374
Mo        11.06739        1.82701        3.93738        1        -1.763295        0.449736        0.471064
Mo        8.41380        3.45455        4.06601        1        1.034561        -0.639911        -0.618676
Mo        10.83671        5.84541        4.02757        1        0.020475        0.149646        1.042542
Mo        8.38761        7.60091        4.07976        1        -0.690342        0.588086        -0.089048
Mo        10.89850        9.46761        4.19189        1        -0.725494        -0.936171        -0.746468
Mo        15.08693        0.09610        3.54814        1        -0.054092        -0.347250        0.910267
Mo        17.30431        2.08193        3.99995        1        -0.210296        0.126909        0.105470
Mo        14.88849        3.91970        3.67658        1        0.175501        0.337844        0.490462
Mo        17.23630        5.48212        3.83257        1        0.780617        0.510681        -0.739218
Mo        15.02209        7.56355        3.79479        1        -0.036641        -0.097304        -0.361579
Mo        17.38540        9.15769        3.76591        1        -0.396907        -0.216079        0.190557
Te        0.50680        2.16622        5.43400        2        0.420298        -0.417413        -0.059229
Te        3.72818        3.89258        5.94379        2        0.125318        -0.688996        0.937353
Te        5.94747        11.27744        2.63761        2        0.368668        0.380619        -0.117168
Te        3.19379        1.76890        1.92257        2        -0.895468        0.318865        -0.313178
Te        0.77437        5.52423        5.08555        2        -0.776332        0.261675        0.058130
Te        3.61523        7.55069        5.76759        2        0.360427        0.562245        0.437532
Te        6.00382        3.69919        2.64588        2        0.291709        0.233398        -0.363632
Te        2.99082        5.39064        1.74159        2        -0.364308        0.426732        0.033933
Te        0.73745        9.36858        5.00032        2        -0.213276        -0.089178        0.215974
Te        3.41824        0.42463        6.09308        2        0.993628        -0.744426        1.256311
Te        5.79355        7.90935        3.01205        2        -0.474333        -1.132070        -0.186675
Te        2.82777        9.74498        1.98742        2        -0.129987        -0.589394        0.214739
Te        7.01132        1.69485        5.63576        2        0.078281        0.384374        -0.072623
Te        10.39500        3.77370        5.83894        2        0.027095        -0.113957        0.058342
Te        12.39939        11.33376        2.55322        2        0.429870        -0.545588        -0.619872
Te        9.06684        1.69907        2.07333        2        -0.014972        0.147763        0.154050
Te        6.86061        5.48667        5.23617        2        0.384221        0.553468        0.014326
Te        9.97565        7.50589        6.07372        2        1.506887        0.284033        0.376131
Te        12.34131        3.90488        2.37074        2        -0.228313        -0.213995        0.444763
Te        8.92084        5.69401        2.28281        2        -0.222292        -0.542380        -0.813736
Te        6.68955        9.62163        5.55450        2        0.786258        -0.175663        0.169978
Te        10.38081        11.32523        5.93349        2        -0.247313        0.594890        0.682649
Te        12.53659        7.50770        2.52906        2        -1.025237        0.392687        0.142171
Te        9.05180        9.29391        2.18954        2        0.593768        0.180810        -1.063832
Te        13.46009        1.87203        5.19450        2        0.615205        0.181107        0.024485
Te        16.48895        3.90300        5.83315        2        0.201873        -0.727713        0.312217
Te        18.94504        0.15438        2.41340        2        -0.850976        -0.236462        0.232157
Te        15.72911        2.09572        1.92728        2        -0.415551        -0.151696        -1.683094
Te        13.34826        5.76856        5.31428        2        0.371720        -0.174026        -0.135795
Te        16.82052        7.24727        5.79639        2        0.133647        1.069291        -0.211518
Te        18.98331        3.66140        2.20759        2        -0.570009        -0.095981        0.753907
Te        15.42314        5.85384        1.77541        2        0.430165        -0.712568        0.118579
Te        13.52294        9.49413        5.16590        2        0.209204        0.055477        0.352336
Te        16.79578        11.10978        5.57703        2        0.075657        0.714046        0.193368
Te        18.98080        7.34424        2.33711        2        -0.844036        0.210248        0.007515
Te        15.56458        9.48359        1.81089        2        0.071056        -0.395512        -0.398671
