54
Lattice="19.174335959 0.000456436 -0.025753600 -0.000245188 12.055168952 0.000007040 0.013560858 0.000001769 30.000000000" Properties=species:S:1:pos:R:3:tags:I:1:forces:R:3 energy=-311.40103083 stress= -10.08718 -16.66998 -2.38392 -0.28753 -0.63958 0.85292 pbc="T T T"
Mo        2.54353        0.03989        3.61385        1        -0.252395        -0.231419        -1.461630
Mo        4.34074        2.16039        3.99107        1        1.425547        0.581821        0.923480
Mo        2.12414        4.15829        4.04982        1        0.655594        0.660492        -0.296475
Mo        4.43216        5.94193        4.06632        1        0.565831        -0.507196        0.090985
Mo        2.04027        7.71740        3.86143        1        0.822843        0.271758        -0.129817
Mo        4.38754        9.71981        3.98345        1        -1.208278        -1.506520        0.996715
Mo        8.24668        11.35373        3.76783        1        0.578558        -0.452199        -0.549811
Mo        11.25601        2.54777        4.08651        1        -0.476110        0.345708        -0.821756
Mo        8.48627        4.17314        3.64602        1        2.005564        -0.208622        0.025712
Mo        10.98702        5.91600        3.83006        1        0.190728        0.374398        0.815405
Mo        8.56848        7.89099        3.75785        1        -0.307225        -0.787818        -0.618410
Mo        10.83223        9.83373        3.76706        1        -1.055200        -0.292425        0.545115
Mo        14.88775        0.20709        3.84220        1        0.720778        0.530412        0.493387
Mo        17.33089        1.92317        4.19899        1        -0.306550        -0.800142        -0.635520
Mo        14.86400        3.81070        4.05119        1        1.113159        -0.415665        0.145336
Mo        16.92393        6.05989        4.59437        1        -0.205569        0.435877        -1.319627
Mo        14.96391        8.52847        3.62305        1        0.461708        -0.425138        1.779907
Mo        17.44055        10.75073        4.06822        1        -0.970781        -1.155662        -0.289969
Te        0.85791        1.95030        4.98357        2        0.422871        -0.598770        1.027677
Te        4.05981        4.09088        6.07162        2        -0.378353        -0.735101        -0.999788
Te        5.35802        11.77138        2.50294        2        0.085937        0.792037        -0.393785
Te        2.64328        2.43088        2.05405        2        -0.172443        -0.747516        -0.955002
Te        0.55042        5.95204        5.27708        2        -0.910099        0.408381        1.146108
Te        3.77195        7.65174        6.00399        2        -0.021731        1.178874        -0.532975
Te        5.96195        4.24004        2.28896        2        -0.287291        -0.525842        0.721414
Te        2.78568        5.89655        2.05187        2        -0.745483        0.183216        -0.975109
Te        1.00571        10.13538        4.94504        2        -0.060881        0.356067        0.201213
Te        4.09544        12.02726        5.76336        2        -0.007713        -0.183801        0.018481
Te        5.86439        7.84031        2.36271        2        0.218301        0.146310        0.816744
Te        2.74602        9.64873        1.79611        2        -0.260956        0.289568        1.119075
Te        7.09767        1.81113        4.54398        2        -0.476893        0.294514        0.346068
Te        10.22459        4.21905        5.90781        2        -0.052204        0.273365        -0.861002
Te        12.27905        0.19448        2.86443        2        -0.100439        -0.141278        -0.145808
Te        9.18334        1.82255        2.32286        2        0.302940        -0.169527        0.296257
Te        7.08365        5.70837        5.17545        2        -0.820791        1.312558        1.026102
Te        10.40194        7.94186        5.72882        2        0.139376        -0.190726        -0.562728
Te        12.72340        3.86339        2.36025        2        -1.224670        0.938605        -0.525239
Te        9.23899        5.97228        1.81336        2        -0.041723        0.141375        -0.000550
Te        6.89533        9.68826        5.28450        2        -0.121255        -0.557975        -0.112241
Te        10.08555        11.83197        5.54941        2        0.154444        0.202668        -0.707656
Te        12.43159        8.12338        2.24802        2        0.090885        0.092206        0.417124
Te        8.83124        9.53044        1.71547        2        0.645829        1.165508        0.734901
Te        13.45332        2.22597        5.70443        2        0.073461        -0.476076        0.058742
Te        16.82448        3.75143        6.09515        2        -0.680416        0.635621        0.068978
Te        18.86094        0.43411        2.43116        2        0.429281        -1.001760        0.181603
Te        15.83084        2.05329        1.98367        2        -0.834146        0.302562        0.763946
Te        13.74032        6.15996        5.36522        2        0.020524        0.130926        -0.373976
Te        16.62110        8.53355        5.87097        2        -0.352350        0.183132        -0.534570
Te        18.58526        4.05086        3.01674        2        -0.265098        1.188517        -0.273990
Te        15.40700        6.12474        2.34572        2        0.567759        -0.240186        0.313313
Te        13.32702        10.30908        5.21066        2        0.191262        -0.846999        -0.539813
Te        16.45602        0.16545        6.05702        2        0.198745        0.015315        0.108643
Te        18.38216        8.19261        3.09317        2        0.316512        -0.384168        -0.202263
Te        15.67863        10.46255        1.95268        2        0.188925        0.164372        -0.356923
