54
Lattice="19.173937585 0.000456147 -0.025753600 -0.000245476 10.721779888 0.000007040 0.013560576 0.000001770 30.000000000" Properties=species:S:1:pos:R:3:tags:I:1:forces:R:3 energy=-318.68723703 stress= -4.69033 -6.89384 -3.45406 -1.06304 -1.76595 0.18945 pbc="T T T"
Mo        2.10462        10.67655        3.88911        1        1.349714        0.089570        -0.362711
Mo        4.51378        1.69972        3.97025        1        0.140853        -0.334160        0.277563
Mo        2.25350        3.38782        3.80875        1        -1.039947        1.208824        0.345877
Mo        4.55025        5.30504        3.89729        1        -0.651991        -0.194317        0.553094
Mo        2.30483        6.95957        3.81750        1        -1.851810        0.740072        -0.319165
Mo        4.51473        8.79035        3.93095        1        -0.133679        0.027395        1.963085
Mo        8.47960        10.53491        3.86142        1        -0.308308        -0.293762        -1.898045
Mo        10.73161        1.80151        4.10858        1        0.634999        0.219811        -0.805289
Mo        8.64374        3.62856        3.84043        1        -0.600828        0.857237        -0.274620
Mo        10.86282        5.39760        4.16708        1        -0.484499        -0.156923        -1.798835
Mo        8.58866        7.24394        3.57135        1        0.292983        -1.805857        0.994484
Mo        10.76468        8.86225        3.94758        1        0.908607        0.788142        -0.339924
Mo        14.91524        0.06664        3.89290        1        -0.282555        0.743668        -0.402362
Mo        17.35977        1.89697        4.01382        1        -1.861196        -0.476658        -0.313975
Mo        14.89973        3.65657        3.83433        1        0.749781        -0.173228        -0.056446
Mo        17.22684        5.42928        4.06661        1        0.000357        -0.176068        -0.855828
Mo        14.97378        7.33698        3.77202        1        0.563099        -0.743063        0.628376
Mo        17.26768        9.03481        4.07760        1        0.284223        1.003482        0.431157
Te        0.58286        1.77571        5.36639        2        0.279867        0.530226        0.417378
Te        3.98980        3.48985        5.84495        2        -0.033156        0.099773        0.643102
Te        5.92435        10.63725        2.40304        2        0.746882        -0.379502        -0.023272
Te        2.74227        1.73009        1.88668        2        0.333969        -0.721683        -0.448348
Te        0.56230        5.48639        5.44083        2        0.343033        -0.529321        -0.359238
Te        3.78537        6.99251        5.99225        2        0.563129        0.169060        -0.600237
Te        6.08860        3.43369        2.28760        2        0.025146        0.356000        0.844952
Te        2.63288        5.20697        1.83303        2        0.619500        0.203503        0.173234
Te        0.62975        9.18642        5.56072        2        -0.549557        -1.109045        -0.304925
Te        3.94994        10.57226        5.99556        2        -0.005880        0.244857        -0.972075
Te        6.00554        6.99693        2.35423        2        0.345409        0.574588        -0.475452
Te        2.76233        8.87873        1.96545        2        -0.342150        -0.086306        -0.707501
Te        7.18711        1.71078        5.30858        2        -1.421818        0.360393        0.318756
Te        10.30723        3.56303        6.08024        2        -0.415642        0.444286        -0.037956
Te        12.32264        0.05423        2.54147        2        0.478113        -0.150498        -0.052096
Te        9.00135        1.74916        1.97355        2        0.654748        -0.429406        0.027100
Te        6.94150        5.47891        5.39274        2        0.488129        -0.912459        -0.802159
Te        10.08430        7.29073        5.93921        2        -0.121103        -0.791642        0.019083
Te        12.44741        3.45364        2.58460        2        -0.421143        0.705953        -0.012792
Te        9.36805        5.25633        1.59829        2        -0.101447        0.343387        2.206634
Te        6.95574        8.52373        5.44001        2        -0.062812        1.336294        -0.597754
Te        10.10668        10.71001        5.88197        2        0.523395        -0.713452        1.311569
Te        12.42912        7.04470        2.57845        2        -0.067784        0.678092        -0.601030
Te        9.13122        8.96597        1.65723        2        0.196011        0.280519        0.578468
Te        13.31195        1.89204        5.45734        2        0.193500        -0.136219        -0.289593
Te        16.61229        3.62104        5.98360        2        -0.097085        0.312155        -0.198805
Te        18.85172        0.07230        2.40431        2        -0.267756        -0.369818        0.522412
Te        15.58522        1.90033        1.82658        2        0.070829        -0.192241        1.235144
Te        13.43233        5.60772        5.32147        2        -0.108408        -0.943395        0.484784
Te        16.72104        7.26236        5.97217        2        -0.613175        -0.150345        0.146889
Te        18.83284        3.48501        2.36582        2        0.151281        0.786687        0.538271
Te        15.60971        5.52020        1.80366        2        0.027526        -0.347695        0.984931
Te        13.39123        8.94638        5.39216        2        -0.513250        0.437214        -0.075457
Te        16.47032        0.24205        6.06163        2        0.597437        -0.774011        -0.685485
Te        18.72071        7.23138        2.52453        2        0.814769        -0.239247        -0.024844
Te        15.62256        9.14584        1.95666        2        -0.008734        -0.183326        -0.999090
