54
Lattice="20.272644424 0.000008540 -0.000615361 -0.000005198 11.703913521 0.000045896 0.042448411 0.000094922 30.000000000" Properties=species:S:1:pos:R:3:tags:I:1:forces:R:3 energy=-306.91016662 stress= -20.14139 -20.37352 0.48156 2.21624 -0.79302 0.34021 pbc="T T T"
Mo        2.65022        0.01855        3.68207        1        0.797536        -0.354962        0.121519
Mo        6.13602        2.02879        3.55466        1        -1.257846        0.059223        0.426303
Mo        2.42759        3.71351        3.88557        1        0.600081        1.142891        0.624310
Mo        5.96501        5.77995        3.71745        1        -0.296219        0.516560        0.609406
Mo        2.76325        7.63710        3.77477        1        -1.348610        0.137172        -0.093516
Mo        6.03862        9.39069        3.75484        1        -1.331736        0.919879        -0.369333
Mo        9.37315        0.18503        3.70649        1        -2.038996        -1.535342        0.250829
Mo        12.53580        2.15270        4.33918        1        0.086024        -0.355727        -0.899616
Mo        9.30893        4.05790        3.93705        1        0.110747        0.466324        1.704234
Mo        12.62376        6.01995        4.27938        1        0.264904        -0.045740        -0.099200
Mo        9.30021        7.61711        3.99813        1        0.423844        0.547878        0.687507
Mo        12.38817        9.73195        4.17757        1        0.584396        0.705146        -0.890234
Mo        16.41728        11.58120        3.91420        1        -2.363802        0.183667        0.774220
Mo        19.60119        2.05550        3.82921        1        0.356342        -0.968239        -0.326207
Mo        16.22507        3.76491        4.54256        1        0.217387        1.414553        -1.444992
Mo        19.53367        6.13042        4.01317        1        0.158391        -2.345103        -0.428274
Mo        15.91905        7.81306        3.90512        1        0.584180        0.840824        0.300115
Mo        19.51600        9.91150        3.77568        1        -0.317437        -0.853418        -1.063853
Te        1.61870        1.75729        5.56779        2        -0.428715        -0.250705        -0.018225
Te        4.76217        3.74506        5.40402        2        0.631790        0.108215        -0.062828
Te        1.56889        1.95373        2.12387        2        -0.928960        -0.438409        -1.038489
Te        5.04819        0.09297        1.82073        2        -0.270388        -0.502217        0.910548
Te        1.53632        5.50681        5.81539        2        -0.048864        1.266720        -0.997435
Te        4.73376        7.58220        5.53644        2        0.923408        0.192039        -0.297685
Te        1.32574        5.77132        2.29208        2        0.334173        0.080234        -0.420094
Te        4.57811        4.04280        2.17996        2        0.579477        -0.991281        -0.952706
Te        1.43427        9.76754        5.36079        2        0.902261        -0.174991        0.094706
Te        5.15492        0.04950        5.22335        2        -0.819517        -0.697619        -0.109238
Te        1.51081        9.70599        2.01719        2        0.135142        0.019453        0.492937
Te        4.74477        7.45848        1.81575        2        0.481587        0.712420        1.110460
Te        8.16170        1.80868        5.42486        2        -0.183762        1.290889        0.922829
Te        11.28688        4.16114        5.93316        2        0.503019        -0.432080        -0.372563
Te        8.41563        2.32516        2.22936        2        0.053059        -1.129463        -2.157976
Te        11.34716        0.00592        2.10728        2        1.761475        0.288993        0.136529
Te        7.98723        5.79017        5.62060        2        0.093441        -0.004047        0.071489
Te        11.43284        7.87678        5.95766        2        -0.387294        -0.111270        -0.268422
Te        8.33923        5.84279        2.10382        2        -0.488763        0.218329        0.150888
Te        11.63595        4.19704        2.52271        2        0.378003        -0.713727        -0.153479
Te        7.98675        9.60277        5.56690        2        0.692096        0.032159        0.062042
Te        11.21224        0.04030        5.58518        2        0.795082        0.396564        1.321734
Te        8.34866        9.59389        2.33817        2        0.023415        0.025336        -1.027135
Te        11.58113        7.81927        2.42760        2        -0.087347        -0.388296        -0.060102
Te        15.13296        1.72575        5.85035        2        -0.414980        -0.250359        0.426667
Te        18.92424        3.88731        5.70932        2        -1.424589        0.480039        0.083991
Te        14.95214        1.89417        2.73917        2        -0.054807        0.621263        -0.554734
Te        18.30609        0.19773        2.08848        2        0.895502        -0.140883        -0.136300
Te        15.01543        6.02692        5.89555        2        0.027447        -0.352043        -0.045159
Te        18.34972        7.93927        5.46144        2        -0.595094        1.130890        0.788112
Te        14.90369        5.70074        2.62219        2        -0.012515        -0.448019        -0.091334
Te        18.13295        4.09207        2.36589        2        0.444774        -0.183274        1.047421
Te        14.78222        9.80872        5.68216        2        0.394940        -0.414342        -0.271213
Te        18.56156        0.02924        5.51792        2        0.275867        0.320703        0.603318
Te        14.59421        9.90572        2.33531        2        0.743071        -0.631531        0.433346
Te        18.25797        7.77440        2.12313        2        -0.183938        0.586578        0.488177
