54
Lattice="22.299908866 0.000008540 -0.000615361 -0.000005198 10.639921383 0.000045896 0.042448411 0.000094922 30.000000000" Properties=species:S:1:pos:R:3:tags:I:1:forces:R:3 energy=-307.51805106 stress= -30.40494 -9.46270 -0.03703 0.35281 -0.40877 0.05586 pbc="T T T"
Mo        2.91147        0.08199        3.95948        1        -0.152603        -0.210253        0.434311
Mo        6.52987        1.77582        3.90068        1        0.410230        -0.383964        -0.087824
Mo        2.84218        3.61078        4.05322        1        0.076766        -0.750076        -0.408325
Mo        6.59301        5.20400        3.88682        1        0.226840        0.777451        -0.187813
Mo        2.93920        7.07079        3.83736        1        -0.366832        0.817367        0.023561
Mo        6.66600        8.89443        3.87108        1        -0.321251        -0.046083        -0.231326
Mo        10.37059        0.02537        3.68312        1        -0.167128        -0.038686        -0.447650
Mo        14.07087        1.72146        4.01841        1        -0.157615        0.085801        -0.981855
Mo        10.24985        3.45317        3.73373        1        0.119460        -0.589668        -0.271310
Mo        13.93289        5.24010        3.95218        1        0.145481        -0.208844        -0.464828
Mo        10.28770        6.92893        3.62548        1        0.133080        1.188256        0.054786
Mo        13.90832        8.79410        3.87956        1        0.450816        0.056931        0.170309
Mo        17.73226        0.05693        3.98898        1        -0.494565        -0.161706        0.869262
Mo        21.42442        1.80873        4.12262        1        -0.681370        0.088391        0.972582
Mo        17.76338        3.62310        3.98736        1        -0.344629        -0.156666        0.759565
Mo        21.40124        5.31105        4.08372        1        0.865178        1.160036        0.237402
Mo        17.65418        7.07659        3.98632        1        -0.041579        0.107923        -0.216895
Mo        21.49557        9.03852        4.11505        1        -0.467794        -0.475398        -0.208523
Te        1.56262        1.82308        5.78417        2        0.271207        -0.061405        -0.288998
Te        5.37990        3.51545        5.69332        2        -0.218658        0.190815        -0.319133
Te        1.38691        1.77845        2.48089        2        0.508973        0.414794        -0.539564
Te        5.21805        0.05504        2.19870        2        0.114438        -0.307143        0.479295
Te        1.62460        5.41179        5.61281        2        -0.129009        0.093406        0.657620
Te        5.32716        7.06555        5.51179        2        0.258900        0.046751        -0.169863
Te        1.53976        5.31729        2.32103        2        -0.037275        -0.117842        -0.432125
Te        5.21902        3.49528        2.25669        2        -0.289908        0.308544        -0.084492
Te        1.67371        8.87542        5.62257        2        0.204693        0.065686        -0.017202
Te        5.61591        10.63612        5.72267        2        -0.604175        -0.239459        -0.381314
Te        1.49092        8.99066        2.34530        2        0.417250        -0.298011        -0.281582
Te        5.38178        7.13173        2.10284        2        0.024513        -0.394051        0.706140
Te        8.94473        1.65749        5.45884        2        0.425216        0.372585        -0.294813
Te        12.63395        3.40204        5.55754        2        -0.173622        0.590285        0.143756
Te        8.86302        1.70300        2.00474        2        0.317942        0.208933        0.672859
Te        12.97319        10.59139        2.10893        2        -0.415512        0.288069        0.128350
Te        9.11320        5.23124        5.41899        2        -0.490021        0.112733        0.340013
Te        12.47644        7.00227        5.39293        2        0.266587        0.140477        0.810318
Te        9.08350        5.18972        2.01328        2        -0.633232        -0.105671        -0.310949
Te        12.68819        3.43428        2.16111        2        0.359535        0.026689        0.625307
Te        9.12593        8.87671        5.32740        2        -0.022308        -0.547619        0.288217
Te        12.62634        0.02353        5.49903        2        -0.020127        -0.798006        0.361056
Te        9.05081        8.90572        2.02494        2        -0.027318        -0.442069        0.053672
Te        12.76267        6.98647        2.08958        2        0.054239        -0.064483        0.169528
Te        16.32969        1.84060        5.73860        2        0.577183        -0.131779        -0.433098
Te        20.11214        3.69074        5.80150        2        0.012177        -0.642468        0.128462
Te        16.51457        1.84437        2.36289        2        -0.166426        -0.141680        -0.416686
Te        19.97833        0.15134        2.40767        2        0.899545        -0.342593        -0.113324
Te        16.41990        5.34377        5.75139        2        -0.163890        -0.071508        -0.466962
Te        20.21863        7.18576        5.68554        2        -0.338474        -0.063065        0.422772
Te        16.37311        5.24855        2.28627        2        0.159295        0.507726        0.181058
Te        20.19004        3.61557        2.48654        2        -0.383490        -0.396437        -1.144585
Te        16.31524        8.82366        5.62836        2        -0.037959        0.288489        -0.071967
Te        20.11854        10.62483        5.83646        2        0.044054        0.572318        -0.203773
Te        16.50085        8.92358        2.28884        2        -0.189603        -0.294926        -0.020447
Te        20.08634        7.18993        2.45856        2        0.309980        -0.023425        -0.206442
