54
Lattice="20.324373841 0.000456147 -0.025753600 -0.000245476 10.927967962 0.000007040 0.013560576 0.000001770 30.000000000" Properties=species:S:1:pos:R:3:tags:I:1:forces:R:3 energy=-312.05580058 stress= -10.25840 -9.23116 0.93292 0.40011 1.03247 -1.25159 pbc="T T T"
Mo        2.20334        10.61708        3.77718        1        -0.200868        0.471862        -1.133775
Mo        4.69595        1.93191        4.22176        1        -0.074621        -0.183439        -0.855373
Mo        2.37098        4.02910        3.95455        1        0.859720        -0.155649        0.316649
Mo        4.66281        5.53818        3.83073        1        -0.399035        1.298813        0.375238
Mo        2.24344        7.33097        3.55750        1        -0.123662        0.183884        -0.183615
Mo        4.52005        9.28420        3.86160        1        1.645009        -0.332936        1.143296
Mo        9.30323        0.29875        4.07792        1        -3.131957        -1.318144        -1.659916
Mo        11.78680        1.68027        4.24264        1        -1.110034        0.554078        -0.201361
Mo        9.09744        3.68450        3.97094        1        -0.386261        -0.255630        -1.089412
Mo        11.61224        5.03478        3.79998        1        -1.410272        0.149982        0.786031
Mo        8.99890        7.44670        3.65495        1        -0.233566        -0.090639        -1.072002
Mo        11.35411        9.49777        3.81884        1        1.494119        -1.289506        0.808420
Mo        15.96957        10.64091        3.96919        1        -0.236077        1.139934        -0.706911
Mo        18.73668        1.71848        4.06601        1        -2.033720        0.819936        -0.115975
Mo        16.00978        3.31001        4.07563        1        0.970777        0.196018        -0.740175
Mo        18.37006        5.43974        4.21643        1        -0.986279        0.697029        -0.370446
Mo        15.49942        7.12872        3.83341        1        0.699677        1.636522        1.086211
Mo        18.20174        9.17965        4.01292        1        -1.064441        -0.754956        0.288136
Te        1.04245        1.79925        5.28103        2        -0.583099        0.381436        -0.089947
Te        4.30269        3.96934        5.96154        2        -0.729662        -0.450854        0.465959
Te        6.34341        0.12209        2.54809        2        -0.042390        0.295344        0.624483
Te        2.92327        1.96328        2.16189        2        0.219060        -0.619747        0.313967
Te        0.62380        5.86725        5.21820        2        0.189322        -1.070605        0.810994
Te        3.83643        7.41860        5.73456        2        0.359885        -0.039371        -0.478253
Te        6.37400        3.79771        2.86953        2        0.464293        -1.662546        -1.253972
Te        3.02051        5.45063        1.67984        2        -0.217521        0.303359        0.721585
Te        0.42114        9.17434        5.19987        2        0.566780        -0.658940        0.185229
Te        3.70399        0.03917        5.93533        2        1.134556        0.012898        0.278014
Te        6.30655        7.35872        2.29886        2        -0.087221        0.495554        0.314136
Te        3.10901        9.07439        1.68332        2        -0.781634        0.381188        -0.463746
Te        7.40558        1.89040        5.47226        2        0.058350        -0.200657        -0.029233
Te        10.60299        3.37971        6.04332        2        1.508583        0.808460        0.226294
Te        13.39075        0.09475        2.54097        2        -0.414928        0.062657        -0.144561
Te        9.97629        1.90769        2.21326        2        0.419408        0.472747        -1.444544
Te        7.38000        5.57936        4.85602        2        -0.121134        0.727176        1.176938
Te        10.79792        7.00520        5.46181        2        0.689998        1.423269        0.825359
Te        13.22975        3.53547        2.51443        2        1.047267        -1.038321        -0.224949
Te        9.71928        5.41564        1.77812        2        0.062255        0.041997        0.862304
Te        7.46240        9.03942        5.35373        2        -0.211177        0.454873        -0.549663
Te        10.75962        10.71365        6.09254        2        1.068307        0.415895        1.088997
Te        12.78885        7.35521        2.38218        2        0.159473        -0.582190        0.577771
Te        9.59500        9.42861        1.82969        2        -0.400579        0.054216        0.343469
Te        14.54569        1.69967        5.55360        2        -0.798883        -0.561959        0.286490
Te        18.00827        3.50960        6.00933        2        -0.373659        0.145162        0.269297
Te        19.73219        10.78554        2.51353        2        1.508563        -0.293824        -0.926853
Te        16.67228        1.76524        2.02568        2        0.370496        -0.772207        0.967803
Te        14.21587        5.20176        5.14602        2        -0.833580        -0.041651        0.325278
Te        17.14043        7.34145        5.91416        2        0.920115        -0.339329        -0.252427
Te        0.04945        3.63917        2.71581        2        -1.748757        -0.128419        -0.169525
Te        16.56069        5.35020        2.24645        2        0.297303        -0.982133        -0.873990
Te        13.78700        9.14046        4.95625        2        1.150052        -0.689424        0.660603
Te        17.78432        0.11650        6.10591        2        0.060868        -0.733368        -0.987635
Te        19.70881        7.07425        2.41081        2        0.136768        0.718532        0.075484
Te        16.25706        8.80079        1.93728        2        0.668228        0.909614        -0.195250
