54
Lattice="19.557416337 0.000456147 -0.025753600 -0.000245476 10.309403738 0.000007040 0.013560576 0.000001770 30.000000000" Properties=species:S:1:pos:R:3:tags:I:1:forces:R:3 energy=-315.44346920 stress= -1.52041 1.14739 1.22502 3.25619 1.16190 -2.35186 pbc="T T T"
Mo        2.14716        10.28382        3.77242        1        0.677460        -0.303604        -0.231182
Mo        4.36203        1.61587        3.90658        1        1.723680        0.316491        0.164646
Mo        2.14037        3.46661        3.80349        1        0.220018        -0.403514        0.587960
Mo        4.68616        5.02454        4.10868        1        -1.599127        -0.100682        0.170233
Mo        2.13565        6.77181        3.94367        1        1.822343        0.177760        -0.416438
Mo        4.43643        8.43250        3.97199        1        1.464709        0.384326        1.222890
Mo        8.90319        10.30755        3.80031        1        -2.576249        1.815378        2.543526
Mo        11.06531        1.64865        3.96944        1        -0.421235        -0.281618        0.641884
Mo        8.76910        3.64097        4.17986        1        -2.001809        -0.294359        -2.692956
Mo        11.17114        5.05991        4.20842        1        -0.398870        1.201409        -0.342033
Mo        8.94314        6.97491        4.19708        1        -0.957904        -0.032077        -2.362504
Mo        11.21629        8.63100        4.11263        1        -1.531845        -0.199553        -0.116917
Mo        15.24761        10.28748        3.73344        1        -1.080383        0.033176        -1.874626
Mo        17.64236        1.84548        3.97139        1        -0.427470        -1.271169        -0.975518
Mo        15.20894        3.42668        3.68496        1        0.842957        -0.386712        -0.579566
Mo        17.67096        5.17763        3.89673        1        -0.954170        0.271384        1.178044
Mo        15.28441        6.74650        3.53994        1        0.604379        1.252817        0.927089
Mo        17.61449        8.50727        3.76712        1        -0.100958        0.481775        0.503109
Te        0.58923        1.83124        5.28551        2        -0.627754        -0.545774        0.390375
Te        3.80609        3.06361        6.02948        2        0.021502        1.814284        -0.583025
Te        6.16638        10.28625        2.55631        2        -0.072807        -0.302386        -0.570499
Te        2.72563        1.69921        1.79339        2        0.015146        0.296484        -0.171136
Te        0.43417        5.36456        5.60046        2        0.507390        -1.099543        -0.750740
Te        4.05378        6.68994        6.03399        2        -0.898358        0.789873        0.208579
Te        6.21270        3.55934        2.45930        2        0.145694        -0.494029        0.182921
Te        2.99405        5.11149        1.95577        2        0.084418        0.336036        -0.343983
Te        0.59708        8.61169        5.20712        2        -1.013112        0.300518        1.107840
Te        4.04343        10.20840        5.93948        2        -0.835655        -0.522613        -0.327726
Te        6.42828        6.85751        2.90170        2        -0.512164        0.172830        -1.397324
Te        2.91356        8.41864        1.78504        2        -0.403580        0.437421        0.630517
Te        7.03764        1.70420        5.15059        2        -0.092786        -0.160447        1.022857
Te        10.37326        3.35337        6.09188        2        1.326533        -0.400278        1.512736
Te        12.55670        10.18016        2.08166        2        0.252624        0.567002        1.418384
Te        9.13076        2.03848        2.02578        2        0.830374        -0.510413        -0.069441
Te        7.02696        5.25478        5.59883        2        0.906114        -0.794480        0.693253
Te        10.38110        6.85714        6.33905        2        1.285029        -0.065297        -0.361302
Te        12.51130        3.39792        2.46837        2        0.680727        0.408595        -0.718112
Te        9.15989        5.34684        2.16890        2        1.453506        -0.414090        -0.476758
Te        7.29507        8.57527        5.38858        2        -1.160537        1.407802        1.222451
Te        10.13706        10.24323        6.19065        2        1.061402        0.371340        -0.924465
Te        12.79476        6.90028        2.51690        2        -1.151071        -0.389982        -0.389401
Te        9.48897        8.88556        1.94724        2        0.715751        -3.037615        -1.875285
Te        13.50563        1.79917        5.18398        2        0.776977        -0.774967        0.387935
Te        16.86740        3.41980        5.90258        2        -0.093184        0.529004        -0.170638
Te        19.30475        10.27058        2.36692        2        -0.661403        0.566792        -0.037124
Te        16.01426        1.71482        1.72676        2        -0.201157        -0.085141        0.687519
Te        13.82250        5.13031        5.18432        2        -0.833689        0.530992        1.127986
Te        16.78647        6.92857        5.83281        2        0.203591        -0.553428        -0.661771
Te        19.06877        3.58216        2.30269        2        1.399166        -0.861107        -0.067704
Te        16.13057        5.09062        1.65265        2        -0.575298        -0.051478        0.144026
Te        13.45095        8.73279        5.41236        2        2.114967        -0.053940        -0.006117
Te        16.79823        10.10645        5.77181        2        0.994778        1.175814        0.543822
Te        19.43222        6.90789        2.47460        2        -1.013528        -0.735386        -0.886322
Te        15.89730        8.68707        1.57406        2        0.074714        -0.492852        1.193863
