54
Lattice="20.707852593 0.000456147 -0.025753600 -0.000245476 10.309403738 0.000007040 0.013560576 0.000001770 30.000000000" Properties=species:S:1:pos:R:3:tags:I:1:forces:R:3 energy=-312.80823077 stress= -18.60182 -4.93238 -5.80156 0.81670 -0.94292 -0.59470 pbc="T T T"
Mo        2.53570        0.06065        3.85454        1        -0.645895        -1.130511        2.312318
Mo        5.05456        1.43392        4.13552        1        -1.310421        1.516401        -1.420202
Mo        2.30818        3.47222        4.03243        1        -0.867943        -0.503546        -0.853379
Mo        4.74559        4.72434        3.84087        1        -0.784438        1.474327        1.740511
Mo        2.39979        6.93394        3.74594        1        -0.087371        0.749796        0.221017
Mo        4.94818        8.63050        4.07507        1        -0.069450        0.008277        -1.053337
Mo        9.25912        10.06091        3.64427        1        0.711953        0.540309        0.355791
Mo        11.79484        1.80965        4.16671        1        -0.106395        -1.251049        -0.521443
Mo        9.08423        3.38442        3.65614        1        1.078508        0.745117        1.526054
Mo        11.71340        5.13968        3.95044        1        -0.622459        0.086373        -1.403333
Mo        9.05226        6.77792        3.69711        1        0.258676        0.392520        1.345383
Mo        11.77829        8.62404        3.86087        1        -0.584779        -0.076799        -0.391708
Mo        16.14307        0.43697        3.87817        1        0.522230        -0.645607        -0.455405
Mo        18.84973        1.71768        4.03285        1        -1.192172        -0.487357        -0.930571
Mo        16.12505        3.36136        3.80792        1        0.586235        -0.218665        0.328449
Mo        18.64281        5.64710        4.05442        1        0.263255        -1.177264        -0.976581
Mo        15.93106        7.00576        3.96079        1        1.495755        -0.491603        -0.715663
Mo        18.54860        8.67736        4.13742        1        0.784270        0.471509        -1.449684
Te        0.48715        1.48136        5.55079        2        1.043612        0.584454        -0.436599
Te        3.83883        3.11411        6.12675        2        1.420504        0.769419        -0.713539
Te        6.72865        10.30164        2.37716        2        -0.595096        -0.633745        0.291180
Te        2.96421        1.67773        1.93440        2        0.593701        1.261236        0.474233
Te        0.60112        5.37145        5.49948        2        0.136615        -0.425704        -0.473736
Te        4.13515        6.71884        5.83151        2        0.077737        -0.280715        -0.680951
Te        6.40402        3.26126        2.54914        2        1.153880        -0.326036        -1.034117
Te        2.69422        5.09052        1.86378        2        0.900752        0.147040        0.300677
Te        0.69085        8.44653        5.33645        2        -0.032145        0.890707        0.314885
Te        4.34908        10.21399        6.12369        2        -0.818279        -0.696696        0.091179
Te        6.42942        6.89676        2.25071        2        -0.027934        -0.318353        0.978953
Te        3.30490        8.82575        1.87561        2        -0.029382        -1.486810        0.225603
Te        7.75911        1.56448        5.17007        2        -0.880081        0.229265        0.833987
Te        10.86758        3.49043        5.91087        2        -0.819673        0.434818        0.099842
Te        13.51078        0.17941        2.48107        2        0.071745        -0.199574        0.314226
Te        10.31169        1.73717        1.99739        2        -0.490965        -0.492394        -1.085059
Te        7.26379        5.18636        5.26919        2        0.508165        -0.539019        -0.692904
Te        10.87498        6.90626        5.80459        2        0.060932        -0.061319        -0.437817
Te        13.55422        3.40376        2.66224        2        -0.309960        -0.299634        -0.234700
Te        9.65113        5.20341        1.70385        2        0.829727        -1.335398        0.242612
Te        7.73462        8.60594        5.45475        2        -0.736857        -0.525373        -0.779838
Te        10.73507        0.00413        5.92267        2        0.702276        -0.357471        -0.702984
Te        13.42312        6.80043        2.22091        2        -0.255574        0.283989        1.274128
Te        10.02305        8.29343        1.70959        2        0.189118        1.354130        0.366248
Te        14.20674        1.43260        5.79208        2        0.636707        0.503070        -0.976091
Te        17.97013        3.69665        5.78183        2        -0.224580        -0.588116        0.195820
Te        20.34866        0.04601        2.49063        2        0.433408        -0.081692        0.037494
Te        17.36840        1.69190        1.64760        2        -0.670746        0.471718        2.067041
Te        14.20155        4.97632        5.35372        2        0.857227        0.475664        -0.138759
Te        17.77215        7.07261        6.05735        2        -0.750757        -0.103490        0.507862
Te        20.54603        3.57560        2.64215        2        -0.839703        0.041261        0.164827
Te        16.79702        5.31008        2.02878        2        0.433936        -0.430582        0.047113
Te        14.30699        8.59447        5.15797        2        -0.898586        1.173726        0.701950
Te        17.96715        0.18643        6.04534        2        -0.790296        0.101841        -0.403260
Te        20.25983        7.10437        2.43628        2        0.194130        -0.187665        -0.057335
Te        16.96861        8.60729        1.86869        2        -0.496944        0.653374        1.637350
