54
Lattice="19.174335959 0.000456436 -0.025753600 -0.000245188 11.849097688 0.000007040 0.013560858 0.000001769 30.000000000" Properties=species:S:1:pos:R:3:tags:I:1:forces:R:3 energy=-309.28744277 stress= -3.92106 -11.60218 3.22929 -0.10408 2.02299 0.57924 pbc="T T T"
Mo        2.03521        11.76750        4.00925        1        -0.408264        0.968050        -1.285902
Mo        4.32795        1.90564        4.10414        1        2.018649        0.786077        1.722306
Mo        2.35444        4.06564        4.07187        1        -1.454844        1.251600        -0.382338
Mo        4.43504        5.70428        4.05545        1        0.875112        -0.392957        -0.600896
Mo        2.35310        7.72359        3.91468        1        -0.162299        0.340965        0.495205
Mo        4.24976        9.85503        4.14808        1        -0.069622        1.090978        -0.679181
Mo        8.45984        11.42493        3.78018        1        0.025222        -0.249900        -1.182070
Mo        11.08605        1.58299        3.83645        1        -0.458672        0.397673        0.752223
Mo        9.03543        3.65163        3.46322        1        -0.917872        0.735606        0.082563
Mo        10.77837        6.28549        4.04866        1        0.864344        -0.699594        0.116802
Mo        8.47995        8.07388        3.72602        1        -0.161371        -1.196934        -0.160835
Mo        10.65254        9.78178        3.94490        1        0.146726        -0.349478        -2.118823
Mo        14.92033        11.40018        3.58444        1        0.100896        0.010989        -2.072235
Mo        17.28621        2.64414        4.22029        1        -0.524504        -0.271728        -0.606839
Mo        14.95305        4.25184        3.90109        1        -1.102361        -0.438708        1.182938
Mo        17.23013        6.31580        4.49416        1        -0.372879        -0.594128        -0.199743
Mo        15.07791        8.08800        3.67625        1        -0.697534        -0.855623        -0.790718
Mo        17.15908        9.67668        4.11451        1        1.662009        0.953714        2.229232
Te        0.64544        2.27015        5.45442        2        0.221831        -0.656983        0.078183
Te        4.02101        3.89598        6.16404        2        0.256441        -0.125462        -0.715773
Te        5.47311        0.02823        2.38401        2        0.766807        -0.962121        0.464582
Te        2.54679        1.97278        2.35748        2        -1.288992        0.379556        -2.238208
Te        0.84577        6.08165        5.56286        2        -0.045287        -0.066908        0.291828
Te        4.11390        7.87427        5.94175        2        -0.207515        -0.909487        0.134001
Te        5.97492        3.47658        2.44335        2        0.254072        0.959718        0.805129
Te        2.68409        6.11299        1.86580        2        0.501109        -1.256483        0.535534
Te        0.83904        9.83513        5.20372        2        -1.217543        -1.171413        1.313390
Te        3.69509        0.01310        5.94158        2        1.096902        -0.127102        1.498995
Te        5.62933        7.95385        2.59011        2        0.427984        -0.574841        0.332116
Te        2.46862        9.78004        2.08389        2        0.547200        0.588809        0.014971
Te        7.45085        1.73315        5.14027        2        -0.610162        0.647231        -0.383134
Te        10.35017        3.77276        5.75590        2        0.489805        0.082220        -0.876039
Te        12.21657        11.41627        2.26576        2        0.514803        0.883503        -0.036680
Te        9.40668        1.54670        1.83238        2        -0.698607        -0.125566        -0.272106
Te        7.20798        5.65141        4.72557        2        0.503810        0.212752        -0.390166
Te        10.11375        8.07873        5.92356        2        -0.171481        -0.598590        0.487335
Te        12.40221        4.21345        2.35652        2        -0.589799        -0.319174        0.989679
Te        9.49859        6.19776        1.82455        2        -1.242978        -0.934373        -0.123079
Te        6.95227        9.62385        5.28038        2        -0.649191        1.004355        0.028739
Te        10.23323        11.58674        5.76966        2        0.278640        1.328819        0.686563
Te        12.35660        8.09094        2.47404        2        -0.149877        -1.237867        -0.278551
Te        8.85974        9.61744        1.64181        2        0.424923        0.950203        0.765557
Te        13.72230        1.84711        4.51285        2        -1.002045        -0.220713        0.382870
Te        16.28400        4.18144        6.21401        2        0.601684        0.500805        -0.039925
Te        18.52789        11.82311        3.07006        2        0.903867        1.505220        -0.188225
Te        15.66440        2.26865        2.01654        2        0.152279        -0.401348        0.657861
Te        13.23855        6.07025        5.32891        2        0.404207        -0.126852        -0.135821
Te        16.14414        8.24858        6.07437        2        0.550040        -0.708158        1.237993
Te        18.81061        4.48057        3.13262        2        0.741562        -0.747349        -0.679550
Te        15.79465        5.90983        2.24589        2        0.748610        1.641151        -2.206347
Te        13.34141        9.74718        4.79829        2        -0.517610        0.538150        1.534606
Te        16.47479        0.23352        5.50428        2        0.830665        -0.396499        1.300664
Te        18.89246        8.00825        2.91276        2        0.029381        -0.785836        -0.594943
Te        16.28973        9.81560        1.71280        2        -2.271461        -0.252699        -0.879774
