54
Lattice="19.166863819 0.000008540 -0.000615361 -0.000005198 11.065518238 0.000045896 0.042448411 0.000094922 30.000000000" Properties=species:S:1:pos:R:3:tags:I:1:forces:R:3 energy=-315.20307042 stress= -9.75761 -9.38203 0.02885 0.69159 1.38702 -0.42340 pbc="T T T"
Mo        2.06703        11.02115        3.86363        1        0.881607        0.020680        0.018108
Mo        5.45691        1.82872        3.83491        1        0.811310        -0.591286        0.811641
Mo        2.41865        3.32475        3.89170        1        -0.845973        1.007890        0.899076
Mo        5.63952        5.41862        3.98200        1        -0.670195        -0.911007        -1.393714
Mo        2.75155        7.25747        4.00098        1        -2.025969        0.305583        -0.524675
Mo        5.52222        9.06239        4.04243        1        0.751361        -0.857545        0.645926
Mo        8.92899        0.36100        3.80537        1        -1.403221        -1.261050        0.922033
Mo        12.23031        1.73114        3.98847        1        -1.542821        0.055718        -1.627484
Mo        8.62248        3.76300        4.04863        1        1.397416        -0.913226        -2.160800
Mo        11.94467        5.52334        3.82887        1        0.994018        0.715466        0.340253
Mo        9.06214        7.81157        3.91397        1        -0.967923        -1.618230        -0.642416
Mo        12.03643        9.31566        3.82580        1        0.247044        -0.523579        0.206143
Mo        15.14728        10.98144        3.83723        1        1.535513        1.716709        1.485827
Mo        18.40741        2.02832        3.75795        1        1.358044        -1.403723        1.990520
Mo        15.19832        3.88408        3.95998        1        0.866853        -0.798602        -1.093995
Mo        18.40862        5.55867        4.02291        1        0.387813        0.067622        0.794519
Mo        15.10967        7.37893        4.02099        1        0.694505        0.338531        0.083997
Mo        18.38160        9.20219        4.13699        1        0.970046        0.763616        -2.202267
Te        1.11898        1.66970        5.74703        2        0.480488        0.488640        -0.449595
Te        4.26957        3.32798        5.76948        2        1.417646        0.792560        -0.186476
Te        1.36327        1.85638        1.90580        2        -0.631870        -0.683073        0.434683
Te        4.33799        10.76411        2.40730        2        0.091363        0.976647        -1.441346
Te        1.42209        5.38333        5.78295        2        0.239430        -0.143845        -0.772044
Te        4.56802        6.98510        5.80395        2        1.155680        1.122599        1.176604
Te        1.51682        5.46302        2.47092        2        -0.563467        -0.358410        -1.303411
Te        4.37272        3.58806        2.01674        2        0.943769        -0.167440        0.730259
Te        1.49009        9.09919        5.61317        2        -0.593501        -0.338675        1.273672
Te        4.25190        10.98799        5.65471        2        0.555239        0.078596        -0.364585
Te        1.30911        8.94583        2.22194        2        -0.139481        0.411962        0.081279
Te        4.71154        7.08027        2.09334        2        0.026886        0.928400        0.529551
Te        7.66683        1.96942        5.79751        2        -0.439605        -0.203409        -0.919930
Te        10.98093        3.54390        5.56694        2        -0.425600        0.627916        0.709889
Te        7.62038        1.88238        2.01576        2        -0.170391        1.021138        0.617126
Te        11.01332        0.15451        2.03445        2        0.334385        -0.323280        0.410416
Te        7.83371        5.77393        5.47628        2        0.238351        0.890725        1.489391
Te        11.14570        7.49329        5.64580        2        -0.340519        -0.300968        -0.186941
Te        8.00375        5.72647        2.11093        2        -0.746303        -0.043631        1.132744
Te        10.83016        3.57071        2.31967        2        0.119332        -0.072986        -0.291022
Te        7.87062        9.56375        5.74080        2        -0.423142        -0.304526        -0.875356
Te        10.87306        11.00122        5.64659        2        1.154946        0.706890        0.099350
Te        7.63137        9.46629        2.24807        2        0.426528        0.038563        0.117096
Te        10.93688        7.41190        1.90248        2        0.512793        0.409406        1.270550
Te        14.34699        1.99050        5.54317        2        -0.378663        -1.420712        1.557605
Te        17.34673        3.76224        5.74175        2        -0.064053        -0.083463        -0.153791
Te        14.35830        1.86978        2.10045        2        -0.847847        0.442193        0.276627
Te        17.32087        0.16433        2.11532        2        0.154297        -1.167331        0.246962
Te        14.06385        5.36939        5.80029        2        -0.606494        1.555263        -0.393651
Te        17.34309        7.45671        5.74184        2        -0.672673        -0.822146        1.027857
Te        14.22617        5.66298        2.11955        2        -0.857272        -0.232917        0.239511
Te        17.33239        3.76753        2.31076        2        -0.564116        1.836371        -2.437083
Te        14.21575        9.21730        5.86780        2        -0.644383        0.343171        -1.234859
Te        17.37379        0.21137        5.53162        2        -0.697588        -0.542770        0.537193
Te        14.17291        9.31905        2.15896        2        -0.377931        -1.493065        -0.704640
Te        17.45416        7.43230        2.35930        2        -1.069234        -0.090321        -0.789913
