54
Lattice="19.173937585 0.000456147 -0.025753600 -0.000245476 11.134156037 0.000007040 0.013560576 0.000001770 30.000000000" Properties=species:S:1:pos:R:3:tags:I:1:forces:R:3 energy=-317.47212506 stress= -6.45971 -10.93718 -1.99162 -2.66088 -1.55201 0.54134 pbc="T T T"
Mo        2.25606        0.03374        3.80922        1        -0.346207        0.538514        0.595353
Mo        4.32865        2.20430        4.06991        1        0.705863        0.329471        1.288725
Mo        2.12270        3.85385        3.81462        1        -0.751227        -0.190869        1.450324
Mo        4.43560        5.59852        4.07308        1        0.281445        0.073677        1.444570
Mo        2.23859        7.27301        3.97132        1        -0.557455        -0.383072        0.194621
Mo        4.51978        9.10245        4.12460        1        -0.258655        -0.010063        0.436763
Mo        8.29468        0.25639        3.76076        1        1.689516        -0.345754        1.848250
Mo        10.86476        1.85820        4.02900        1        0.267544        1.109503        -0.414709
Mo        8.58850        3.69339        3.85287        1        -0.485497        -0.299440        0.139592
Mo        10.79346        5.16410        4.02162        1        1.824127        1.439139        -0.407874
Mo        8.61201        7.04929        3.76274        1        -0.148424        0.909731        -0.427706
Mo        10.68503        9.55344        4.10679        1        -0.136304        -0.317621        -0.010593
Mo        15.03274        0.05727        3.75206        1        -0.660185        -0.437158        0.252938
Mo        17.29043        1.68319        4.02744        1        0.097642        0.014394        -1.257493
Mo        14.98687        3.71071        3.48474        1        0.729366        -0.707676        1.765062
Mo        17.18425        5.58478        3.95091        1        0.058771        0.070549        -0.177396
Mo        14.91011        7.47625        3.74273        1        0.277977        0.300672        0.188634
Mo        17.26693        9.11467        3.84821        1        0.240267        1.224870        -0.841553
Te        0.68770        1.81685        5.52787        2        -0.282137        -0.104159        -0.936946
Te        3.53411        4.01556        6.10630        2        0.711903        -0.879251        -0.568918
Te        5.74265        0.04562        2.70493        2        -0.144822        0.661081        -0.062150
Te        2.72785        2.04369        1.97382        2        -0.060913        -0.923423        -0.737125
Te        0.43268        5.57272        5.38545        2        0.391092        -0.032063        -0.056229
Te        4.06394        7.44562        6.13006        2        -0.653447        -0.229184        -0.144233
Te        5.96337        3.79116        2.54755        2        0.333898        -0.210880        -0.239362
Te        2.83606        5.51778        1.93240        2        -0.164817        0.807749        -0.621104
Te        0.60252        9.21507        5.34273        2        0.207446        0.002350        -0.328015
Te        4.01343        0.11245        5.84184        2        -0.281136        -0.102454        -0.007525
Te        5.98664        7.34438        2.67570        2        0.633787        -0.099506        -0.573040
Te        2.79620        9.17911        2.17845        2        -0.332070        -0.129667        -1.794387
Te        6.95690        1.97149        5.48179        2        -0.227460        0.185038        -0.401731
Te        10.39785        3.69965        6.11547        2        -0.627428        -0.691284        -0.590287
Te        12.36175        11.03999        2.48806        2        -0.116736        0.675664        0.138032
Te        9.12440        1.82007        1.91193        2        0.345390        0.738603        -0.866706
Te        7.10751        5.56124        5.44069        2        -0.552852        -0.440206        -0.012586
Te        10.19052        7.26538        5.83063        2        0.597735        0.421366        0.101265
Te        12.33206        3.64923        2.19553        2        0.254204        -0.097340        0.868309
Te        9.30154        5.44898        1.80880        2        -0.313861        -0.442506        -0.279309
Te        7.15200        9.24127        4.98524        2        0.213669        -0.451132        0.051755
Te        10.12021        0.33843        6.00756        2        -0.402525        -1.324777        -0.268094
Te        12.32100        7.42599        2.81149        2        -0.803205        -0.048929        -0.358700
Te        9.03756        9.23940        1.96237        2        0.098754        0.090457        0.749987
Te        13.53204        2.07718        5.31167        2        -0.377740        -0.769156        -0.707256
Te        16.69128        3.55571        5.83288        2        -0.578150        0.744112        -0.682805
Te        18.85965        11.06062        2.37204        2        0.195308        -0.000849        0.607030
Te        15.66498        1.82242        1.69697        2        0.132208        -0.235306        0.675011
Te        13.57815        5.53569        5.18029        2        -0.891663        -0.400384        0.084642
Te        16.64797        7.55242        5.82701        2        -0.206094        -1.319691        0.408010
Te        18.83334        3.60747        2.45708        2        -0.394056        0.328293        0.311184
Te        15.55600        5.66436        1.76885        2        0.165659        0.313685        -0.214438
Te        13.26639        9.44160        5.29754        2        0.552985        0.006635        -0.086337
Te        16.79385        10.89665        5.88314        2        -0.433367        0.495306        -0.515679
Te        18.96866        7.26036        2.39855        2        -0.573135        0.281892        0.411074
Te        15.32695        9.33007        1.76427        2        0.779237        -0.145179        0.581621
