54
Lattice="18.429676749 0.000008540 -0.000615361 -0.000005198 12.767905659 0.000045896 0.042448411 0.000094922 30.000000000" Properties=species:S:1:pos:R:3:tags:I:1:forces:R:3 energy=-309.32722739 stress= -14.77605 -26.74103 0.19680 -1.16532 -0.81389 -0.14894 pbc="T T T"
Mo        2.32075        12.69574        3.78356        1        0.617311        -0.436153        0.462261
Mo        5.49233        2.21995        3.71703        1        -0.616188        -0.812670        0.412040
Mo        2.37149        4.10234        3.78425        1        -0.416130        0.442075        0.085770
Mo        5.32450        6.42896        3.90193        1        0.284940        -0.392125        -0.085391
Mo        2.19813        8.46399        3.92249        1        0.102403        0.028470        -0.771404
Mo        5.30395        10.65397        3.80730        1        -1.428628        -0.211861        0.896299
Mo        8.32771        0.01185        4.08173        1        0.131367        -0.482452        -0.422929
Mo        11.50602        2.16101        3.89740        1        -0.089438        0.606107        0.792427
Mo        8.44721        4.25794        3.89243        1        0.025528        0.240589        -0.320411
Mo        11.51240        6.54866        3.95450        1        -0.290535        -0.245372        0.409886
Mo        8.28039        8.54180        4.07779        1        0.700951        0.421711        -0.603018
Mo        11.53280        10.79018        4.08700        1        0.337534        -0.760069        -0.129482
Mo        14.62912        0.03129        4.09899        1        0.271186        0.003949        -0.697393
Mo        17.61275        1.87819        3.95576        1        -0.030101        1.090413        0.065042
Mo        14.56398        4.37286        3.86181        1        0.273268        -0.980877        1.502208
Mo        17.50706        6.32265        4.08886        1        -0.298647        0.030070        -1.079083
Mo        14.58905        8.53607        4.03824        1        0.260736        0.276395        -0.495748
Mo        17.48774        10.58066        3.79093        1        0.974396        -0.040219        0.168987
Te        1.48615        1.98046        5.51265        2        -0.224715        0.119892        0.198495
Te        4.53981        4.19108        5.44107        2        -0.353761        0.211469        0.364843
Te        1.28610        1.93271        2.28652        2        0.197920        0.564260        -1.177579
Te        4.50978        0.01660        2.04370        2        -0.299157        -0.032354        0.569514
Te        1.26850        6.36655        5.50337        2        0.962736        -0.544116        0.991436
Te        4.30416        8.43574        5.60456        2        0.232455        0.259926        -0.261285
Te        1.14437        6.34229        2.27879        2        0.477088        -0.278972        -0.217004
Te        4.55806        4.27526        2.09267        2        -0.463914        0.196887        -0.025520
Te        1.34501        10.58513        5.50142        2        -0.255686        0.306108        -0.313274
Te        4.52338        0.13303        5.50291        2        -0.376082        -0.335980        -0.726765
Te        1.22558        10.52153        2.09870        2        0.156702        0.124404        0.386942
Te        4.31743        8.42133        2.13295        2        -0.007334        0.256674        0.518203
Te        7.45305        2.14401        5.56922        2        0.197871        0.380542        0.474055
Te        10.57152        4.35946        5.57587        2        0.132083        -0.073815        0.136509
Te        7.66569        2.02885        2.20279        2        0.202781        0.325029        -0.269924
Te        10.54416        0.01777        2.46521        2        -0.089005        -0.186003        -0.972214
Te        7.52132        6.41571        5.60799        2        -0.526903        -0.470576        0.374298
Te        10.53236        8.61181        5.69715        2        -0.079775        0.097377        0.032403
Te        7.51488        6.44220        2.29058        2        0.035269        0.020678        -0.193611
Te        10.65099        4.38268        2.23663        2        -0.214847        -0.089909        0.058186
Te        7.19677        10.56578        5.70703        2        0.551476        0.329529        0.119219
Te        10.53717        0.12006        5.70830        2        0.048336        -0.087502        0.299719
Te        7.36065        10.58510        2.29330        2        1.187702        0.165923        -0.680979
Te        10.43764        8.73436        2.36022        2        0.362953        -0.148534        0.052852
Te        13.60468        2.27846        5.68492        2        0.095573        -0.259062        -0.398026
Te        16.73849        4.19904        5.72847        2        -0.529440        -0.326403        -0.769955
Te        13.65847        2.14098        2.29481        2        0.190398        -0.086913        -0.027999
Te        16.65772        12.69475        2.14503        2        -0.427408        0.234121        0.675446
Te        13.67415        6.52813        5.68563        2        -0.279574        -0.486035        0.111923
Te        16.78022        8.61806        5.62414        2        -0.295368        -0.441780        0.282690
Te        13.69838        6.45974        2.40160        2        -0.429311        0.441105        -1.161381
Te        16.64204        4.21829        2.18334        2        0.246536        -0.102425        0.576915
Te        13.77068        10.61103        5.70736        2        -0.497557        0.520808        0.191993
Te        16.83571        12.66980        5.69316        2        -0.432960        -0.139017        -0.192556
Te        13.74858        10.73379        2.31996        2        -0.581029        -0.085103        0.573483
Te        16.58268        8.24059        2.21662        2        0.167873        0.818257        0.186466
