54
Lattice="19.174335959 0.000456436 -0.025753600 -0.000245188 11.849097688 0.000007040 0.013560858 0.000001769 30.000000000" Properties=species:S:1:pos:R:3:tags:I:1:forces:R:3 energy=-315.39416519 stress= -8.86092 -17.84468 -0.65662 -0.49423 -0.65631 0.51404 pbc="T T T"
Mo        2.28562        0.23793        3.74038        1        0.443096        -0.251187        -0.176361
Mo        4.54213        2.34258        4.11850        1        -0.643491        0.174244        0.497515
Mo        2.18306        3.96716        3.90572        1        0.081314        0.492994        -0.629049
Mo        4.48367        5.91927        4.01636        1        0.144729        -0.429029        0.847466
Mo        2.16277        7.65760        3.82523        1        0.097351        -0.886701        -0.249590
Mo        4.22406        9.82749        4.17934        1        -0.188414        -0.669907        0.138653
Mo        8.43696        11.54751        3.91827        1        0.640083        0.240663        0.432610
Mo        10.81301        1.69482        4.12752        1        -0.532162        -0.149474        -1.274140
Mo        8.70110        4.06143        3.69801        1        -0.044993        0.245895        -0.939836
Mo        10.80400        6.20914        3.81415        1        0.656763        0.120861        0.783954
Mo        8.51392        7.95602        3.80332        1        -0.273801        -0.228842        0.021039
Mo        10.84193        9.86292        3.99721        1        -0.393474        0.074013        -0.259839
Mo        15.01861        0.07971        3.83896        1        -0.093762        -0.188402        -0.488706
Mo        17.24175        1.86521        3.99200        1        0.012714        -0.029853        -0.152306
Mo        14.74148        3.59083        3.89601        1        1.050637        0.452193        -0.398397
Mo        17.11151        5.57259        4.14526        1        0.132158        0.525800        -0.696582
Mo        14.97394        8.32560        3.56144        1        0.419609        -0.721960        0.509762
Mo        17.33311        10.17393        3.92748        1        0.420672        -0.156108        -0.429066
Te        0.73564        1.99933        5.21245        2        -0.569285        -0.475411        0.565585
Te        3.81346        4.11520        6.07025        2        0.361081        -0.059380        -0.486195
Te        5.70739        0.11416        3.03094        2        0.378149        -0.776041        -0.150789
Te        2.87380        2.13241        1.96698        2        0.041559        0.158577        -0.430623
Te        0.52978        5.80688        5.26252        2        0.417897        -0.040856        0.122696
Te        3.78543        7.77047        5.98998        2        0.184398        0.120504        -0.353108
Te        6.12228        3.99717        2.57904        2        -0.300612        0.212992        0.153631
Te        2.84579        5.77604        1.92268        2        -0.323037        0.250378        -0.071287
Te        0.99652        9.83734        5.04093        2        -0.476317        0.799886        0.301379
Te        3.90958        0.14313        5.91047        2        -0.036826        0.313001        -0.364674
Te        5.87115        8.00777        2.59768        2        -0.081529        -0.146198        0.260185
Te        2.56361        9.75631        1.99192        2        0.459395        0.263243        0.548313
Te        7.26352        2.08850        5.16759        2        -0.184368        -0.154907        -0.177976
Te        10.47379        4.01286        5.63197        2        0.139607        0.285643        0.445441
Te        12.43254        0.09039        2.45336        2        -0.258665        -0.147038        0.577880
Te        8.96896        1.63541        2.06319        2        0.426535        0.851720        0.490225
Te        7.07562        5.88200        5.31535        2        0.180339        0.116361        -0.470125
Te        10.22103        7.94100        5.85252        2        0.290772        -0.192903        0.093784
Te        12.15338        3.81794        2.69957        2        -0.059668        0.093018        0.235325
Te        9.00925        6.06668        1.80660        2        0.088468        -0.085560        0.234245
Te        6.98960        9.74830        5.35900        2        -0.738742        0.058207        0.077448
Te        10.26984        11.72079        5.92592        2        -0.266722        -0.404191        0.729854
Te        12.42949        8.20856        2.48313        2        -0.348852        -0.643586        -0.521513
Te        9.03613        9.83050        1.98376        2        0.059637        0.132174        -0.917700
Te        13.39852        1.69120        5.46700        2        -0.108853        0.345484        -0.158482
Te        16.59702        3.73968        5.93502        2        -0.440070        -0.494882        0.401186
Te        18.85513        0.04060        2.34623        2        0.208311        0.370616        0.447609
Te        15.49199        1.97479        1.83831        2        0.005945        -0.104768        0.984280
Te        13.50433        6.11539        4.88460        2        -0.149910        -0.359707        -0.404028
Te        16.68474        8.07288        5.58745        2        -0.046425        -0.361542        0.185298
Te        18.74228        3.81608        2.61506        2        -0.004382        0.440062        -0.258508
Te        15.42728        5.77538        2.13228        2        -0.236125        0.053845        0.073597
Te        13.36089        9.79501        5.17613        2        0.633212        0.729262        0.502589
Te        17.01583        11.84452        5.94197        2        -0.814320        0.167898        -0.126749
Te        18.67334        7.77693        2.93233        2        -0.280630        0.006395        -0.165627
Te        15.68958        10.17338        1.77505        2        -0.071822        0.056027        0.087943
