54
Lattice="20.324373841 0.000456147 -0.025753600 -0.000245476 10.309403738 0.000007040 0.013560576 0.000001770 30.000000000" Properties=species:S:1:pos:R:3:tags:I:1:forces:R:3 energy=-314.34392089 stress= -11.39266 -3.31827 -3.09021 -2.48175 2.74503 0.98247 pbc="T T T"
Mo        2.50731        0.08207        3.92328        1        -0.887213        -0.043478        -0.942024
Mo        4.59686        2.19256        4.05162        1        0.692479        -0.706150        -0.222092
Mo        2.13204        3.68770        3.81759        1        0.883906        -0.274523        -0.251028
Mo        4.78833        5.29798        4.18634        1        -0.059188        0.192771        -3.387189
Mo        2.45332        6.87834        3.80489        1        -0.351823        0.681002        0.532397
Mo        4.95594        8.42515        4.13316        1        0.421722        -1.033320        1.945563
Mo        9.08544        0.18123        4.14097        1        -0.774718        -0.337644        -1.004688
Mo        11.51645        1.60490        4.08864        1        -0.360551        -0.580184        -0.230632
Mo        8.89454        3.45799        4.05285        1        0.681042        -0.278710        -0.855046
Mo        11.51152        4.74817        3.93470        1        0.274144        0.623228        0.275825
Mo        9.09680        6.90927        3.81943        1        -0.243112        -1.442260        1.836178
Mo        11.55488        8.63318        4.08005        1        -0.387386        -0.139309        0.416155
Mo        15.80180        10.24530        3.62405        1        -0.888079        -0.945239        0.507801
Mo        18.04729        1.59638        3.77228        1        0.846679        0.081264        -0.361935
Mo        15.75760        3.10795        3.60382        1        0.828802        1.129749        -1.226810
Mo        18.31817        5.33617        3.77180        1        0.405143        0.948400        -0.037479
Mo        15.59835        6.57009        3.83314        1        2.823359        0.733876        0.290311
Mo        18.26594        8.63046        3.83242        1        -0.138902        -0.360367        1.396311
Te        0.37388        1.86704        5.06236        2        0.457160        -0.117911        0.265728
Te        3.75817        3.75875        5.97453        2        -0.758943        -1.905104        1.323557
Te        6.36406        0.10744        2.95310        2        0.548347        0.864508        -0.391306
Te        2.97952        1.84121        1.84838        2        0.097784        0.057005        1.209415
Te        0.41834        5.68338        5.44974        2        0.492429        -1.209982        -0.695173
Te        3.92930        6.71542        6.16517        2        -0.275138        2.634866        -0.092371
Te        6.34214        3.65255        2.52952        2        0.412537        -0.583956        0.075241
Te        3.22083        5.28847        1.78892        2        -0.222636        -0.250172        1.106007
Te        0.75783        8.67110        5.33280        2        -0.397479        0.249347        0.095486
Te        4.27285        0.16186        5.89779        2        -0.240751        -0.082295        -0.014632
Te        6.59184        6.87538        2.30120        2        -0.539431        0.295305        1.322841
Te        3.52619        8.70095        2.05293        2        -1.444587        0.189747        -1.045866
Te        7.55827        1.87662        5.85136        2        -0.360313        -0.521100        -0.577905
Te        10.75045        3.30224        6.03249        2        0.171282        -0.166128        0.119832
Te        13.10108        10.22324        2.21851        2        -0.145787        -0.167562        1.034167
Te        9.59079        1.75005        1.91652        2        0.230318        -0.283526        1.600265
Te        7.16996        5.10639        5.56986        2        1.086077        0.628263        -0.171925
Te        10.91541        6.51391        5.81586        2        -0.201869        1.463956        0.180279
Te        13.17269        3.17324        2.51127        2        -0.100389        0.270473        -0.976795
Te        9.75232        4.98091        1.99701        2        -0.266868        0.697726        -0.489431
Te        7.48839        8.66793        5.60980        2        -0.011645        -0.757484        -0.444376
Te        10.78020        10.22439        6.19425        2        0.645397        -0.189658        -0.734766
Te        13.42921        7.01127        2.60959        2        -2.538635        -0.665042        -1.423704
Te        9.75194        8.60391        2.08546        2        0.264135        1.415792        -1.032920
Te        14.24999        1.59061        5.26509        2        -0.691488        -0.556107        0.405737
Te        17.53268        3.57856        5.55038        2        0.217620        -0.898035        1.031277
Te        19.88810        10.26928        2.42541        2        0.553089        0.402373        -0.342720
Te        16.36211        1.27711        1.47168        2        0.612327        1.501857        0.610950
Te        14.16359        4.87960        5.21636        2        -0.525373        -0.488453        0.460795
Te        17.39258        6.94691        5.88344        2        0.302256        -0.269114        -1.031973
Te        20.13301        3.47841        2.33902        2        -1.109183        0.357764        0.047503
Te        16.73963        4.97786        1.65561        2        -1.034616        -0.044851        0.800051
Te        13.98203        8.44750        5.46518        2        0.835307        0.343778        -0.616365
Te        17.32213        0.03532        5.86665        2        0.649917        -0.051482        -0.792061
Te        20.11226        7.04359        2.25229        2        -0.069748        -0.459575        0.318354
Te        16.59574        8.33220        1.81462        2        -0.383642        0.060555        0.148041
