54
Lattice="20.324373841 0.000456147 -0.025753600 -0.000245476 10.309403738 0.000007040 0.013560576 0.000001770 30.000000000" Properties=species:S:1:pos:R:3:tags:I:1:forces:R:3 energy=-316.71931127 stress= -10.96197 -2.32106 1.64812 -1.25269 -0.42626 0.31043 pbc="T T T"
Mo        2.35139        0.07972        3.38589        1        -0.803533        0.039775        -1.334135
Mo        4.78006        1.72831        3.83478        1        -0.440774        0.505048        -0.257725
Mo        2.23958        3.19255        3.62252        1        0.620519        0.588366        -0.865022
Mo        4.71836        5.17906        3.99859        1        -0.222360        -0.470430        -0.575607
Mo        2.21761        7.13042        3.42143        1        1.105259        -0.489910        -0.160541
Mo        4.61756        8.72343        3.86301        1        0.344378        -0.306265        -0.093620
Mo        8.96498        10.23555        4.27744        1        -0.046793        0.303760        -0.639675
Mo        11.50630        1.80219        4.14125        1        0.237403        0.080791        1.935157
Mo        8.95844        3.41027        4.37403        1        -0.192366        -0.173311        -0.189191
Mo        11.70558        5.13469        4.12284        1        -0.595336        -0.937850        2.001184
Mo        8.95017        6.87480        4.19545        1        0.011768        -0.342450        -0.138465
Mo        11.68623        8.37855        4.11466        1        -1.648673        1.102041        0.414258
Mo        15.75075        0.01369        3.92866        1        0.201871        0.025418        -0.137206
Mo        18.38260        1.49198        3.84379        1        -0.750339        0.757450        0.102024
Mo        15.92444        3.35687        3.92561        1        0.286341        0.221987        0.373135
Mo        18.42282        5.03634        3.89690        1        -0.115315        0.825627        -0.669127
Mo        15.87937        7.01977        3.74455        1        -0.016927        -1.693530        0.910289
Mo        18.34865        8.67967        3.74827        1        -0.150718        -0.271123        -0.210401
Te        0.62760        1.61660        5.08817        2        -0.069630        -0.277505        0.091836
Te        3.74033        3.40875        5.81993        2        0.609978        0.118424        -0.228372
Te        6.52714        10.12936        2.53382        2        0.165638        0.799623        -0.274450
Te        3.24576        1.87326        1.47508        2        0.018525        -0.502388        0.916909
Te        0.86801        5.20119        4.99132        2        -0.887965        -0.026225        -0.020230
Te        3.79216        6.89818        5.68077        2        -0.513031        0.900247        0.775555
Te        6.57739        3.41675        2.75627        2        0.322370        0.306730        -0.338031
Te        3.19049        5.17309        1.76649        2        -0.217341        -0.198636        0.222823
Te        0.62646        8.68469        4.76559        2        -0.539730        0.368927        1.015264
Te        3.69958        0.18708        5.60949        2        0.095076        -1.113837        1.606820
Te        6.51532        6.80646        2.68716        2        0.075258        0.412257        -0.282505
Te        3.24675        8.71221        1.43235        2        -0.100504        -0.195095        0.637400
Te        7.04790        1.65229        5.64966        2        0.196919        0.608351        -0.148839
Te        10.92079        3.42275        6.24299        2        0.238051        0.295438        -0.288697
Te        13.04642        0.08952        2.66663        2        0.544883        -1.019153        -0.457513
Te        9.54839        1.69996        2.36892        2        -0.146230        0.095416        -0.627661
Te        7.15224        5.38862        5.71563        2        0.228649        -0.562476        -0.218641
Te        10.82890        6.75553        6.06122        2        0.232915        0.388819        1.091053
Te        13.26810        3.31831        2.69224        2        0.157388        0.383408        -0.258373
Te        9.75132        5.01243        2.41821        2        -0.611495        0.577424        -1.398386
Te        6.96445        8.97529        5.69603        2        0.263538        -1.349902        -0.026271
Te        10.86943        0.08147        6.17335        2        0.316264        -0.850600        -0.445576
Te        13.18996        6.67574        2.61091        2        0.533465        1.229131        -0.937372
Te        9.60666        8.60575        2.30192        2        0.571086        -0.344847        -0.672454
Te        14.19096        1.61028        5.57937        2        0.148254        0.434621        -0.363620
Te        18.00041        3.34157        5.87450        2        -0.700546        -0.209391        -0.209066
Te        19.79770        0.06573        1.95922        2        0.425086        0.056768        0.353092
Te        16.40125        1.68118        1.91985        2        0.281566        -0.243795        -0.051793
Te        14.40656        5.16643        5.35674        2        -0.360692        -0.123056        0.210097
Te        17.70060        6.99525        5.73404        2        0.132306        -0.922441        0.068004
Te        20.00308        3.42207        2.27526        2        0.095219        -0.278082        0.145515
Te        16.65316        5.03889        1.85608        2        -0.416467        0.441383        0.754546
Te        14.08682        8.55181        5.38156        2        0.872321        -0.238819        0.212385
Te        17.66872        10.15454        5.91277        2        -0.102099        0.845235        -0.500072
Te        19.85091        6.92825        2.06070        2        0.402922        -0.194373        0.540214
Te        16.46531        8.65191        1.88353        2        -0.117364        0.625035        -1.374041
