54
Lattice="19.535457354 0.000008540 -0.000615361 -0.000005198 10.639921383 0.000045896 0.042448411 0.000094922 30.000000000" Properties=species:S:1:pos:R:3:tags:I:1:forces:R:3 energy=-319.79654830 stress= -13.88643 -3.94958 -3.95189 0.67603 0.08847 -0.36191 pbc="T T T"
Mo        2.31230        10.63012        3.90653        1        0.300919        -0.614497        1.242566
Mo        5.71528        1.86611        4.09485        1        0.225479        -0.447584        0.111915
Mo        2.50067        3.53567        4.17407        1        -0.965503        -0.179095        -0.894126
Mo        5.70618        5.34875        3.94568        1        -0.238437        -0.249071        0.999661
Mo        2.28854        7.07552        4.04340        1        0.763363        0.163264        -0.848736
Mo        5.51437        8.94572        3.95513        1        1.075750        -0.915473        -0.515032
Mo        8.89770        10.52642        3.91751        1        0.208310        1.001799        -0.033769
Mo        12.43896        1.93813        3.75636        1        0.408199        -1.648073        1.342043
Mo        9.11324        3.38288        3.94729        1        -0.277900        -0.331554        0.549452
Mo        12.32196        5.31224        3.82753        1        -0.050206        0.328224        0.371394
Mo        9.14207        7.10901        3.81379        1        -0.496746        -0.022740        0.303143
Mo        12.34944        8.85076        3.83186        1        -0.145971        -0.538540        -0.531843
Mo        15.52812        10.63740        3.85536        1        -0.183841        0.510979        0.039630
Mo        18.77420        1.78184        4.05377        1        -0.559473        0.690226        -0.049617
Mo        15.72045        3.52432        3.80694        1        -0.501414        0.560387        -0.145290
Mo        18.75215        5.32128        4.02030        1        0.702628        0.085907        0.020265
Mo        15.51489        7.11173        3.77690        1        0.212993        -0.198727        0.637153
Mo        18.77159        8.90667        3.87810        1        -0.193589        0.300545        0.687573
Te        1.38030        1.60469        5.82442        2        -0.464982        0.807406        0.065939
Te        4.53205        3.56078        5.98589        2        0.983874        0.346704        -0.910148
Te        1.28478        1.81750        2.24317        2        0.301475        0.291761        0.203425
Te        4.40914        0.17832        2.25794        2        0.981347        -0.315437        -0.149150
Te        1.33107        5.32307        5.92615        2        -0.274666        -0.109411        -0.663183
Te        4.49305        7.09073        5.74127        2        0.225558        0.210250        -0.433222
Te        1.31694        5.26464        2.21379        2        0.502151        0.045501        0.876554
Te        4.55431        3.51236        2.34280        2        0.082514        0.550923        -0.399232
Te        1.21002        8.83284        5.80963        2        0.236787        0.255837        -0.547593
Te        4.50684        0.02559        5.73629        2        -0.216333        0.124784        0.002207
Te        1.33260        8.87181        2.09086        2        -0.024705        -0.324084        0.401072
Te        4.51282        7.10118        2.12373        2        -0.117234        0.012788        0.971248
Te        7.98769        1.73560        5.89070        2        -0.178012        -0.247357        -1.183369
Te        11.29382        3.55560        5.63710        2        0.043573        -0.156022        0.230945
Te        7.83995        1.67226        2.12506        2        -0.111220        0.142415        0.916904
Te        11.16523        0.07679        2.12941        2        -0.114956        -0.340139        0.225045
Te        8.09317        5.33911        5.59195        2        -0.590796        -0.192752        0.209162
Te        11.23773        7.10914        5.60134        2        0.119200        -0.029601        0.007952
Te        7.95267        5.13537        2.29049        2        -0.332814        0.705940        -0.768121
Te        11.18574        3.54502        2.18848        2        -0.403955        0.411060        -1.751372
Te        7.75455        8.82916        5.70903        2        0.231956        -0.359007        -0.720120
Te        11.20603        10.59040        5.50242        2        0.057106        0.844687        0.111849
Te        7.84027        8.78609        2.07531        2        -0.417997        0.143276        0.570117
Te        11.26090        7.00283        1.96394        2        -0.176482        0.693207        0.554782
Te        14.58335        1.90785        5.60446        2        -0.601565        -0.897916        -0.144480
Te        17.58591        3.64497        5.85639        2        0.608976        -0.601445        -0.740858
Te        14.64054        1.80736        1.94148        2        -0.494872        0.008585        0.611574
Te        17.62405        0.09907        2.16265        2        0.701312        -0.179552        0.045772
Te        14.47429        5.19700        5.58665        2        0.030429        0.919494        -0.472833
Te        17.59272        7.10895        5.61558        2        -0.189180        0.449576        0.279392
Te        14.46426        5.32603        2.03112        2        0.175831        -0.326297        0.203453
Te        17.89561        3.65762        2.16382        2        -0.506103        -0.894840        -0.130918
Te        14.50257        8.85852        5.60744        2        -0.586938        -0.131543        0.102653
Te        17.56193        10.58455        5.73750        2        0.358183        0.203418        -0.390965
Te        14.39685        8.90098        2.05800        2        0.289176        0.000905        -0.330297
Te        17.76061        7.16170        2.13696        2        -0.382016        -0.571020        -0.151355
