54
Lattice="19.535457354 0.000008540 -0.000615361 -0.000005198 11.278316666 0.000045896 0.042448411 0.000094922 30.000000000" Properties=species:S:1:pos:R:3:tags:I:1:forces:R:3 energy=-318.22892460 stress= -15.90684 -15.69296 -0.16833 -0.51702 1.24681 0.12164 pbc="T T T"
Mo        2.55674        0.20516        3.71028        1        -0.492835        -0.478704        1.072199
Mo        5.72583        2.00532        3.87186        1        -0.078197        -0.310193        0.114635
Mo        2.48052        3.94583        3.89085        1        0.632846        -0.310723        0.528238
Mo        5.73659        5.69280        3.85435        1        -0.393184        0.430650        0.538221
Mo        2.45463        7.71588        3.84134        1        0.240222        -0.372372        0.103191
Mo        5.76209        9.40410        3.87311        1        -0.557196        0.250780        0.222914
Mo        8.91132        11.18557        3.95209        1        0.607964        0.111531        0.252726
Mo        12.21151        1.77914        3.96274        1        -0.146540        0.685595        0.282740
Mo        8.88637        3.79215        4.08598        1        0.286895        0.112579        0.248455
Mo        12.34366        5.69600        3.96972        1        -0.264321        -0.230740        0.894656
Mo        8.94994        7.52214        3.96059        1        -0.113803        -0.321119        0.244247
Mo        12.16005        9.38007        3.92730        1        0.545039        -0.002003        0.461290
Mo        15.48067        11.12592        3.94026        1        0.599075        0.428241        -0.326662
Mo        18.72606        1.73897        4.00755        1        0.456819        0.594356        -0.324624
Mo        15.52433        3.65734        4.05107        1        -0.206417        -0.299343        -0.161270
Mo        18.69516        5.54488        3.83846        1        0.482918        -0.097469        0.588424
Mo        15.51973        7.35182        3.94346        1        0.533088        1.091537        -0.107675
Mo        18.78635        9.32910        3.83300        1        0.519146        -0.017298        0.435639
Te        1.44597        1.99404        5.68038        2        -0.022753        -0.056804        -0.658675
Te        4.63184        3.87266        5.67946        2        0.031060        0.006129        -0.556507
Te        1.40937        2.08810        2.22777        2        -0.562386        0.002719        -0.664613
Te        4.73573        0.00614        2.06403        2        0.272052        0.522704        0.152658
Te        1.33488        5.82582        5.52184        2        0.028495        -0.120257        0.531655
Te        4.53320        7.61574        5.55048        2        0.588280        -0.200985        0.327344
Te        1.42787        5.78780        2.19175        2        -0.524016        -0.190626        -0.690448
Te        4.69465        3.92514        2.12199        2        -0.334613        -0.579884        -0.037226
Te        1.51899        9.67276        5.55327        2        -0.522688        -0.378392        -0.280903
Te        4.52888        0.16770        5.51995        2        0.969624        -0.432762        0.264110
Te        1.49286        9.53626        2.09552        2        -0.603329        0.135797        -0.438271
Te        4.59152        7.53015        2.05743        2        0.395325        0.299573        0.517757
Te        7.81737        1.79855        5.73807        2        -0.095640        0.157095        -0.271372
Te        11.12466        3.76456        5.70330        2        0.403068        0.043775        0.099432
Te        8.01954        1.91887        2.33580        2        -0.523311        -0.145120        -0.795642
Te        11.19194        11.21701        2.15915        2        -0.608254        0.231006        0.200185
Te        7.76885        5.71697        5.72549        2        0.203780        -0.090240        -0.048884
Te        11.15801        7.49510        5.68974        2        -0.094283        0.241545        0.085673
Te        7.95240        5.60070        2.20695        2        -0.126875        0.184609        0.087805
Te        11.07458        3.86486        2.41853        2        0.297352        -0.589784        -0.830483
Te        7.86671        9.30804        5.77742        2        -0.234023        0.406578        -0.700456
Te        11.08900        0.04761        5.67861        2        -0.123540        -0.779323        0.151748
Te        7.85399        9.33629        2.16819        2        0.424735        0.118951        0.005090
Te        11.09958        7.49783        2.24608        2        0.307630        -0.027646        -0.315734
Te        14.39910        1.58312        5.75418        2        -0.078156        0.889808        -0.330240
Te        17.69671        3.69035        5.71596        2        0.129651        -0.158101        -0.213835
Te        14.35295        1.84553        2.29780        2        0.399298        -0.272388        -0.210753
Te        17.73296        11.19757        2.14583        2        -0.540764        -0.028829        0.224076
Te        14.56715        5.64778        5.77732        2        -0.610721        -0.648427        -0.049171
Te        17.74976        7.47419        5.67974        2        -0.169701        -0.219212        -0.652507
Te        14.47503        5.49100        2.26816        2        -0.045582        0.003525        -0.392743
Te        17.67671        3.50351        2.14308        2        -0.361876        0.469618        0.782795
Te        14.40646        9.27999        5.64085        2        -0.263305        -0.206535        0.040656
Te        17.66168        11.05132        5.64575        2        0.031616        0.279492        0.063044
Te        14.40560        9.33767        2.22010        2        -0.216237        -0.557383        -0.104025
Te        17.69469        7.37402        2.17037        2        -0.450543        0.407911        -0.372576
