54
Lattice="18.429676749 0.000008540 -0.000615361 -0.000005198 11.491115093 0.000045896 0.042448411 0.000094922 30.000000000" Properties=species:S:1:pos:R:3:tags:I:1:forces:R:3 energy=-319.32684989 stress= -6.33852 -17.19006 -4.77298 -1.12413 0.58281 -0.03163 pbc="T T T"
Mo        2.24229        0.02090        3.92910        1        -0.425752        -0.544093        -0.629901
Mo        5.36801        1.83145        3.84719        1        0.028177        0.284645        0.788530
Mo        2.45174        3.91066        3.79965        1        -2.265242        -0.210665        1.290807
Mo        5.31443        5.79870        3.97760        1        0.654540        -0.089242        0.181876
Mo        2.34878        7.65532        3.88636        1        -0.491004        0.308047        -0.490407
Mo        5.39901        9.49485        4.03734        1        -0.398107        -0.041074        -0.398428
Mo        8.51470        11.42165        3.99827        1        -0.043996        0.186898        0.218551
Mo        11.61893        1.90580        4.02512        1        -0.697380        -0.125299        -0.035295
Mo        8.34289        3.78575        3.96414        1        0.536355        -0.467219        0.606913
Mo        11.42907        5.68262        3.97238        1        0.103340        0.437153        -0.287706
Mo        8.53061        7.70154        4.05101        1        -0.265780        0.244356        -0.077914
Mo        11.61563        9.49347        3.95598        1        0.581137        0.220899        0.074731
Mo        14.67402        0.07218        3.95379        1        -0.448871        -0.189081        -0.255055
Mo        17.55202        2.02885        3.83087        1        0.914610        -0.425389        0.028241
Mo        14.62923        3.86576        3.79024        1        -0.682644        0.117827        -0.806141
Mo        17.74108        5.72614        3.81178        1        0.034262        0.306586        -0.173185
Mo        14.55378        7.58270        3.93200        1        0.347895        0.277088        0.374372
Mo        17.62941        9.67997        3.94692        1        -0.380105        -0.519860        -0.364187
Te        1.23875        2.07357        5.57199        2        0.291013        -0.167741        -0.343680
Te        4.39420        3.83220        5.72965        2        0.150962        -0.313795        -0.635231
Te        1.38316        1.92853        2.01498        2        -0.404723        0.177272        1.148578
Te        4.30280        11.41807        2.13857        2        0.375543        -0.245368        0.505107
Te        1.41172        5.78318        5.62844        2        -0.297853        -0.437787        -0.396836
Te        4.32344        7.64001        5.81893        2        0.130836        0.105971        -0.629253
Te        1.30605        5.79001        2.00473        2        0.709552        -0.016631        0.441089
Te        4.40961        3.84989        2.20467        2        1.555104        0.018363        -1.279231
Te        1.26042        9.46057        5.66989        2        0.284058        0.812303        -0.132471
Te        4.31549        11.41274        5.63621        2        0.114955        0.515677        0.328328
Te        1.18266        9.59398        2.05916        2        0.570341        0.033571        1.037422
Te        4.41190        7.65540        2.13852        2        0.210094        0.158099        0.349438
Te        7.42120        1.81098        5.70559        2        -0.172963        0.100965        -0.299078
Te        10.38334        3.85234        5.79640        2        0.352589        -0.423716        -0.462185
Te        7.49210        1.80315        2.10820        2        -0.039358        0.061508        0.675428
Te        10.66227        11.46402        2.27106        2        -0.260828        -0.120473        0.036465
Te        7.44140        5.85721        5.75392        2        -0.206015        -0.601159        -0.208504
Te        10.59197        7.70701        5.78432        2        0.197986        -0.487095        -0.141323
Te        7.55933        5.76766        2.33401        2        -0.710208        0.317135        -0.484424
Te        10.50959        3.69842        2.29736        2        -0.270214        0.321845        -0.298036
Te        7.51369        9.56041        5.88359        2        -0.201835        0.118669        -0.761710
Te        10.68530        11.35172        5.75895        2        -0.390810        0.570953        -0.352030
Te        7.45299        9.54590        2.30331        2        0.347278        -0.013993        -0.255726
Te        10.52977        7.63077        2.20617        2        0.103519        0.105971        0.088733
Te        13.68245        2.01470        5.68529        2        0.312315        -0.022958        -0.006521
Te        16.54737        4.08315        5.54100        2        1.079426        -1.149645        0.823995
Te        13.58505        1.96648        2.08397        2        0.180495        -0.401477        0.639161
Te        16.67088        11.47572        2.06588        2        -0.051664        0.528871        0.733068
Te        13.52928        5.57567        5.61167        2        0.242735        0.649891        0.332385
Te        16.75289        7.58845        5.61375        2        -0.417677        0.284852        -0.089398
Te        13.51280        5.80163        2.08179        2        -0.102605        -0.341003        0.513798
Te        16.78274        3.82186        1.98737        2        -0.726342        0.473679        0.147465
Te        13.68021        9.59231        5.81276        2        0.183281        -0.220917        -1.072449
Te        16.65206        0.21388        5.77381        2        0.443992        -0.463104        -0.681146
Te        13.78993        9.57930        2.19796        2        -0.847950        0.013213        0.372424
Te        16.63199        7.63462        2.15049        2        0.146360        0.295494        0.333920
