54
Lattice="19.173937585 0.000456147 -0.025753600 -0.000245476 11.340344112 0.000007040 0.013560576 0.000001770 30.000000000" Properties=species:S:1:pos:R:3:tags:I:1:forces:R:3 energy=-318.12383243 stress= -5.11644 -12.80057 -0.11543 -0.06288 -0.30586 0.33749 pbc="T T T"
Mo        2.17454        10.91988        3.95134        1        0.065016        0.405062        -1.444203
Mo        4.43427        2.25810        4.12893        1        -0.848661        -0.672627        -0.353534
Mo        2.08358        4.02331        3.94729        1        0.840688        -0.618615        -0.714073
Mo        4.59985        5.77246        3.99112        1        -1.482893        -0.270990        0.087864
Mo        2.20363        7.57146        3.76652        1        0.285202        -0.504887        0.446654
Mo        4.55856        9.23561        3.98130        1        -0.429717        0.425336        -0.591095
Mo        8.54845        0.23690        3.64809        1        0.484762        0.261012        0.457532
Mo        10.90755        2.01092        3.93041        1        -0.810390        -0.547571        -0.312953
Mo        8.49202        3.69949        3.73717        1        1.160497        0.085887        0.771802
Mo        10.80605        5.39435        3.97319        1        0.370627        0.098796        -0.359349
Mo        8.58874        7.21752        3.72680        1        1.241499        -0.500603        -0.385786
Mo        10.76364        9.56121        4.07053        1        0.252275        -0.030606        0.400651
Mo        14.94293        11.31782        3.78110        1        -0.628556        -0.069456        -0.501236
Mo        17.25917        1.66472        4.01897        1        0.229257        -0.473025        -0.160505
Mo        14.98360        3.77139        3.77018        1        0.303375        0.206426        -0.299252
Mo        17.19092        6.05737        4.15963        1        0.567232        -0.502470        0.377648
Mo        14.88034        7.77422        4.01453        1        -0.068211        0.039080        -1.054362
Mo        17.15147        9.45803        4.11475        1        0.236559        -0.209632        -0.238435
Te        0.77467        1.69919        5.13668        2        -0.353154        0.478332        -0.084499
Te        3.89153        4.02271        5.98577        2        -0.229075        0.008871        0.440253
Te        5.81850        0.16722        2.77213        2        0.129397        -0.337045        0.063965
Te        2.54647        1.81160        2.19052        2        0.332196        0.363197        0.415639
Te        0.64141        5.77275        5.29211        2        -0.608206        0.595616        0.524403
Te        3.91637        7.54268        5.88427        2        -0.048114        0.097874        0.680501
Te        5.98069        3.80853        2.56394        2        -0.065392        -0.131563        -0.688728
Te        2.78045        5.65113        1.91174        2        -0.012621        -0.039906        0.078522
Te        0.49554        9.43502        5.37556        2        0.312698        -0.448725        0.300067
Te        3.96674        11.29576        5.82803        2        0.447157        -0.055407        -0.014600
Te        6.17199        7.37280        2.47614        2        -0.635878        0.539077        -0.464083
Te        2.73945        9.31957        1.82869        2        0.595254        0.367225        0.445788
Te        7.00812        1.92936        5.30183        2        0.205403        0.079610        0.054941
Te        10.33399        3.64117        5.98247        2        -0.480217        0.433654        -0.733205
Te        12.38269        0.02843        2.53043        2        0.035379        -0.115657        -0.199865
Te        9.12042        1.94370        1.69518        2        0.478022        0.016451        0.507252
Te        7.05198        5.65503        5.35043        2        0.139665        -0.203946        0.175482
Te        10.30203        7.39640        5.73876        2        0.093537        0.297575        0.685947
Te        12.44473        3.77577        2.38117        2        0.185469        0.014636        0.020413
Te        9.12217        5.44949        1.75277        2        0.453805        0.244292        0.291196
Te        7.32343        9.43646        4.80159        2        -0.717609        -0.367463        0.350029
Te        10.18611        0.14237        5.89193        2        -0.061657        -0.048592        -0.531964
Te        12.37506        7.56317        2.56463        2        0.051201        -0.006091        0.367187
Te        9.22783        9.27123        1.98921        2        -0.432432        0.693349        -0.488062
Te        13.43387        1.92535        5.26938        2        -0.193527        0.091408        0.030785
Te        16.74593        3.74136        5.75615        2        -0.081194        0.368333        0.424302
Te        18.80378        11.22294        2.40645        2        -0.248682        -0.059305        0.657511
Te        15.60628        1.89228        1.92026        2        -0.224358        -0.205416        -0.334785
Te        13.37734        5.65931        5.30818        2        -0.071990        -0.136972        -0.063114
Te        16.55256        7.62455        6.20534        2        -0.186628        0.575669        -0.509642
Te        18.49261        3.85790        2.91133        2        0.814848        0.372595        0.001285
Te        15.66108        5.87646        2.07460        2        -0.913190        -0.107054        -0.408333
Te        13.28912        9.59027        5.42652        2        -0.018024        -0.044482        -0.140536
Te        16.42082        0.04223        5.93782        2        0.572802        -0.356280        0.895095
Te        18.84737        7.61914        2.47344        2        -0.849916        -0.023873        0.391383
Te        15.55735        9.45497        1.87885        2        -0.203821        -0.076497        0.777963
