54
Lattice="18.429676749 0.000008540 -0.000615361 -0.000005198 12.767905659 0.000045896 0.042448411 0.000094922 30.000000000" Properties=species:S:1:pos:R:3:tags:I:1:forces:R:3 energy=-303.76776770 stress= -13.62406 -23.50871 -2.45811 -0.25649 0.86529 0.28992 pbc="T T T"
Mo        2.30063        0.22530        3.82443        1        0.589506        -0.305585        -0.760388
Mo        5.47949        2.06936        3.84894        1        -0.391084        0.165380        0.535898
Mo        2.47117        4.42865        3.96148        1        -0.555727        -1.359921        -1.461646
Mo        5.38278        6.35549        4.34225        1        0.847973        0.616701        -1.135840
Mo        2.00906        8.37439        4.14711        1        0.790483        0.342573        0.091629
Mo        5.43264        10.64537        3.62556        1        0.341586        0.061972        0.464094
Mo        8.76764        0.13637        3.78720        1        -1.617942        -0.749887        1.491966
Mo        11.48441        1.77541        3.87717        1        0.203580        0.909809        0.783971
Mo        8.48279        4.35381        4.42261        1        -0.818682        0.431585        -1.498797
Mo        11.49642        6.58098        3.93360        1        -0.791244        -2.069977        0.623596
Mo        8.56699        8.68384        4.29783        1        -0.061197        -0.182632        -1.018896
Mo        11.57179        10.67370        3.96067        1        -0.008807        -1.190994        -0.529282
Mo        14.36562        0.00748        3.66911        1        1.370560        0.694561        -0.285584
Mo        17.65791        2.15983        3.62805        1        0.468258        0.603541        -0.092131
Mo        14.06507        3.89881        3.75962        1        1.587464        2.022857        0.174908
Mo        17.41174        6.35243        3.98474        1        0.420110        -1.177969        -0.549639
Mo        14.49294        8.42152        4.03640        1        0.241482        0.741200        -2.362692
Mo        17.37974        10.63042        3.78005        1        1.336271        0.402199        0.482680
Te        1.51246        2.45416        5.48079        2        -0.927288        -1.391716        -0.085652
Te        4.49734        4.23438        5.55988        2        0.665964        -1.032629        1.813785
Te        1.46032        2.45448        1.90499        2        -0.118898        -0.358467        1.407245
Te        4.60166        0.13991        2.03715        2        -0.668168        -0.556825        0.537199
Te        0.97860        5.99705        5.74193        2        0.742411        1.071538        0.270878
Te        4.21880        8.38334        5.77777        2        -0.070916        0.434818        -0.240132
Te        1.40514        6.29160        2.46624        2        -1.103716        0.873669        -1.174196
Te        4.81408        4.19772        2.26289        2        -0.842288        0.996372        0.232405
Te        1.25557        10.81405        5.61244        2        -0.623204        -0.040183        -0.666298
Te        4.56974        12.56091        5.39079        2        -0.800257        0.714375        0.239511
Te        1.30250        10.75761        2.29332        2        -0.201072        -0.246097        0.323362
Te        4.29820        8.25273        2.43080        2        0.003572        0.409278        0.423296
Te        7.52804        2.05062        5.60732        2        0.384806        -0.385955        0.562539
Te        10.50402        4.28729        5.94207        2        1.359170        -0.144861        -0.161623
Te        7.64366        2.38811        2.36998        2        1.018305        -0.334161        -0.303098
Te        10.69926        12.65147        2.06813        2        0.362999        -0.126997        -0.131798
Te        7.58435        6.52886        6.16859        2        -0.428128        0.126688        -1.012075
Te        10.72258        8.45850        5.81189        2        0.135380        1.080685        -0.065637
Te        7.64537        6.54340        2.78086        2        -0.489330        0.034088        -0.025816
Te        10.35167        4.56499        2.34475        2        0.048669        -0.833666        0.802990
Te        7.38854        10.97347        5.73919        2        0.541034        -0.632900        -1.538832
Te        10.78761        12.54637        5.70722        2        -0.636855        0.810429        -0.456726
Te        7.79682        10.66836        2.16382        2        -0.498305        -0.133926        1.202881
Te        10.60454        8.31288        2.25716        2        -0.977034        2.256739        0.104930
Te        13.79736        1.98722        5.54008        2        -1.676535        -0.509022        0.390346
Te        16.55972        3.99745        5.48272        2        -0.634608        0.223060        -0.653576
Te        13.33944        2.08937        1.99835        2        -0.013544        -0.715496        -0.538810
Te        16.58722        0.11807        2.02335        2        0.058459        -0.450933        -0.160267
Te        13.51502        6.48332        5.53036        2        0.796446        -1.017136        0.856068
Te        16.53924        8.32181        5.65194        2        0.798013        0.703692        0.407653
Te        13.26179        6.30232        1.90140        2        0.923581        0.110463        1.083154
Te        16.28269        4.15944        2.11311        2        0.449514        0.170455        0.330366
Te        13.85838        10.77052        5.46167        2        -0.491981        -0.549158        0.519301
Te        16.63731        0.12994        5.24243        2        0.143778        -0.095279        0.725931
Te        13.64897        10.53684        2.18875        2        -0.160417        -0.272269        -0.085432
Te        16.83004        8.40435        2.23562        2        -1.127805        -0.098503        0.093673
