54
Lattice="22.299908866 0.000008540 -0.000615361 -0.000005198 10.639921383 0.000045896 0.042448411 0.000094922 30.000000000" Properties=species:S:1:pos:R:3:tags:I:1:forces:R:3 energy=-307.30056918 stress= -29.84565 -9.40219 1.28881 -0.89271 -0.10381 0.17401 pbc="T T T"
Mo        2.97617        10.53897        3.80368        1        -0.746447        0.249452        0.719538
Mo        6.48930        1.75608        4.06028        1        0.847482        0.251309        0.336260
Mo        2.73122        3.42691        3.84796        1        1.037933        0.139504        0.289445
Mo        6.67186        5.35642        4.02971        1        -0.269347        0.056463        0.467283
Mo        2.88325        6.97085        3.91840        1        -0.011725        0.581859        0.509816
Mo        6.57170        8.95031        4.09301        1        -0.216185        0.091310        -0.539731
Mo        10.33720        10.56138        4.00283        1        0.315110        0.626444        0.251703
Mo        14.00313        1.75428        4.05272        1        -0.227974        0.723811        0.395755
Mo        10.38112        3.68912        4.01559        1        -0.184045        -0.439184        -0.393057
Mo        14.10341        5.41461        3.99975        1        -0.033338        -0.834861        -0.274503
Mo        10.31667        7.03074        3.98257        1        -0.376086        1.117834        -0.186387
Mo        14.11259        8.97349        4.12820        1        -0.654453        -0.299500        -0.596524
Mo        17.73406        10.56380        3.89202        1        0.053399        0.637384        0.548820
Mo        21.39748        1.75073        3.79212        1        -0.164501        -0.276267        0.359113
Mo        17.77782        3.60649        3.88683        1        -0.718229        -0.504262        -0.667057
Mo        21.29458        5.33123        3.61655        1        0.500252        0.104975        -0.148158
Mo        17.58206        7.09549        3.86198        1        0.164627        -0.000680        -0.897012
Mo        21.49517        8.83436        3.56684        1        -0.761685        -0.431020        0.735389
Te        1.44242        1.66252        5.47899        2        0.251427        -0.247146        0.135992
Te        5.31448        3.60856        5.78824        2        -0.025944        -0.038310        -0.614222
Te        1.57200        1.68866        2.17495        2        -0.136584        -0.311945        -0.441054
Te        5.35839        0.01590        2.23783        2        0.070339        -0.106382        0.312067
Te        1.48079        5.14777        5.45726        2        -0.415258        0.579566        0.591060
Te        5.28531        7.19589        5.73644        2        0.024383        -0.530078        -0.434742
Te        1.62393        5.27628        2.21558        2        -0.438856        -0.173499        -0.765893
Te        5.33342        3.53957        2.42659        2        -0.302929        0.231351        -0.539001
Te        1.56114        8.81986        5.57252        2        0.270198        -0.264199        -0.665507
Te        5.29780        0.10424        5.78770        2        -0.329235        -0.507860        -0.334363
Te        1.60746        8.73807        2.18465        2        0.475309        0.053554        -0.166306
Te        5.35491        7.07615        2.33514        2        0.130277        0.237929        0.147637
Te        9.12925        1.84545        5.60964        2        -0.368271        -0.265908        0.567126
Te        12.74143        3.63762        5.70316        2        0.270705        -0.036938        0.002022
Te        9.04174        1.77368        2.44562        2        -0.128805        0.210437        -0.471921
Te        12.71531        0.03667        2.41924        2        0.040268        -0.257428        -0.303605
Te        9.02307        5.35279        5.70828        2        0.074239        0.010552        0.159323
Te        12.73582        7.11182        5.62453        2        0.005151        0.226667        0.646293
Te        9.13630        5.37079        2.19857        2        -0.235105        -0.242614        0.293384
Te        12.74109        3.61388        2.36518        2        0.255512        -0.057439        -0.042125
Te        8.88606        8.90174        5.68117        2        0.582491        -0.371041        0.008044
Te        12.81277        0.01526        5.85486        2        -0.070726        0.095580        -0.187159
Te        9.04228        8.94419        2.29676        2        -0.108299        -0.620738        0.158358
Te        12.73236        7.17108        2.35955        2        0.258344        0.147317        0.091182
Te        16.47725        1.82986        5.59715        2        0.240254        -0.297327        -0.000382
Te        20.09754        3.73421        5.38138        2        0.395749        -0.944323        0.836926
Te        16.30525        1.70940        2.34149        2        0.306233        0.367043        -0.359480
Te        20.02927        10.57140        2.14083        2        0.163813        0.377204        -0.386540
Te        16.63419        5.30979        5.60953        2        -0.749834        0.133141        0.501526
Te        19.99744        7.14678        5.26381        2        0.571740        -0.031001        0.274956
Te        16.34939        5.27027        2.12931        2        0.134976        0.246824        0.444104
Te        20.09662        3.42503        2.09738        2        -0.166611        0.291863        -0.621947
Te        16.49789        8.87088        5.61027        2        -0.038595        -0.018671        0.676446
Te        20.25155        10.48692        5.49917        2        0.082528        0.397642        -0.332607
Te        16.33671        8.96863        2.25848        2        -0.182124        -0.540453        -0.464071
Te        19.81257        6.99372        1.95238        2        0.657538        0.433942        0.370001
