54
Lattice="19.174335959 0.000456436 -0.025753600 -0.000245188 11.539990792 0.000007040 0.013560858 0.000001769 30.000000000" Properties=species:S:1:pos:R:3:tags:I:1:forces:R:3 energy=-313.38189485 stress= -6.89784 -14.96052 -0.26541 0.95029 0.70173 -0.25087 pbc="T T T"
Mo        2.41876        11.46210        3.72028        1        -1.336302        -0.743378        0.094261
Mo        4.35960        2.02758        4.18653        1        0.720925        0.660426        -0.226068
Mo        2.08724        4.11859        3.98987        1        -0.237075        -1.097825        -0.009219
Mo        4.34190        5.65355        4.09739        1        -0.153724        0.497551        -0.399395
Mo        2.14239        7.53710        3.82179        1        0.462769        -0.371329        0.767818
Mo        4.34801        9.57911        3.96277        1        1.593892        -0.575378        1.623650
Mo        8.71316        11.48507        3.84056        1        -1.571262        0.507870        -1.149572
Mo        10.76938        1.83366        4.06277        1        -0.785583        -0.527329        0.410621
Mo        8.38326        3.91953        4.00022        1        0.463998        -0.298787        -0.899044
Mo        10.75019        5.95235        3.96916        1        0.748338        -0.204924        0.474549
Mo        8.74248        7.89718        3.69334        1        -1.444408        0.629606        -1.178122
Mo        11.00571        9.72222        3.83757        1        -0.562858        0.105818        0.300483
Mo        14.89943        0.00404        3.77368        1        1.458681        0.153853        0.620555
Mo        17.22093        1.73483        4.21958        1        1.126074        0.650543        -0.471169
Mo        14.92746        3.66475        3.85845        1        -0.203049        0.548876        1.308036
Mo        17.13644        5.84473        4.03635        1        0.220828        -1.472208        0.126139
Mo        15.04559        7.89633        3.57531        1        -0.291109        0.492159        0.409856
Mo        17.30649        9.52163        3.81807        1        -0.087920        0.149084        1.095846
Te        0.77251        2.04320        5.36765        2        -0.173347        -1.002893        -0.286199
Te        3.88705        3.87045        6.12467        2        -0.063227        0.207190        -0.277621
Te        5.81887        11.50660        2.54549        2        0.516655        0.240670        0.221551
Te        2.80614        1.99249        2.06743        2        -0.335940        0.377170        -0.261924
Te        0.41153        5.58042        5.52128        2        0.425183        0.808822        -0.291882
Te        3.89600        7.86478        6.03436        2        -0.420980        -0.789450        -1.097507
Te        5.88139        3.76946        2.50165        2        -0.087537        0.076150        0.725539
Te        2.51390        5.57459        1.89140        2        0.699408        0.741153        0.157623
Te        0.76188        9.51526        5.26014        2        -0.169250        0.145158        -0.229188
Te        3.88356        0.07310        5.93016        2        0.099929        -0.721928        0.178525
Te        5.94979        7.40945        2.51966        2        -0.032444        1.099590        0.255303
Te        2.87326        9.18048        1.85454        2        -0.596390        0.814215        -0.594338
Te        7.05187        1.71721        5.37693        2        -0.261044        1.065014        -0.099506
Te        10.18491        3.90627        5.98476        2        0.143373        0.168240        -0.778373
Te        12.53214        0.17956        2.48204        2        -1.034021        -0.230170        -0.473912
Te        8.97463        2.18377        2.01763        2        0.285067        -0.938861        0.294618
Te        7.00908        6.00336        5.05248        2        0.000698        -0.207746        0.532187
Te        10.31985        7.92745        5.76291        2        0.337985        -0.473718        0.742533
Te        12.39479        3.70351        2.85333        2        -0.692360        1.043102        -0.611768
Te        9.11334        5.74169        1.89271        2        -0.186624        0.304570        0.517983
Te        7.12312        9.79762        5.39936        2        -0.230894        -0.744807        -0.661280
Te        10.23484        11.34863        5.98057        2        0.654733        0.614505        -0.144345
Te        12.36416        7.93401        2.19634        2        0.318289        -0.612372        0.380124
Te        9.22030        9.92108        1.78202        2        -0.106721        -0.888132        -0.136638
Te        13.15355        1.77736        5.21548        2        1.830336        0.176247        0.816467
Te        16.59158        3.69282        6.02009        2        -0.158296        0.283954        -0.809706
Te        18.95919        11.38728        2.55836        2        -0.195694        0.466278        -0.027461
Te        15.78569        2.04088        2.09675        2        -0.168276        -0.937370        -1.871443
Te        13.37055        5.94603        5.02593        2        0.301497        -0.154545        -0.115668
Te        16.70506        7.49803        5.90084        2        -0.672255        1.811564        0.155561
Te        18.65192        3.93005        2.55041        2        0.351850        -0.506215        0.497521
Te        15.47433        5.78863        2.00173        2        -0.135581        -0.588644        -0.555374
Te        13.49421        9.58798        5.06889        2        -0.212510        0.007450        0.775487
Te        16.86971        11.24658        5.83331        2        -0.733986        -0.011626        0.593778
Te        18.74158        7.61795        2.59901        2        0.690641        -0.581975        -0.586809
Te        15.60177        9.84452        1.71037        2        -0.124008        -0.178246        0.189118
