54
Lattice="19.557416337 0.000456147 -0.025753600 -0.000245476 10.309403738 0.000007040 0.013560576 0.000001770 30.000000000" Properties=species:S:1:pos:R:3:tags:I:1:forces:R:3 energy=-315.71546938 stress= -3.58356 -2.57493 -5.86510 -1.58807 2.35998 -0.05399 pbc="T T T"
Mo        2.30395        0.09822        3.74058        1        -0.997693        -0.408808        -0.780056
Mo        4.57795        1.88022        3.99792        1        -0.074445        0.893126        0.005270
Mo        2.14676        3.66049        3.88929        1        0.493641        -0.178735        -1.918036
Mo        4.45017        5.15225        3.97996        1        0.108830        0.893768        0.757280
Mo        2.06747        6.97968        3.83072        1        0.823171        0.220946        -0.353909
Mo        4.55715        8.59944        3.84837        1        0.198097        -1.370526        2.009493
Mo        8.65305        10.27400        4.11031        1        0.679867        0.574960        -3.541444
Mo        11.26129        1.27556        3.92434        1        -1.164453        1.155833        0.219873
Mo        8.82151        3.33410        3.75032        1        -0.477425        -0.792775        -0.301269
Mo        11.09855        4.99679        3.94981        1        0.227664        0.049363        0.471734
Mo        8.71678        6.52197        3.77292        1        -0.356562        2.195267        0.587109
Mo        11.09992        8.46041        3.99592        1        0.279059        -0.671927        1.869923
Mo        15.32933        9.98232        3.88257        1        -0.534393        1.961053        -1.677444
Mo        17.45916        1.84046        4.08925        1        0.827055        -0.349968        1.269544
Mo        15.29913        3.27059        3.95150        1        -0.719904        0.859082        -0.358938
Mo        17.52173        5.42824        3.99760        1        0.487622        0.048987        1.346557
Mo        15.38339        6.95618        3.74345        1        -1.394752        -0.449457        0.070969
Mo        17.57097        8.83124        3.96184        1        1.175121        -0.777190        0.722954
Te        0.59512        1.90572        5.18294        2        -0.302294        -0.768747        1.052928
Te        3.77552        3.63129        6.14064        2        0.097678        -0.849074        -1.112531
Te        6.00820        0.02022        2.47807        2        1.512237        0.407435        -0.438942
Te        2.95592        1.81132        1.79050        2        -0.163402        0.666143        0.609056
Te        0.41030        5.15564        5.29423        2        0.589334        1.612037        0.874826
Te        3.80568        6.91582        6.10366        2        -0.067390        0.247123        -1.917870
Te        6.29239        3.46287        2.41910        2        -0.469031        -0.170049        0.204607
Te        2.88038        5.33252        1.78421        2        -0.456353        -0.570940        0.607521
Te        0.54687        8.79092        5.51955        2        0.282066        -0.322891        -0.967119
Te        3.95794        0.05414        5.74400        2        -0.015591        -0.269861        1.751842
Te        6.23607        6.60340        2.32445        2        -0.213358        0.771387        0.124479
Te        3.04170        8.59505        1.70282        2        -1.147383        0.392444        0.677651
Te        7.06832        1.93665        5.56714        2        0.250627        -0.163486        -0.770676
Te        10.46575        3.12997        5.89150        2        0.366430        0.413985        -0.556214
Te        12.70386        9.95830        2.26036        2        0.418792        0.472991        0.364317
Te        9.26468        1.38817        1.62293        2        0.384480        0.862951        2.428756
Te        6.86870        5.30215        5.37321        2        0.833393        -0.712525        0.205483
Te        10.22432        6.57516        5.99665        2        0.670997        0.575647        -0.619132
Te        12.78810        3.20201        2.52883        2        0.039381        0.055036        0.028478
Te        9.40530        5.08523        1.77411        2        0.809553        -0.963673        -0.619843
Te        7.09320        8.75274        5.45103        2        -1.126788        -1.514921        0.440806
Te        10.44277        10.13005        6.05822        2        0.141417        -0.255438        -0.165038
Te        12.91591        6.74108        2.50629        2        -1.003466        -0.019281        -0.290851
Te        9.49647        8.51522        1.96648        2        -1.188707        -0.164255        0.152493
Te        13.69049        1.38106        5.54649        2        -0.494368        0.962125        -0.668538
Te        17.06067        3.67991        6.09746        2        -0.570720        -0.336755        -0.661787
Te        19.22744        0.43531        2.62839        2        0.140285        -1.665931        -1.017191
Te        15.87613        1.56877        1.89542        2        -0.033908        -0.070172        0.462844
Te        13.72041        5.24710        5.37240        2        -0.264713        -0.539331        -0.155655
Te        16.72027        7.14601        6.01737        2        0.907168        -0.303620        -0.163131
Te        19.05568        3.77018        2.52415        2        0.800972        -1.138552        -0.602907
Te        16.08827        5.01597        1.88369        2        -1.216449        0.006756        -0.199794
Te        13.54416        8.76563        5.45529        2        -0.199881        -1.736583        0.253482
Te        16.73955        0.03967        6.20839        2        0.790469        0.478013        -1.273772
Te        19.15446        7.01890        2.25293        2        0.336835        0.414132        0.941483
Te        16.06255        8.50584        1.65252        2        -0.035301        0.335078        0.655321
