54
Lattice="19.904050889 0.000008540 -0.000615361 -0.000005198 11.491115093 0.000045896 0.042448411 0.000094922 30.000000000" Properties=species:S:1:pos:R:3:tags:I:1:forces:R:3 energy=-310.68898220 stress= -18.26494 -17.50844 -1.49521 -0.65884 0.68576 -0.16854 pbc="T T T"
Mo        2.38933        0.06563        3.70856        1        0.038046        -0.152926        0.315542
Mo        5.74279        2.20313        3.80630        1        0.079722        0.141821        -1.838969
Mo        2.44883        3.87598        3.68266        1        -0.230855        0.436771        0.257693
Mo        5.64052        5.76284        3.96589        1        1.649590        0.831566        -1.662958
Mo        2.53090        7.92095        3.78479        1        0.091435        -0.458637        0.403631
Mo        5.98295        9.75122        3.74465        1        -1.187123        0.823748        -1.267691
Mo        9.30804        0.03252        3.80454        1        1.004345        -2.165507        2.042061
Mo        12.38393        1.66207        4.31849        1        0.995181        1.444111        -0.663306
Mo        9.35787        3.82981        4.10724        1        -0.465529        1.169601        -0.446247
Mo        12.73109        5.59513        3.95278        1        -1.636601        0.441572        1.513988
Mo        8.91433        7.86815        3.69727        1        1.254206        -0.850197        0.776439
Mo        12.48799        9.53181        3.78645        1        0.897674        -0.646161        0.950520
Mo        15.69108        11.34845        4.07997        1        0.417490        -0.606363        -0.285585
Mo        18.86988        1.84748        3.94550        1        0.855759        -0.177893        -1.050285
Mo        15.99709        3.76099        4.44328        1        -1.343966        -0.199290        -1.429384
Mo        19.05523        5.78087        4.00538        1        0.042519        -0.405294        0.266796
Mo        15.89575        7.38013        4.19190        1        0.505485        0.499811        -0.530631
Mo        19.04078        9.28023        3.85952        1        -0.111328        0.649789        -0.531623
Te        1.18639        1.98517        5.41630        2        1.294751        -0.218020        0.469398
Te        4.67125        3.95387        5.57682        2        -1.173063        -0.474575        0.475807
Te        1.16511        1.82158        2.09680        2        -0.190076        0.846716        -0.262812
Te        4.92169        0.43848        1.77543        2        -0.535709        -0.702486        1.364609
Te        1.50022        5.79430        5.50045        2        0.200330        0.288608        -0.315899
Te        4.81521        7.94419        5.45341        2        -0.399665        -0.197845        0.494033
Te        1.23181        6.11527        2.12208        2        0.312349        -1.057372        0.419621
Te        4.58357        4.14096        1.94834        2        0.274116        -0.538318        0.715732
Te        1.24304        9.63155        5.57376        2        0.987170        0.117834        -0.282911
Te        4.64290        0.26010        5.27232        2        -0.008030        -0.667426        0.655991
Te        1.32018        9.65791        2.06800        2        -0.142171        -0.198945        -0.197691
Te        4.83146        7.72330        2.10154        2        -0.308562        0.324843        0.329350
Te        7.81970        2.20653        5.51003        2        0.683519        -1.316770        1.556521
Te        11.42075        3.85800        5.95785        2        0.280324        -0.279523        -0.640430
Te        8.33824        1.84152        2.45765        2        -1.416632        2.757231        -2.938798
Te        11.63687        0.01752        2.14123        2        -0.427082        0.126847        0.625054
Te        7.96342        5.80163        5.63832        2        -0.008448        0.486872        -0.430838
Te        11.24634        7.59762        5.39753        2        -0.012820        0.215877        -0.228406
Te        8.16185        5.68512        2.24510        2        -0.653397        -0.199537        0.151155
Te        11.57563        3.63966        2.50737        2        -0.240352        -0.152943        -0.677280
Te        7.98421        9.87306        5.47820        2        0.418105        -0.772712        0.731852
Te        11.39869        11.15813        5.77041        2        -0.448525        -0.053107        -0.245307
Te        8.05165        9.76521        1.96240        2        0.315221        0.116417        -0.043807
Te        11.39351        7.67623        2.01026        2        -0.098916        -0.285150        0.926877
Te        14.72686        1.72190        6.00260        2        -0.123294        -0.184317        -0.312942
Te        18.16683        3.62897        5.93892        2        0.479384        0.594067        0.069461
Te        14.67148        2.10171        2.67717        2        0.012021        -1.346395        0.000647
Te        17.70620        11.31109        2.16148        2        0.296120        0.111881        0.543523
Te        14.80485        5.60974        5.93533        2        -0.650212        0.317064        0.476834
Te        18.13913        7.56259        5.90791        2        -0.254524        -0.040349        -0.940052
Te        14.84092        5.41750        2.44831        2        0.805361        0.432994        -0.287350
Te        17.88708        3.83788        2.45256        2        -0.040292        0.012774        -0.591964
Te        14.79353        9.29432        5.89392        2        -0.586436        0.529635        -1.187401
Te        18.09733        11.28532        5.46588        2        -0.936309        -0.283218        1.170683
Te        14.91044        9.20176        2.28593        2        -0.822617        0.740878        0.786507
Te        17.83748        7.41456        2.14034        2        0.244422        0.172450        0.827290
