54
Lattice="19.173937585 0.000456147 -0.025753600 -0.000245476 11.340344112 0.000007040 0.013560576 0.000001770 30.000000000" Properties=species:S:1:pos:R:3:tags:I:1:forces:R:3 energy=-317.82165940 stress= -4.87529 -10.38780 1.56499 -1.71094 -0.35843 0.23387 pbc="T T T"
Mo        2.24953        11.06462        4.02748        1        -0.393608        0.134885        -0.713821
Mo        4.29030        2.06484        4.33963        1        -0.073698        1.109099        0.263089
Mo        2.05737        3.98755        3.96169        1        -0.439418        0.270634        0.019727
Mo        4.29864        5.72951        4.20378        1        1.045977        0.484727        -0.352560
Mo        2.08692        7.50173        3.87679        1        1.283432        0.281816        0.442774
Mo        4.51941        9.17030        4.04817        1        -0.136225        -0.474977        1.161372
Mo        8.43141        0.17890        3.80642        1        0.820983        0.531959        -0.314320
Mo        10.76180        1.95360        3.85191        1        0.784093        -0.096346        0.811633
Mo        8.49418        3.65180        3.72635        1        0.333169        0.524076        0.062560
Mo        10.93656        5.42940        3.75442        1        -0.169228        0.136983        0.703981
Mo        8.81307        7.26112        3.69586        1        -0.782192        0.418649        -0.141952
Mo        10.80917        9.70145        4.14151        1        -0.313446        0.050943        -0.566198
Mo        14.93324        11.32478        3.80271        1        0.404369        -0.025789        0.097969
Mo        17.24588        1.65979        3.97498        1        0.534297        0.379088        -0.907256
Mo        15.00827        3.46223        3.38994        1        0.064022        0.897908        1.443672
Mo        17.17308        5.92955        3.97057        1        0.043848        0.139336        -0.839112
Mo        14.92986        7.81423        3.68002        1        -0.138074        -0.511841        0.810317
Mo        17.24602        9.40088        4.05776        1        0.207760        0.432436        0.197993
Te        0.60608        1.86065        5.17576        2        0.296648        -0.100390        0.106998
Te        3.59977        4.03132        6.15249        2        0.237389        -0.540657        0.380193
Te        5.67059        0.01406        3.11610        2        0.995721        0.602969        -0.788354
Te        2.60611        1.85628        2.32456        2        0.001104        0.056003        -0.587886
Te        0.46872        5.85170        5.34036        2        -0.129922        -0.330156        0.291502
Te        3.84132        7.70604        6.15807        2        -0.222574        -0.837792        -0.808360
Te        5.80130        3.76161        2.66842        2        -0.129558        -0.040537        -0.069260
Te        2.78427        5.58266        1.95918        2        -0.136285        0.517638        0.092262
Te        0.69731        9.45572        5.49528        2        -0.810951        -0.521041        0.132440
Te        4.02353        11.22893        6.00998        2        0.038576        -0.256204        -0.035171
Te        6.16188        7.49869        2.65162        2        -0.425885        -0.147266        -0.130057
Te        2.73549        9.40627        1.99599        2        0.144730        -0.255239        -0.096373
Te        7.01282        2.01952        5.29758        2        -0.510194        -0.255287        0.557280
Te        10.30972        3.82035        5.79794        2        -0.106880        -0.096278        -0.259958
Te        12.44983        11.24512        2.55395        2        -0.380646        0.512077        -0.290909
Te        9.08392        1.88303        1.77038        2        -0.374035        -0.400231        -0.230404
Te        7.10671        5.65731        5.20181        2        -0.050390        -0.014231        0.356763
Te        10.47416        7.54621        5.76757        2        0.107905        -0.606455        -0.117670
Te        12.35769        3.61730        2.26570        2        0.407162        -0.045889        -0.276004
Te        9.07831        5.41343        1.74162        2        0.308694        0.411307        -0.142719
Te        7.32218        9.36409        5.17867        2        -0.262291        -0.503027        -0.230181
Te        10.14258        0.24943        5.90880        2        0.106498        0.030170        0.209637
Te        12.32420        7.72697        2.69450        2        -0.169695        -0.406519        0.046786
Te        9.20384        9.52418        2.00355        2        -0.258950        -0.221393        0.286831
Te        13.42022        2.04172        5.20193        2        0.011559        -0.545530        -0.390655
Te        16.58100        3.82970        5.54029        2        -0.100735        -0.489626        0.635606
Te        18.81546        11.20065        2.55429        2        0.521733        -0.057617        0.022160
Te        15.82449        1.70269        1.73684        2        -0.234779        -0.961136        -1.156375
Te        13.63937        5.43764        4.83607        2        -0.589642        0.944768        -0.385036
Te        16.42594        7.51593        5.90898        2        0.033735        0.849230        0.472204
Te        18.64711        3.86109        2.60403        2        0.261284        -0.096284        0.356375
Te        15.68295        5.76963        1.80890        2        -0.604627        0.018561        -0.004792
Te        13.40636        9.60745        5.41830        2        0.169348        -0.203361        -0.264417
Te        16.76047        0.03805        5.91720        2        -0.696171        -0.861980        0.684254
Te        18.84411        7.61225        2.48431        2        -0.388947        -0.032592        -0.156495
Te        15.69445        9.53604        1.85543        2        -0.107110        0.230340        -0.370705
