54
Lattice="20.641237959 0.000008540 -0.000615361 -0.000005198 10.639921383 0.000045896 0.042448411 0.000094922 30.000000000" Properties=species:S:1:pos:R:3:tags:I:1:forces:R:3 energy=-313.53574959 stress= -20.49269 -5.56475 -0.11653 -1.87853 -0.64989 0.52056 pbc="T T T"
Mo        2.43568        0.11419        4.01262        1        1.133329        0.256094        -0.912095
Mo        6.12920        1.53906        4.05011        1        -0.938940        -0.101655        -0.576962
Mo        2.42667        3.58430        4.00147        1        0.605652        1.095063        -0.833677
Mo        5.93489        5.12906        4.10513        1        0.840727        0.090181        0.506707
Mo        2.39829        7.14556        4.01898        1        1.510217        0.549905        0.522684
Mo        5.98083        8.60930        4.10313        1        0.370390        0.456155        -0.745286
Mo        9.53527        0.07519        3.98027        1        -0.080508        -0.215493        0.356408
Mo        13.18589        1.74099        4.01273        1        0.087469        1.152559        -1.407996
Mo        9.37810        3.51072        4.07698        1        0.579780        -0.107950        0.068275
Mo        13.24295        5.72937        3.81320        1        -0.363404        -1.022928        -0.596815
Mo        9.62581        7.03153        4.12128        1        -0.329877        -0.170429        -0.391114
Mo        12.92240        9.10181        3.77626        1        -0.539209        -0.502953        0.957611
Mo        16.49982        0.06363        3.77087        1        0.353686        -0.155896        0.234606
Mo        19.84374        1.67508        3.91158        1        0.552931        0.857597        -1.071137
Mo        16.43834        3.54954        3.69408        1        0.007008        0.003457        -0.050311
Mo        19.97349        5.23164        3.87535        1        -1.572861        0.195581        -0.435422
Mo        16.43885        7.04367        3.64753        1        0.272377        0.029556        1.212079
Mo        19.82540        8.75045        3.79704        1        -0.109536        0.088275        0.896208
Te        1.23937        1.93790        5.63319        2        0.250303        -0.575428        1.512862
Te        4.73416        3.33097        5.67038        2        -0.115621        -0.259239        0.828365
Te        1.32517        1.88190        2.18825        2        0.646460        -0.239632        -0.222043
Te        4.92673        10.47460        2.17879        2        -0.120251        -0.380214        1.099179
Te        1.29427        5.49426        5.72741        2        0.086594        -0.830077        0.680141
Te        4.70108        6.91980        5.86737        2        0.090766        0.014120        -0.506595
Te        1.37235        5.48792        2.18702        2        0.837866        -0.816127        -0.534132
Te        4.78546        3.27527        2.41298        2        0.027699        0.456670        -0.492980
Te        1.41926        9.12650        5.83065        2        -0.766909        -1.241469        -0.399145
Te        4.72999        10.46789        5.66142        2        0.259402        -0.052644        0.431350
Te        1.35371        8.94941        2.32578        2        0.935424        0.006976        -1.220873
Te        4.77593        6.78090        2.40895        2        -0.259644        0.967185        -0.415504
Te        8.25500        1.65984        5.76859        2        0.271220        0.275186        0.340751
Te        12.07663        3.70380        5.41022        2        -0.599369        0.735069        1.240699
Te        8.25332        1.70441        2.19547        2        0.277531        0.402024        0.573433
Te        11.63553        0.29988        2.26140        2        0.541724        -0.262689        -0.814018
Te        8.26423        5.20752        6.03703        2        0.279809        0.169445        -1.425543
Te        11.97452        7.31966        5.60285        2        -0.032158        -0.149301        0.267844
Te        8.29785        5.26367        2.42524        2        -0.469235        0.314407        -0.087546
Te        11.79561        3.80218        2.34005        2        0.231844        -0.480280        0.062628
Te        8.54517        8.82970        5.79651        2        -0.698515        0.065544        -0.216309
Te        11.86732        0.21466        5.72741        2        -0.272931        -0.783050        0.004308
Te        8.37543        8.82369        2.32409        2        -0.266385        -0.378299        0.743800
Te        11.65140        7.29574        2.09278        2        0.426748        0.016463        0.440683
Te        15.50710        1.78004        5.65636        2        -0.279962        0.057959        -0.751946
Te        18.69548        3.58479        5.60632        2        -0.410297        -0.611509        -0.277713
Te        15.15740        1.75063        1.99316        2        0.496300        0.116945        0.611985
Te        18.99973        10.52377        1.99041        2        -1.421572        0.271328        0.085600
Te        15.44461        5.26573        5.54124        2        -0.362394        0.720498        -0.506674
Te        18.50026        6.98136        5.39337        2        0.666129        0.299582        0.741548
Te        15.36220        5.51917        1.79640        2        -0.421648        -1.212802        0.621664
Te        18.81397        3.32378        2.14435        2        -0.742152        1.071026        -0.448078
Te        15.11256        8.92882        5.59559        2        0.880604        -0.092746        -1.221215
Te        18.79652        10.62709        5.48477        2        -1.490092        -1.406978        1.384731
Te        15.22357        8.89101        2.18753        2        -0.425517        0.733299        -0.759427
Te        18.82181        6.86233        1.91667        2        -0.385785        0.584737        0.895296
