54
Lattice="18.798270284 0.000008540 -0.000615361 -0.000005198 10.639921383 0.000045896 0.042448411 0.000094922 30.000000000" Properties=species:S:1:pos:R:3:tags:I:1:forces:R:3 energy=-319.80831215 stress= -4.20681 -0.62409 -2.80998 -1.40343 0.25064 -0.32154 pbc="T T T"
Mo        2.63748        0.06080        3.79959        1        -0.448012        -0.406008        -0.468130
Mo        5.52469        1.75844        3.98468        1        -0.188124        -0.140693        -0.200443
Mo        2.33460        3.67856        3.74160        1        -0.044026        -0.724444        1.287106
Mo        5.48202        5.38924        4.05977        1        1.018497        0.648313        1.612319
Mo        2.44551        7.07325        3.97909        1        -0.820066        -0.491438        0.691899
Mo        5.55186        9.06421        3.92968        1        -0.188569        -0.965490        -0.112147
Mo        8.61226        0.13100        3.78887        1        -0.555592        -0.280997        1.719681
Mo        11.65116        1.72212        4.00346        1        0.299087        0.905980        -0.938930
Mo        8.58520        3.54818        4.18404        1        -0.604722        1.010089        -0.757934
Mo        11.61645        5.35005        4.01049        1        0.770445        -0.653807        1.999914
Mo        8.65793        7.13553        4.04891        1        -0.088111        0.565178        -0.072755
Mo        11.78190        8.96136        3.86061        1        0.081886        -0.296991        0.459739
Mo        15.22872        10.56752        3.62660        1        -1.285435        0.204530        2.022247
Mo        18.13167        1.52316        3.74586        1        -0.185005        0.825272        -1.840311
Mo        14.86305        3.48323        3.88617        1        -0.220542        -0.313768        0.196292
Mo        18.02434        5.18220        4.05968        1        1.150520        0.933157        -1.511339
Mo        14.92003        6.99485        3.93690        1        -0.780744        0.071286        1.109705
Mo        18.03977        8.79175        3.85201        1        0.607519        -0.784935        -0.000987
Te        1.31891        1.72797        5.41722        2        1.072995        0.499173        1.048346
Te        4.35043        3.54218        5.63002        2        -0.226195        0.088510        0.672208
Te        1.46811        1.82120        1.88156        2        0.078848        -0.336052        0.797608
Te        4.77762        0.02142        1.89971        2        -1.154059        0.433385        0.943615
Te        1.35357        5.37199        5.90047        2        -0.081858        -0.507907        -1.330547
Te        4.48066        7.33396        5.82777        2        0.002412        -0.665838        -0.436491
Te        1.21604        5.35318        2.02246        2        0.055516        0.454971        0.800630
Te        4.59408        3.71861        2.22241        2        -0.710611        -0.945927        -0.626315
Te        1.36775        8.93573        5.71383        2        0.170113        -0.021809        -0.980414
Te        4.46936        0.04913        5.83222        2        -0.078858        0.223123        -0.465784
Te        1.48571        8.75455        2.17993        2        -0.336221        0.721356        -0.254302
Te        4.52316        7.05600        2.31340        2        -0.129569        1.164985        -1.144424
Te        7.58523        1.69150        5.86541        2        -0.291386        0.272497        -0.494906
Te        10.61884        3.52371        6.02026        2        0.478801        0.107159        -1.191327
Te        7.43241        1.99930        2.17654        2        1.317490        -0.117611        -0.140997
Te        10.61903        0.10528        2.06166        2        0.757423        -0.334981        -0.336179
Te        7.55991        5.50838        5.95247        2        -0.077337        -0.817344        -0.519764
Te        10.74705        7.30120        5.82751        2        0.245156        -0.540365        -0.514099
Te        7.49634        5.47744        2.30623        2        0.773661        -1.023079        -0.029013
Te        10.60070        3.53724        2.31996        2        -0.297192        0.165957        -0.317849
Te        7.57242        8.94729        5.69219        2        0.339439        0.563241        0.135741
Te        10.60432        10.63850        5.63140        2        0.027696        -0.330559        0.866133
Te        7.66978        8.91430        2.12299        2        -0.295731        -0.383037        0.065136
Te        10.66440        7.04253        2.23817        2        0.043775        0.715096        -0.710456
Te        13.75980        1.70214        5.59749        2        1.274991        -0.338939        0.139371
Te        17.12024        3.24257        5.53915        2        -1.227331        0.127729        0.960240
Te        13.79390        1.60881        2.08020        2        -0.039525        0.920932        0.186679
Te        17.25568        10.44588        1.84487        2        -0.362007        -0.041896        -0.110510
Te        13.78990        5.19975        5.84128        2        0.208083        0.361482        -1.025449
Te        17.00024        7.01365        5.79799        2        -0.108611        0.078044        -0.576709
Te        13.67374        5.27127        2.24368        2        0.279763        -0.036388        -0.423312
Te        16.93232        3.52005        2.06434        2        0.286342        -0.564279        0.605216
Te        14.03145        9.02552        5.63871        2        -0.262258        -0.606278        -0.848277
Te        17.16789        10.55663        5.62285        2        -0.724350        -0.121990        0.197934
Te        13.91391        8.76103        2.07887        2        0.030323        -0.067727        -0.114256
Te        16.91356        6.81769        2.17853        2        0.469945        0.782855        -0.031001
