54
Lattice="18.429676749 0.000008540 -0.000615361 -0.000005198 12.342308804 0.000045896 0.042448411 0.000094922 30.000000000" Properties=species:S:1:pos:R:3:tags:I:1:forces:R:3 energy=-307.20098634 stress= -9.71813 -19.81161 -0.35300 2.16388 2.11005 -0.16304 pbc="T T T"
Mo        2.40985        0.26314        4.40549        1        0.203247        -0.614072        -1.340288
Mo        5.22022        2.10583        4.34894        1        0.684353        -1.048446        -1.891420
Mo        2.35611        4.23594        4.04906        1        0.604840        0.232893        -0.219580
Mo        5.28170        6.27352        3.88384        1        0.861642        0.368826        1.307892
Mo        2.19770        8.24809        4.32525        1        0.426372        0.021680        -1.009452
Mo        5.44575        10.18735        4.00703        1        -0.208000        -0.722384        0.727741
Mo        8.14344        12.18551        3.98675        1        0.454385        -0.592312        -0.994579
Mo        11.61507        2.17321        3.48718        1        -2.179546        -0.382470        0.925050
Mo        8.38002        4.13682        3.60668        1        -0.132513        0.805818        1.083354
Mo        11.64959        6.11374        3.68926        1        0.425443        0.542470        1.255868
Mo        8.32568        8.08146        3.98230        1        0.709991        0.978414        -1.233515
Mo        11.60490        10.21186        3.58289        1        -0.034318        -0.590524        2.617991
Mo        14.45003        0.20172        3.89171        1        -0.415111        -1.212862        0.478720
Mo        17.84560        2.11089        3.72025        1        -1.046166        0.022986        1.921647
Mo        14.51532        3.78658        3.71887        1        0.134806        1.509734        2.431111
Mo        17.43066        6.25067        4.02391        1        0.584058        -1.263585        1.017608
Mo        14.72240        8.07444        3.79018        1        -0.520579        0.889032        0.211981
Mo        17.55947        10.24878        3.85959        1        0.700776        0.750793        0.977327
Te        1.31020        2.43022        5.83532        2        -0.167715        -0.724375        -0.487058
Te        4.54972        4.25835        5.65298        2        -0.691651        0.855536        0.981327
Te        1.65019        2.17521        2.35599        2        0.512345        -0.276669        -0.275529
Te        4.78222        12.15222        2.49790        2        -2.131609        1.793392        -0.033292
Te        1.16358        6.01932        5.95361        2        -0.262058        0.557443        -0.910384
Te        4.43257        8.38450        5.78980        2        -0.074910        -1.029652        0.468012
Te        1.27696        6.29748        2.57356        2        0.221184        -0.326391        -0.503570
Te        4.73843        4.27027        2.18904        2        -2.081495        -0.585244        0.668469
Te        1.31244        10.33328        5.80437        2        -0.929376        0.542132        0.418589
Te        4.43265        12.21593        6.05550        2        0.690228        0.335926        -0.380076
Te        1.61817        10.58555        2.64023        2        -0.824514        -0.426180        -0.427314
Te        4.13349        8.32285        2.36386        2        0.131879        -0.184369        0.196495
Te        7.61976        2.05491        5.50699        2        -0.043926        0.435177        0.988015
Te        10.52862        4.26682        5.40421        2        0.061275        -0.667892        -0.774218
Te        7.05276        2.07055        2.34274        2        0.938943        -0.303147        -0.459416
Te        10.42806        12.04035        2.19650        2        -0.802650        1.835387        -1.021156
Te        7.60106        6.00651        5.63692        2        -0.649327        0.252315        -0.831245
Te        10.57432        8.23189        5.44692        2        0.717425        -0.343960        -0.093569
Te        7.24877        6.42346        2.11741        2        0.781872        -0.634165        -0.322029
Te        10.54052        4.30070        1.99441        2        -0.014662        -0.535290        -0.851063
Te        7.47786        10.00400        5.73720        2        0.402474        0.646129        -0.177621
Te        10.45393        0.14744        5.37087        2        0.362715        -0.644875        -0.255065
Te        7.28965        10.20479        1.97037        2        0.663716        -0.404323        1.299316
Te        10.75092        8.14180        2.11449        2        -1.156141        -0.273030        -0.526254
Te        13.11575        1.92598        5.57387        2        1.927088        0.497184        0.246694
Te        16.43314        3.63429        5.56410        2        0.599245        0.824358        -0.134842
Te        13.72826        2.14453        1.93275        2        -0.519100        -1.586056        -1.440071
Te        16.52302        0.20304        2.28304        2        1.283858        -0.805337        -1.019966
Te        13.65642        5.97615        5.56899        2        0.146189        0.138648        -0.808804
Te        16.54333        8.32791        5.67055        2        0.682914        -0.232281        0.130751
Te        14.03142        6.03171        2.19397        2        -1.301053        -0.088983        -0.801951
Te        16.65960        4.12934        2.09767        2        1.046619        -0.293030        0.281567
Te        13.63178        10.07413        5.47106        2        -0.219189        0.809954        -0.474479
Te        16.81466        12.30269        5.61869        2        -0.815097        0.669004        -0.748071
Te        13.66480        10.27880        1.99196        2        0.954424        -0.019164        0.186473
Te        16.95430        8.15303        2.16926        2        -0.753451        0.494795        -0.387061
