54
Lattice="18.429676749 0.000008540 -0.000615361 -0.000005198 11.065518238 0.000045896 0.042448411 0.000094922 30.000000000" Properties=species:S:1:pos:R:3:tags:I:1:forces:R:3 energy=-321.47001897 stress= -2.43548 -9.31210 -1.03941 0.99726 -0.71193 0.20348 pbc="T T T"
Mo        2.35998        10.93300        4.00550        1        -0.490066        0.991592        0.130969
Mo        5.39137        1.84254        3.87903        1        -0.557810        -0.542097        0.609212
Mo        2.33963        3.62115        3.88591        1        -0.607179        0.016279        0.351964
Mo        5.51885        5.47776        3.85215        1        -0.049961        0.310491        0.137691
Mo        2.38194        7.28874        3.96158        1        -0.351352        -0.075212        0.946100
Mo        5.39053        9.28769        3.92834        1        -0.104605        -0.291276        0.146489
Mo        8.58818        0.08005        3.96689        1        -0.905145        0.134063        -0.037944
Mo        11.45923        1.91067        3.92004        1        0.976917        0.928011        0.558162
Mo        8.46551        3.80077        3.79691        1        0.834002        -0.499057        1.621847
Mo        11.47330        5.50025        3.79651        1        0.948807        0.774236        1.274093
Mo        8.40331        7.31871        3.91132        1        0.560777        1.285309        0.184502
Mo        11.58126        9.40574        3.95460        1        -0.298743        -0.098758        -0.049450
Mo        14.58712        0.03472        3.95100        1        -0.134499        -0.590646        -0.212988
Mo        17.61940        1.73567        3.89318        1        0.396771        -0.084267        -0.001857
Mo        14.56353        3.66860        3.93787        1        -0.106799        -0.308304        -0.244181
Mo        17.55152        5.48716        3.96666        1        0.134384        -0.069417        -0.161347
Mo        14.67926        7.43939        3.92049        1        -0.700109        0.135709        0.445423
Mo        17.71923        9.16364        3.97755        1        -0.181630        -0.888741        0.088354
Te        1.26138        1.82148        5.69917        2        0.364183        -0.377566        -0.255597
Te        4.37658        3.75510        5.65986        2        0.294324        -0.432394        -0.097678
Te        1.23540        1.75026        2.14172        2        0.600082        -0.198652        0.256576
Te        4.25312        11.04287        2.09660        2        0.767860        0.053237        0.322981
Te        1.19686        5.41044        5.69968        2        0.687965        0.225862        -0.073091
Te        4.62852        7.35098        5.72080        2        -1.003283        -0.174176        -0.511707
Te        1.23993        5.47975        2.22778        2        0.100877        0.082376        -0.311233
Te        4.41408        3.61390        2.12628        2        -0.179791        0.479452        -0.462842
Te        1.33006        9.09617        5.79441        2        0.375412        0.023723        -0.160562
Te        4.47455        11.06133        5.77577        2        -0.443712        0.139584        -0.366652
Te        1.37053        9.13467        2.23407        2        -0.083641        -0.115260        -0.287944
Te        4.38009        7.31188        2.17475        2        0.469091        0.319050        -0.184242
Te        7.37526        1.81837        5.72446        2        0.717081        0.729849        -0.587298
Te        10.51596        3.85282        5.73777        2        -0.391056        -0.675504        -0.782713
Te        7.45013        1.96236        2.11663        2        0.204682        -0.791384        0.062885
Te        10.55918        0.21020        2.15109        2        -0.253322        -1.106834        -0.625537
Te        7.51376        5.57441        5.68940        2        -0.190268        -0.717737        0.237347
Te        10.61017        7.42843        5.66020        2        -0.527084        -0.103787        -0.335701
Te        7.61906        5.57265        2.01700        2        -1.042472        0.198330        -0.360806
Te        10.57948        3.74248        1.98538        2        -0.406190        -0.338370        0.361286
Te        7.52808        9.22467        5.68834        2        -0.114546        0.228253        -0.071954
Te        10.57390        0.15326        5.81222        2        -0.181105        -0.340064        -0.247013
Te        7.43518        9.35086        2.23601        2        0.437743        -0.335305        -0.582372
Te        10.51818        7.52103        2.27437        2        0.108956        0.037769        -1.060047
Te        13.53178        1.79926        5.76117        2        0.126134        0.595124        -0.492323
Te        16.67092        3.50264        5.67093        2        -0.563345        0.659347        0.399861
Te        13.57762        1.82924        2.08143        2        -0.060985        0.322455        0.790602
Te        16.64966        10.89954        2.17384        2        0.095178        0.523062        -0.261282
Te        13.55137        5.56780        5.64561        2        0.068167        -0.133264        -0.214731
Te        16.64401        7.34888        5.85038        2        0.129361        -0.048356        -0.776155
Te        13.62143        5.66336        2.14577        2        0.076148        -0.687238        -0.115887
Te        16.59905        3.58774        2.14887        2        0.075597        0.338374        -0.030811
Te        13.59531        9.19552        5.71805        2        0.272800        0.442698        0.131550
Te        16.66638        10.95770        5.66696        2        -0.057737        0.474565        0.686701
Te        13.63603        9.31409        2.12288        2        -0.256291        -0.253146        0.252242
Te        16.67070        7.38533        2.14836        2        0.423283        -0.173505        -0.021221
