54
Lattice="19.166863819 0.000008540 -0.000615361 -0.000005198 10.639921383 0.000045896 0.042448411 0.000094922 30.000000000" Properties=species:S:1:pos:R:3:tags:I:1:forces:R:3 energy=-319.21357863 stress= -11.14560 -4.18538 -8.36925 -4.03782 -0.01357 0.64080 pbc="T T T"
Mo        2.49805        10.55025        3.87553        1        -1.384413        0.157044        -0.406211
Mo        5.70398        1.74126        3.93132        1        -0.027087        0.045738        -0.044401
Mo        2.40549        3.41354        3.84096        1        0.130819        -0.723982        0.636563
Mo        5.34533        5.39236        4.16652        1        0.773178        -0.791040        -1.481595
Mo        2.43157        6.96087        3.97576        1        -0.353825        0.527394        0.537048
Mo        5.63686        8.76872        3.93326        1        -0.580466        -0.031759        0.188880
Mo        8.75698        0.12142        3.93235        1        1.110496        -0.002716        -1.152880
Mo        11.97420        1.94619        3.87081        1        0.032187        -0.067308        0.105318
Mo        8.86096        3.68324        3.94415        1        -0.286451        1.135461        -0.957201
Mo        12.05192        5.30586        4.05819        1        -0.027977        1.557721        -0.711493
Mo        8.84345        7.19575        4.05276        1        0.341377        0.460774        -0.065326
Mo        12.20544        9.07490        3.94229        1        -0.965498        0.225239        -0.001876
Mo        15.36274        0.00202        3.86272        1        -0.887975        -0.731069        -0.622714
Mo        18.53106        1.47806        3.74537        1        0.159684        0.203257        0.806931
Mo        15.35485        3.51730        3.78909        1        -0.691268        0.798805        0.113159
Mo        18.34539        5.27995        4.09891        1        0.795779        -0.440009        -1.227508
Mo        15.07532        7.08495        3.98192        1        1.456816        1.302957        -0.955282
Mo        18.38708        8.67727        3.93087        1        -1.161231        0.695925        -0.820737
Te        1.29561        1.67667        5.73265        2        0.383266        -0.182920        -1.158041
Te        4.43742        3.26842        5.80637        2        0.157232        1.124626        -0.601656
Te        1.49488        1.59886        1.93465        2        -0.145437        -0.013898        0.742338
Te        4.62331        10.53590        2.13353        2        0.156164        0.094348        0.165598
Te        1.41759        5.20214        5.72298        2        -0.387847        -0.302309        0.165150
Te        4.38343        7.22959        5.96795        2        0.394069        -0.517784        -1.000016
Te        1.20309        5.17332        2.18037        2        0.381924        0.420178        0.273354
Te        4.62048        3.44819        2.11619        2        -0.388097        0.713957        0.942175
Te        1.29018        8.87464        5.70227        2        0.356298        -0.521988        -0.294986
Te        4.44415        10.61562        5.67437        2        1.126217        -0.267955        0.036572
Te        1.27582        8.57209        2.18810        2        0.419886        0.961382        -0.206174
Te        4.33338        6.99436        2.10697        2        1.092735        0.034231        0.719286
Te        7.95283        2.00807        5.66060        2        -1.620885        -1.285900        0.976510
Te        10.84932        3.65948        5.82646        2        0.727500        -0.069268        -0.345991
Te        7.74868        1.97947        2.05657        2        0.258581        -0.516988        0.721047
Te        10.99196        0.15510        2.05486        2        -0.347177        -0.173277        0.957418
Te        7.59509        5.38336        5.80434        2        0.292203        0.324275        -0.485794
Te        11.14568        7.36544        5.82944        2        -0.580473        -0.786058        -0.842552
Te        7.63698        5.54053        2.24957        2        -0.425896        -0.623779        0.901462
Te        10.88684        3.85682        2.14485        2        0.279798        -1.029599        -0.108212
Te        7.73254        9.04287        5.72315        2        -0.106720        -0.439511        0.178102
Te        10.89895        0.22080        5.77666        2        0.357982        -0.339152        -1.169119
Te        7.79964        8.83093        2.11992        2        -0.157662        0.505340        0.730462
Te        10.98666        7.21173        2.20416        2        0.198727        0.010259        1.136112
Te        14.21503        1.85416        5.50876        2        -0.445514        -0.123297        0.505797
Te        17.38797        3.33879        5.65715        2        -0.000456        -0.208612        -0.095995
Te        14.23748        1.68851        2.04482        2        -0.422407        0.864877        0.311435
Te        17.30267        10.37627        1.85024        2        0.691353        0.207008        1.436464
Te        14.20752        5.39482        5.70825        2        -0.213521        -1.507498        0.549728
Te        17.35837        7.09824        5.87603        2        -0.756045        -0.340742        -0.634427
Te        14.09532        5.33526        2.04726        2        -0.059768        -0.219167        1.067007
Te        17.57366        3.37858        2.20285        2        -0.750189        0.657872        -0.655227
Te        14.19803        9.08741        5.84790        2        0.190045        -0.560643        -0.997210
Te        17.32799        10.59258        5.62567        2        0.744898        -0.457363        0.277505
Te        14.18553        8.92239        2.06291        2        -0.039463        -0.355975        0.657689
Te        17.17968        6.83264        2.10796        2        0.227271        0.589396        1.209828
