54
Lattice="19.940895089 0.000456147 -0.025753600 -0.000245476 10.309403738 0.000007040 0.013560576 0.000001770 30.000000000" Properties=species:S:1:pos:R:3:tags:I:1:forces:R:3 energy=-318.49366006 stress= -9.23627 -3.39423 0.36332 -0.46144 1.52909 -0.14511 pbc="T T T"
Mo        2.25632        10.30018        3.85910        1        -1.078355        0.622507        0.928067
Mo        4.68681        1.68769        3.99574        1        -0.637106        0.063197        -0.230838
Mo        2.30626        3.63203        3.79834        1        -1.239099        -1.104810        -0.323734
Mo        4.53038        5.35012        4.00903        1        1.185001        -0.145124        0.654720
Mo        2.07924        6.90450        3.79555        1        0.493403        -0.112118        1.458512
Mo        4.57736        8.69848        3.91985        1        0.670160        -0.139749        1.016263
Mo        8.84881        10.25641        3.75463        1        0.755247        -0.378742        0.051448
Mo        11.30103        1.65823        4.02265        1        0.893644        -1.248348        -1.369315
Mo        8.87969        3.50885        3.80481        1        -0.569126        -0.353592        0.086915
Mo        11.30811        4.96579        3.76992        1        0.071975        0.951408        1.350656
Mo        8.87854        6.92845        3.80618        1        -1.170499        0.481226        -1.397822
Mo        11.35081        8.62506        3.96988        1        0.201001        -0.446312        0.543120
Mo        15.57203        10.19719        3.95828        1        -0.048973        0.320712        -0.245812
Mo        17.90461        1.89276        3.96205        1        1.046395        -1.011551        1.006773
Mo        15.50277        3.35076        3.87827        1        0.810136        0.176179        0.907366
Mo        18.09063        5.29305        4.09807        1        -1.611221        -0.232412        -0.435220
Mo        15.61062        6.85538        3.80863        1        -0.297160        -0.570823        0.572200
Mo        18.01484        8.59460        4.05541        1        -0.734514        0.453084        -0.202623
Te        0.58849        1.90284        5.37012        2        -0.023469        -0.291529        -0.148296
Te        3.90103        3.58065        5.87982        2        0.565205        -0.588260        0.589109
Te        6.31779        10.17282        2.31419        2        -0.086026        0.482155        0.196565
Te        2.83863        1.68390        1.87429        2        0.415060        0.707159        0.533481
Te        0.53660        5.25724        5.62936        2        0.409075        -0.019265        -1.003182
Te        3.70217        7.13985        5.89676        2        0.539444        -1.247672        0.323867
Te        6.22644        3.23700        2.38108        2        0.504648        1.046583        0.303540
Te        3.03430        5.28824        1.84334        2        -0.552551        -0.272425        -0.519827
Te        0.50668        8.65773        5.53282        2        0.420588        0.011429        -0.598931
Te        3.99182        10.29737        5.99516        2        -0.101441        0.759079        -0.212733
Te        6.25904        6.92785        2.55686        2        0.276502        -0.390665        -0.763872
Te        2.80666        8.57329        1.98254        2        0.154981        0.672532        -2.205865
Te        7.26314        1.52608        5.29362        2        -0.496661        0.924001        0.335042
Te        10.68401        3.28280        5.84212        2        -0.627707        1.611849        1.186224
Te        13.11408        10.09316        2.47615        2        -0.268421        0.634176        0.040846
Te        9.65171        1.76521        1.93388        2        -0.193590        -0.203469        -0.770352
Te        7.27469        5.20106        5.45555        2        -0.312690        -0.261487        -0.509949
Te        10.50904        6.75433        5.71840        2        1.283641        -0.191838        1.373238
Te        13.06239        3.33449        2.61901        2        -0.119229        -1.025758        -1.543128
Te        9.51159        5.24733        1.82298        2        -0.349429        -0.456957        -0.537190
Te        7.10339        8.58775        5.40702        2        0.462229        -0.035348        -0.395376
Te        10.53737        0.00778        5.94424        2        -0.147008        -0.879406        -0.145176
Te        13.13675        6.73049        2.24886        2        -0.544796        0.491134        0.733450
Te        9.84423        8.58480        1.80430        2        -0.863629        0.100405        0.151534
Te        13.89936        1.52954        5.42362        2        -0.122487        0.379756        0.073908
Te        17.31539        3.50392        6.04683        2        -0.365858        0.166234        -0.637518
Te        19.58376        0.05313        2.40132        2        0.083372        0.011709        0.507730
Te        16.15949        1.67692        1.93343        2        -0.027526        -0.511088        -0.183264
Te        13.69639        4.96409        5.19920        2        0.721914        1.088396        0.735264
Te        17.17183        7.03229        6.11410        2        0.172803        -0.674597        -1.071162
Te        19.59039        3.48213        2.49167        2        0.257120        0.682462        -0.158873
Te        16.26965        5.00416        1.86704        2        0.359342        0.767647        0.856146
Te        13.84677        8.44366        5.51244        2        0.283306        -0.092589        -0.711800
Te        17.44763        0.05704        6.00125        2        -0.347541        0.502861        -0.395932
Te        19.62094        7.04329        2.40353        2        -0.479597        -0.820630        0.135401
Te        16.24890        8.61755        1.91137        2        0.373423        -0.425522        0.092680
