54
Lattice="19.174335959 0.000456436 -0.025753600 -0.000245188 11.952133320 0.000007040 0.013560858 0.000001769 30.000000000" Properties=species:S:1:pos:R:3:tags:I:1:forces:R:3 energy=-309.44212791 stress= -6.76019 -10.94913 0.74718 -1.23473 -1.75033 1.23596 pbc="T T T"
Mo        2.03932        0.17866        4.24709        1        -0.526033        0.235380        -3.037041
Mo        4.38090        1.92691        3.87833        1        0.829393        -0.369333        -1.008000
Mo        2.14160        3.63375        3.96064        1        -1.302815        -0.016663        -0.505947
Mo        4.89248        6.96634        3.77157        1        -0.266624        -1.519626        0.314771
Mo        2.32346        8.16475        3.86524        1        0.512044        0.823522        0.948333
Mo        4.77730        10.21915        4.14122        1        -0.939298        -0.660715        -2.042335
Mo        8.80919        11.88560        3.60726        1        0.546284        0.658109        -0.439754
Mo        10.89423        2.34998        3.90562        1        0.007740        -1.304121        -1.514671
Mo        8.45238        3.97707        3.72092        1        0.530202        1.297600        -0.976594
Mo        10.70362        6.02332        3.72599        1        1.613558        0.217492        1.966268
Mo        8.35270        7.65528        3.83174        1        0.445947        -0.228489        0.039428
Mo        10.64559        9.71992        4.20014        1        0.436696        0.233579        -1.063163
Mo        14.74888        11.27760        3.82804        1        2.019873        2.068442        -1.309911
Mo        17.01490        1.72751        4.25764        1        -1.795087        1.233945        0.174256
Mo        15.16981        3.92544        3.67819        1        -0.093289        -0.058864        -0.664278
Mo        17.23864        6.08209        4.10592        1        -1.623950        0.579947        -0.275198
Mo        14.98443        8.04183        3.75216        1        -0.516558        0.076134        1.013368
Mo        17.25312        9.51374        3.98928        1        0.008028        1.820565        -0.820311
Te        0.46827        2.08367        5.35785        2        -0.761205        -0.166529        0.250562
Te        3.73520        3.49868        5.91482        2        0.670689        0.650993        0.379088
Te        6.27098        0.18250        2.24386        2        -0.738968        -0.424432        1.002396
Te        2.39358        1.89338        1.94444        2        0.539102        -0.185417        0.686083
Te        0.78331        5.95824        4.93871        2        -0.008988        -0.128130        0.549982
Te        4.09627        8.30173        5.94702        2        -0.051793        0.359870        -0.240162
Te        5.86702        4.36645        2.84871        2        -0.803691        -0.437912        0.018767
Te        2.70459        6.16061        2.28918        2        0.996183        -1.033860        -0.078432
Te        0.82700        9.96472        5.45794        2        -0.727116        -0.375187        0.244293
Te        4.03684        0.14825        5.79326        2        0.840864        -0.134541        2.634660
Te        6.15144        8.27918        2.04028        2        -0.046902        0.728419        0.244205
Te        2.68513        10.18974        2.28289        2        0.455747        0.741412        -0.389985
Te        7.07884        1.90860        4.75862        2        0.156401        -0.085869        0.306957
Te        10.21115        3.95301        5.68866        2        -0.310609        2.018306        1.755080
Te        12.16982        11.88410        2.89523        2        -0.360515        -0.204261        -0.492518
Te        9.32418        2.12070        1.70263        2        -0.361429        -0.116817        1.051926
Te        6.96581        6.08729        5.65771        2        -0.034184        0.183047        -1.355017
Te        10.22975        7.71700        5.88614        2        -0.193345        -0.366306        -0.271521
Te        12.47358        4.06889        2.76770        2        0.994754        -0.098361        -1.188595
Te        9.10178        5.85365        1.73148        2        -1.097606        0.170829        0.100149
Te        7.26661        10.13124        5.32880        2        0.688963        -0.231756        -0.719231
Te        10.48733        0.44732        5.68464        2        -0.542150        -1.592721        0.628198
Te        12.55471        8.00153        2.32308        2        -1.671985        0.215088        0.799332
Te        9.14540        9.74068        1.93231        2        0.287200        0.015793        0.870661
Te        13.85667        1.93806        5.39260        2        0.073766        -0.236683        -0.960909
Te        16.49803        4.12128        5.92727        2        0.616680        -0.408496        0.064891
Te        18.57116        11.92237        3.08893        2        0.594982        -0.754078        -0.816966
Te        15.29166        1.55755        2.07120        2        0.601250        0.203514        0.645263
Te        13.48083        5.95344        4.90792        2        -0.218870        0.046205        0.750683
Te        16.66547        8.02532        5.90661        2        -0.655151        -1.448064        1.967233
Te        18.23126        3.98183        2.65041        2        -0.248355        -1.048115        0.287495
Te        15.39461        6.11630        1.92859        2        1.011552        -0.717071        0.050731
Te        13.46517        9.87226        5.44873        2        -1.767624        -1.713959        0.869224
Te        16.49774        11.52670        5.84135        2        0.213557        -0.156352        0.427007
Te        18.69928        7.75739        2.68318        2        1.579196        0.749935        -1.399777
Te        15.53839        9.64434        1.72934        2        0.415175        0.891143        0.525674
