54
Lattice="19.535457354 0.000008540 -0.000615361 -0.000005198 11.278316666 0.000045896 0.042448411 0.000094922 30.000000000" Properties=species:S:1:pos:R:3:tags:I:1:forces:R:3 energy=-314.13662042 stress= -13.80607 -15.46229 -2.34246 0.60321 -0.18841 -0.13390 pbc="T T T"
Mo        2.34271        11.15394        3.87039        1        0.430742        0.892817        0.811705
Mo        5.76452        2.07890        3.90261        1        -0.816740        -0.296187        0.253419
Mo        2.46502        3.42728        4.30044        1        0.645734        1.572414        -1.279261
Mo        5.63449        5.79091        4.10906        1        0.780881        -0.512215        -1.288008
Mo        2.15835        7.51381        4.02736        1        0.649389        0.181735        -0.342115
Mo        5.51961        9.61634        3.63117        1        -0.074773        -0.357180        1.063554
Mo        9.05755        11.12546        3.85295        1        -0.952037        0.366419        -0.170129
Mo        12.49712        1.56094        3.79266        1        -0.425278        0.582822        1.182195
Mo        9.11623        3.63558        4.04881        1        -1.059610        0.036609        -0.068311
Mo        12.01749        5.61734        3.96189        1        1.372337        -0.559431        -0.796568
Mo        8.80471        7.40122        4.05136        1        0.459514        0.172601        -0.713294
Mo        12.16698        9.32040        3.84020        1        -0.049559        0.035322        -0.952635
Mo        15.73831        0.02283        3.73059        1        -0.767073        0.890120        -0.237290
Mo        19.08359        1.91638        4.22769        1        -1.041764        -0.020921        -1.663622
Mo        15.75858        3.93586        3.77393        1        -0.788317        -0.107175        0.616872
Mo        18.79402        5.65383        4.13327        1        -0.396177        -0.805742        -1.211811
Mo        15.51769        7.83279        3.56879        1        0.004502        -1.066471        0.955261
Mo        18.75351        9.45153        3.95698        1        0.732463        -0.576229        0.160372
Te        1.57829        1.55336        5.95649        2        -0.340645        0.093996        0.287559
Te        4.90064        3.93616        5.81768        2        -0.964612        -1.076025        0.379974
Te        1.52831        1.83863        2.14397        2        -0.704920        0.243376        1.314749
Te        4.39786        0.47118        2.10314        2        1.094396        -1.295747        0.146388
Te        1.27044        5.47175        5.94698        2        0.624101        0.324698        -0.295731
Te        4.38207        7.69774        5.51234        2        0.569930        0.810271        0.807286
Te        1.40658        5.41070        2.52074        2        -0.038179        -0.038417        -0.419960
Te        4.39771        3.94809        2.33000        2        0.864127        -0.114861        0.560318
Te        1.23783        9.44699        5.77105        2        0.026258        -0.451866        -0.187948
Te        4.58342        0.10252        5.66263        2        0.220364        -0.127305        -1.285074
Te        1.28491        9.36710        2.07887        2        -0.097815        -0.419352        0.742380
Te        4.39415        7.50733        2.21662        2        -0.130917        0.172040        0.077207
Te        7.80738        1.65364        5.62739        2        1.064176        0.492552        0.110069
Te        11.40837        3.40486        5.59342        2        -0.167282        0.386312        0.403790
Te        7.97264        1.94405        2.20845        2        0.109237        -0.415515        0.137935
Te        11.17200        11.13817        2.05718        2        -0.181503        0.014155        0.037242
Te        7.95447        5.61020        5.96884        2        -0.204116        -0.170422        -1.201245
Te        11.11996        7.43299        5.61733        2        -0.739022        0.762947        0.675875
Te        7.78437        5.49498        2.26841        2        0.275246        0.113986        1.012580
Te        11.30720        3.53253        2.31901        2        -0.625673        0.204710        -0.848065
Te        7.55470        9.45765        5.52819        2        0.648245        -0.393683        -0.168947
Te        11.15837        11.11795        5.63839        2        0.172463        0.005094        -0.295636
Te        7.81648        9.14453        2.11493        2        -0.038731        0.748872        0.267143
Te        10.94270        7.41876        2.12492        2        -0.145078        -0.115667        0.623365
Te        14.88576        1.92841        5.46722        2        -1.153680        0.069920        0.060061
Te        17.71753        3.80392        5.76028        2        -0.142615        -0.003383        0.297201
Te        14.58258        2.05979        2.11894        2        0.667009        -0.505767        -0.593818
Te        18.02128        0.09473        2.31155        2        -0.372119        0.617186        -0.587002
Te        14.32445        5.96098        5.40932        2        0.745812        -0.285547        0.193659
Te        17.59453        7.54278        5.58529        2        -0.692623        0.813225        0.198734
Te        14.29980        5.81786        2.22563        2        -0.104508        -0.347879        -0.787203
Te        18.02193        3.70465        2.27217        2        -0.271108        0.306140        0.337391
Te        14.40583        9.54320        5.32068        2        0.328833        -0.012412        1.005873
Te        17.64617        0.14125        5.80180        2        0.442676        -0.849309        -0.556672
Te        14.28942        9.64029        1.83870        2        0.492188        -0.336211        0.876593
Te        17.82131        7.45938        2.13167        2        0.056700        0.344862        0.336368
