54
Lattice="20.272644424 0.000008540 -0.000615361 -0.000005198 10.639921383 0.000045896 0.042448411 0.000094922 30.000000000" Properties=species:S:1:pos:R:3:tags:I:1:forces:R:3 energy=-312.62169465 stress= -15.90294 -3.66638 0.51235 -2.17084 0.59633 0.53530 pbc="T T T"
Mo        2.74783        10.45375        4.15736        1        -2.020970        1.813987        -2.903677
Mo        5.95204        1.48712        4.32480        1        0.755142        0.191367        -0.934075
Mo        2.93756        3.59894        3.98086        1        -1.298397        -0.316105        0.299024
Mo        6.06991        5.14085        4.27577        1        0.339665        -1.425201        0.773726
Mo        2.71711        7.12924        4.22504        1        1.001481        0.031901        -1.922809
Mo        5.82229        8.69742        4.21197        1        -0.012250        0.665810        -0.137922
Mo        9.24984        10.50765        3.90705        1        -0.173916        1.872129        -2.211247
Mo        12.79261        1.89058        3.86965        1        -1.448583        -0.025426        -0.300177
Mo        9.45708        3.44628        3.88900        1        -0.533881        -0.016312        1.448369
Mo        12.69316        5.38080        3.55562        1        0.497987        0.077464        1.626352
Mo        9.33732        7.22605        3.72362        1        0.588707        -2.318070        1.942206
Mo        12.63479        9.14003        3.80657        1        0.379859        -1.898452        -1.847402
Mo        16.12729        0.26307        3.86213        1        -0.054370        -0.283382        -0.492636
Mo        19.64029        1.76357        3.83108        1        -1.019286        0.324151        -0.463882
Mo        16.01361        3.86342        3.74171        1        0.058092        -0.493429        -0.106053
Mo        19.53941        5.11804        3.91897        1        -0.615366        1.307754        -0.887968
Mo        16.05698        7.12790        3.87020        1        -0.201801        1.274509        -0.234269
Mo        19.37393        8.78770        3.77293        1        0.328876        0.266212        -0.352027
Te        1.49723        1.95014        5.60457        2        0.001695        -0.767224        -0.125674
Te        4.84402        3.12153        6.09588        2        -0.009955        1.937796        -0.463752
Te        1.86898        1.72319        2.02161        2        -0.429768        0.068896        1.875279
Te        4.93649        10.57694        2.39410        2        -0.656716        -1.222358        -0.000878
Te        1.39986        5.50139        5.69238        2        -0.107075        -1.921332        0.960060
Te        4.95651        6.90112        6.11309        2        -0.451744        0.044773        -0.670058
Te        1.65976        5.42778        2.33645        2        -0.003264        -0.618257        0.061185
Te        5.15240        3.17108        2.51634        2        -0.621202        1.883911        -0.785763
Te        1.25411        8.80847        5.66243        2        -0.409603        0.536523        0.839292
Te        4.53916        10.59977        5.95979        2        1.319385        -1.726320        1.637443
Te        1.55453        8.74179        2.23588        2        -0.038020        0.303109        0.588769
Te        5.06655        6.79115        2.47327        2        -1.371490        0.465790        -0.207642
Te        8.23036        1.62098        5.70783        2        0.889172        0.253274        0.848077
Te        11.66310        3.72237        5.61577        2        0.337948        -0.462619        -0.690416
Te        8.03203        1.74818        2.35363        2        0.153481        -0.734022        -0.465572
Te        11.23016        0.20317        1.91381        2        1.134341        -0.662898        1.041593
Te        8.43645        5.05809        5.83232        2        -0.181728        1.268878        -0.649091
Te        11.51377        7.10564        5.43112        2        0.576475        0.604066        -0.281378
Te        8.14560        5.24666        2.36487        2        -0.205293        -0.044185        -0.730471
Te        11.40716        3.44953        2.06964        2        0.950220        0.611583        -0.521634
Te        8.17731        8.87086        5.51138        2        -0.295208        -1.481023        2.742642
Te        11.43840        0.03749        5.40243        2        0.177706        1.229301        2.253202
Te        7.80640        8.73566        2.29372        2        0.136483        1.016096        -1.488315
Te        11.55245        7.25329        2.01381        2        -0.233955        0.510854        -0.417900
Te        15.08734        2.15849        5.53222        2        -0.944999        -0.966857        0.588314
Te        18.07255        3.64459        5.59106        2        1.063476        -0.790250        -0.076546
Te        14.82107        1.95850        2.12322        2        0.603500        0.027423        -0.486163
Te        18.27037        0.07735        2.02937        2        0.548984        -0.466955        0.567621
Te        14.74767        5.50964        5.56694        2        0.032476        0.175515        -0.494495
Te        18.25972        7.06615        5.56779        2        0.130057        -0.231856        -0.251087
Te        15.10972        5.61321        1.86325        2        -1.166679        -0.479654        0.200731
Te        18.13670        3.41211        2.05602        2        1.338962        0.318175        0.425665
Te        14.76492        9.24117        5.59944        2        0.599426        -0.822762        -0.483452
Te        18.38022        0.10064        5.56849        2        -0.005693        -0.439643        -0.266039
Te        14.93029        9.00305        2.10914        2        0.121823        0.512876        0.617534
Te        18.27550        6.77125        2.04025        2        0.496615        1.039888        1.007452
