54
Lattice="19.557416337 0.000456147 -0.025753600 -0.000245476 10.515591813 0.000007040 0.013560576 0.000001770 30.000000000" Properties=species:S:1:pos:R:3:tags:I:1:forces:R:3 energy=-315.33782406 stress= -5.36430 -3.58016 -3.90354 1.61379 -1.12986 -0.79974 pbc="T T T"
Mo        2.28956        0.08395        3.89084        1        0.121599        -1.079287        1.641711
Mo        4.81215        1.64266        3.84359        1        -1.899167        -0.186091        1.517639
Mo        2.03453        3.48723        3.84760        1        1.106413        -0.976130        -2.345948
Mo        4.50545        4.98647        4.04315        1        0.293759        1.675133        -0.207707
Mo        2.32838        6.61056        3.92491        1        0.008958        0.376469        -1.792934
Mo        4.45966        8.78532        4.28049        1        0.811920        -0.646822        0.352093
Mo        8.55946        10.46445        3.99237        1        0.337113        0.437250        -0.499865
Mo        10.89228        1.90801        3.97851        1        -0.343636        -0.936423        -0.007367
Mo        8.55367        3.41671        3.79950        1        1.551156        0.312544        0.901515
Mo        10.92806        5.43640        3.97337        1        0.214057        0.138727        0.071058
Mo        8.62151        6.96314        4.01374        1        -0.159064        0.484028        -0.395656
Mo        10.94472        9.09904        4.13775        1        -0.583826        -1.290831        -0.523728
Mo        15.26323        0.04231        3.54162        1        0.472538        0.056564        -0.043462
Mo        17.63837        1.67897        3.71039        1        0.031519        0.458034        0.402665
Mo        15.25089        3.47233        3.67123        1        -0.478007        -1.092298        -0.167075
Mo        17.53880        5.28719        3.98314        1        0.261642        -0.162564        1.564619
Mo        15.37197        7.39876        3.84671        1        -0.710906        0.324142        -0.178636
Mo        17.94975        8.59862        3.81179        1        -1.085252        0.689156        1.789931
Te        0.61645        1.60757        5.44142        2        -0.208291        0.272684        -0.588029
Te        3.81872        3.29940        5.78027        2        -0.088385        -0.630694        1.905027
Te        6.18399        10.29128        2.57240        2        -0.107454        0.153999        -0.356999
Te        2.84285        1.48217        1.91448        2        0.643179        1.857990        -1.385794
Te        0.65593        5.12932        5.36517        2        -1.252332        0.048550        0.878377
Te        3.89518        6.82259        6.06441        2        0.353353        -0.141366        0.272981
Te        6.16296        3.64111        2.51474        2        -0.208324        -1.194610        -1.363879
Te        3.05907        5.09352        1.59293        2        -0.452608        -0.257159        2.142837
Te        0.85900        8.53897        5.36509        2        -0.506899        0.649652        -0.201044
Te        4.21845        0.06026        6.14575        2        -0.744499        0.394933        -0.571043
Te        6.05385        7.08506        2.71249        2        0.498326        -0.559967        0.187866
Te        3.05323        8.46444        2.12199        2        -0.675915        0.954647        -0.561135
Te        7.07717        1.73729        5.62368        2        -0.148948        0.020907        -0.748063
Te        10.26113        3.73681        5.94481        2        0.341224        -0.580473        -0.405081
Te        12.50668        0.11610        2.45928        2        0.186388        0.153270        -0.711243
Te        9.21278        1.68970        1.74294        2        -0.051494        -0.047422        1.398986
Te        7.14133        4.91790        5.65340        2        -0.864700        1.085499        -0.679782
Te        10.38854        7.10615        6.09086        2        0.354053        0.464017        -0.677346
Te        12.33424        3.64062        2.53051        2        1.346461        0.274320        -0.788743
Te        9.03581        5.24164        1.91417        2        0.791493        0.573967        0.218454
Te        7.42417        8.65103        5.85760        2        -1.147490        0.256392        -0.688946
Te        10.18478        0.28314        6.05854        2        0.706551        -0.089724        0.422229
Te        12.65093        7.54451        2.57211        2        0.187358        -1.625461        -0.278988
Te        9.18537        8.81882        1.95048        2        0.595018        -0.700086        1.014293
Te        13.57232        1.65467        4.98678        2        0.010575        0.977642        0.775498
Te        16.80395        3.41786        5.90993        2        0.443395        0.028696        -1.380944
Te        19.50109        10.41742        2.17796        2        -0.581934        0.476836        0.939473
Te        15.87840        1.86073        1.50795        2        0.200727        0.007929        1.194449
Te        13.66728        5.28870        5.11807        2        -0.075197        0.713183        -0.049254
Te        16.97376        7.06376        6.11820        2        0.113381        0.015105        -1.877933
Te        19.11796        3.83201        2.25668        2        0.352115        -1.202732        0.268290
Te        15.83790        5.45557        1.98058        2        -0.249301        0.241171        -0.656619
Te        13.47260        8.93737        5.25374        2        1.120969        0.213637        0.895657
Te        16.98845        0.00094        5.69820        2        -0.090024        -0.308272        -0.597192
Te        19.46497        6.99005        2.41593        2        0.201375        -0.778657        -0.206086
Te        16.36490        8.87339        1.69621        2        -0.934257        -0.315121        0.185596
