54
Lattice="19.557416337 0.000456147 -0.025753600 -0.000245476 10.515591813 0.000007040 0.013560576 0.000001770 30.000000000" Properties=species:S:1:pos:R:3:tags:I:1:forces:R:3 energy=-318.32972986 stress= -6.59065 -3.26216 -2.48997 -0.95894 -1.66665 0.13616 pbc="T T T"
Mo        2.25901        0.19100        3.96934        1        -0.866324        -0.622778        -0.813606
Mo        4.59238        1.75767        4.08470        1        -0.013077        -0.450513        -0.449151
Mo        2.36535        3.34769        4.02097        1        -1.107346        0.092084        -1.580906
Mo        4.53666        4.90012        4.10423        1        0.687198        1.347119        2.001541
Mo        2.29738        6.82209        4.02290        1        -0.890628        0.625969        -1.320090
Mo        4.42633        8.93679        4.00438        1        1.209900        0.478426        1.595767
Mo        8.72473        10.48993        3.76543        1        -0.196380        0.148746        -1.108773
Mo        11.04248        1.79939        3.85843        1        -0.091659        0.636314        -0.290691
Mo        8.74001        3.42039        3.75298        1        -0.238678        0.252556        -0.281632
Mo        11.03695        5.44546        3.75676        1        0.464695        -1.024227        1.122352
Mo        8.57157        7.04635        3.87528        1        1.011031        -0.926244        0.962380
Mo        11.17432        8.95854        3.85946        1        -0.988437        -0.468410        -1.503584
Mo        15.22339        0.18963        3.84837        1        0.001138        -0.078769        -1.524615
Mo        17.52942        1.77797        4.00340        1        0.856110        -0.585825        0.228894
Mo        15.36160        3.53060        3.61187        1        -0.926710        -0.174222        1.287082
Mo        17.57119        5.03200        4.08131        1        0.707532        0.925756        -0.096857
Mo        15.28845        6.95676        3.81570        1        -0.562523        -0.275654        -0.060192
Mo        17.45212        8.88976        4.04893        1        1.644589        -0.649589        -0.048878
Te        0.61932        1.77672        5.58349        2        -0.411825        -0.148598        -0.016258
Te        3.97923        3.30509        6.28381        2        0.036849        0.778563        -1.003034
Te        6.09886        10.47680        2.40582        2        0.005750        0.341297        0.083790
Te        2.81109        1.63615        1.72719        2        0.348108        0.698985        1.746166
Te        0.72026        5.13550        5.42412        2        -0.812845        -0.055602        0.739786
Te        4.01111        7.01824        6.00280        2        0.310223        -0.255702        -0.260464
Te        5.94369        3.52076        2.41996        2        1.419069        -0.704950        -0.515480
Te        2.89411        5.20524        1.99999        2        -0.229400        -0.298469        0.008782
Te        0.54467        8.95112        5.43497        2        0.007210        -0.761384        -0.102317
Te        3.92674        0.12486        6.08086        2        -0.109870        -0.999986        0.113543
Te        6.02852        6.98789        2.66608        2        -0.446460        -0.288013        -0.065088
Te        2.66567        8.79892        2.05512        2        -0.094796        -0.586312        -0.051707
Te        7.19193        1.66965        5.39671        2        -0.163626        0.437053        -0.242751
Te        10.52563        3.75300        5.84510        2        -0.237421        -0.664263        -1.064772
Te        12.89132        0.10418        2.22982        2        -0.868685        -0.113419        0.577780
Te        9.29890        1.70914        1.70351        2        0.077493        -0.209424        0.688119
Te        7.24702        5.12159        5.44760        2        -0.742368        0.163640        -0.283788
Te        10.67431        7.21451        5.78585        2        -0.846031        -0.742802        0.058493
Te        12.58325        3.43793        2.15342        2        0.364035        0.644822        0.448771
Te        9.14128        5.28461        1.78836        2        0.155164        -0.212934        0.674904
Te        6.99822        8.92362        5.33308        2        0.095088        -0.627981        0.140134
Te        10.45655        0.05408        5.80004        2        -0.044069        0.532081        0.869650
Te        12.83742        7.09508        2.56425        2        -0.390844        -0.185353        -0.831844
Te        9.11804        8.54312        1.86928        2        0.857788        1.681018        -0.659579
Te        13.50286        1.81166        5.15943        2        0.259777        0.506173        0.422127
Te        16.93160        3.33661        6.07120        2        -0.552838        0.637793        -0.603418
Te        19.20063        10.48299        2.57369        2        0.162911        0.291242        -0.174807
Te        15.97623        1.82623        1.67526        2        0.219480        -0.589255        0.723807
Te        13.73338        5.10558        5.31636        2        -0.500818        0.507064        -0.579203
Te        16.78501        7.05570        5.93750        2        0.826614        -0.786909        0.331884
Te        19.36782        3.36180        2.53472        2        -0.238575        0.299884        0.249863
Te        16.06048        5.35705        1.78990        2        0.090826        -0.104416        0.119460
Te        13.54490        8.91771        5.26722        2        0.844812        -0.218849        0.126284
Te        16.87309        10.47185        5.99169        2        -0.128812        0.903155        0.507885
Te        19.26001        6.84294        2.68150        2        -0.086768        0.403473        0.279143
Te        15.83414        8.79178        1.96435        2        0.144446        0.491073        -0.577670
