54
Lattice="20.707852593 0.000456147 -0.025753600 -0.000245476 11.134156037 0.000007040 0.013560576 0.000001770 30.000000000" Properties=species:S:1:pos:R:3:tags:I:1:forces:R:3 energy=-312.08346288 stress= -14.61320 -12.47711 -0.76322 -1.90917 3.03447 0.65392 pbc="T T T"
Mo        2.46532        0.01452        3.88936        1        -0.734987        -0.071643        -0.246964
Mo        4.84334        1.57983        3.87613        1        0.805279        -0.062935        1.690767
Mo        2.55410        3.55070        3.97114        1        -0.629030        -0.878115        -1.292434
Mo        4.92171        6.03387        4.21776        1        -0.303351        -1.053143        -0.197052
Mo        2.31474        7.64815        3.88322        1        0.050280        0.602835        1.364584
Mo        4.84121        9.35674        4.17772        1        -0.018552        -0.799262        -0.324436
Mo        9.28647        10.77445        3.91508        1        -0.765321        -0.326262        0.480499
Mo        11.32417        1.45473        3.92530        1        2.705711        -0.087983        1.926969
Mo        9.01985        3.83540        3.93180        1        -0.136342        0.201340        -0.153493
Mo        11.49409        5.39926        3.83247        1        0.008151        1.359297        -0.634836
Mo        9.19267        7.42184        4.08127        1        0.471950        -0.330282        -1.255521
Mo        11.71357        9.11803        4.25382        1        -0.217776        0.666227        -0.703212
Mo        16.21276        0.10299        3.66443        1        -1.014959        -0.651830        -0.474320
Mo        18.73581        2.02621        3.88655        1        -0.538745        0.542749        0.321735
Mo        16.04151        3.40952        3.60415        1        -1.453291        0.537977        -0.935758
Mo        18.68491        5.33665        3.81868        1        0.404710        -0.342372        0.296262
Mo        16.30536        7.96063        3.67192        1        -0.030841        -0.620684        0.271199
Mo        18.78163        9.60898        3.81623        1        -0.682698        1.137007        0.239091
Te        0.82531        1.76099        5.56129        2        0.088492        0.345643        -0.907937
Te        4.19728        3.52448        5.94643        2        0.725312        0.358225        -0.370428
Te        6.71180        10.76089        2.39649        2        -0.713152        0.196082        0.770339
Te        3.13119        1.68284        1.91656        2        -0.527939        0.958327        -0.311868
Te        1.00842        5.44148        5.32546        2        -0.176835        0.614737        -0.489820
Te        3.80208        7.43834        6.15999        2        0.359205        0.801033        -0.509117
Te        6.30099        3.79867        2.97712        2        -0.269897        0.185599        -0.331201
Te        3.28814        5.84644        2.19447        2        -0.463031        -1.337296        -0.506888
Te        0.63705        9.38073        5.29085        2        -0.207446        0.221045        -0.136973
Te        4.14051        0.02925        5.98012        2        0.116266        0.044663        0.247529
Te        6.69094        7.42269        2.61761        2        -0.554209        0.548953        0.301914
Te        3.16853        9.30193        1.99906        2        0.053230        0.340130        -0.134096
Te        7.42851        1.74048        5.01176        2        0.741529        -0.480189        0.116204
Te        11.02983        3.68202        5.69156        2        -0.337586        -1.248107        0.625086
Te        13.39370        11.08247        2.89087        2        -0.841319        -0.241332        -0.137615
Te        9.59942        1.63604        2.11646        2        -1.015505        0.795326        -1.053715
Te        7.36319        5.70431        5.35457        2        1.003903        -0.214171        0.664598
Te        11.22672        7.20524        6.07098        2        -0.497130        -0.254949        -0.920641
Te        13.07924        3.39544        2.28791        2        -0.434685        0.399511        0.517889
Te        9.47697        5.43376        1.89891        2        0.852964        0.742413        0.852718
Te        7.50971        9.31379        5.52221        2        0.264738        -0.273835        0.008826
Te        10.95640        11.05066        6.20990        2        -0.089929        -0.463199        -1.367367
Te        13.26519        7.19939        2.51014        2        -0.513705        0.913446        -0.353375
Te        10.10498        9.07393        2.02058        2        -0.178664        -0.268153        0.707028
Te        14.14623        2.07341        5.14723        2        1.033422        -0.385281        -0.488168
Te        17.38067        3.89223        5.72796        2        1.487460        -0.356886        0.422141
Te        20.41163        0.30090        2.44167        2        0.244084        -0.648113        0.010251
Te        16.96400        1.73053        1.76170        2        0.592715        0.850320        -0.577378
Te        14.50706        5.77630        4.49443        2        0.498098        -0.898638        0.737112
Te        18.17875        7.45451        5.48946        2        -0.332957        0.503306        0.429603
Te        20.63623        3.85072        2.80082        2        -0.237095        -0.587231        0.153861
Te        16.92928        5.79670        1.96997        2        -0.492954        -0.553485        -0.130795
Te        14.67658        9.44798        5.16445        2        -0.367869        -0.471055        0.507622
Te        17.79552        0.21080        5.66057        2        1.017228        0.028182        1.340215
Te        20.16929        7.56661        2.73941        2        1.005996        -0.799809        -0.295516
Te        17.05528        9.42521        1.66620        2        0.255615        0.828698        0.204697
