54
Lattice="20.272644424 0.000008540 -0.000615361 -0.000005198 11.703913521 0.000045896 0.042448411 0.000094922 30.000000000" Properties=species:S:1:pos:R:3:tags:I:1:forces:R:3 energy=-309.66695592 stress= -22.06313 -21.66626 0.26347 -1.03864 -1.73486 0.17150 pbc="T T T"
Mo        2.42678        0.19822        4.05388        1        -0.405653        -0.418799        0.472203
Mo        6.06429        1.96029        4.08207        1        -0.099952        -0.472675        0.401967
Mo        2.32980        3.88194        3.75408        1        0.869020        0.648483        0.078695
Mo        5.90756        5.86811        3.99300        1        0.208017        0.559043        -0.473955
Mo        2.48698        7.75709        3.72962        1        0.419678        0.750301        0.919961
Mo        5.79019        9.76040        3.91261        1        1.417863        0.254469        0.386205
Mo        9.47040        11.67046        3.97722        1        -0.228742        -0.501950        -0.433632
Mo        12.56084        1.78153        3.92540        1        1.000058        1.019164        0.979384
Mo        9.33807        4.02795        3.86027        1        0.951713        -0.263609        -0.094570
Mo        12.94602        5.83673        3.67577        1        -0.880797        -0.589829        0.258020
Mo        9.31790        7.74385        3.88843        1        -0.506858        0.837011        0.450186
Mo        12.86166        9.50045        3.83525        1        -0.540061        1.002889        0.750010
Mo        15.91305        11.66464        3.81656        1        0.750922        -0.653708        1.744416
Mo        19.32801        2.04053        4.09140        1        0.961941        0.029762        -0.737932
Mo        16.07992        3.81548        4.11079        1        -0.244024        0.293093        0.239872
Mo        19.43131        5.89509        3.81733        1        -0.515013        0.371348        0.430880
Mo        16.28946        7.75262        3.89164        1        0.396160        0.983866        1.004893
Mo        19.49254        9.74278        4.02479        1        -1.211200        0.414405        -0.066630
Te        1.44909        2.31242        5.72019        2        -0.715269        -1.163530        -0.244801
Te        4.68615        4.10928        5.67109        2        -0.016031        -0.861188        -0.224114
Te        1.27788        1.91400        2.03682        2        -0.238481        0.158855        1.407300
Te        4.58554        0.01241        2.51294        2        0.849656        0.804637        -1.430393
Te        1.35371        5.88032        5.45101        2        0.203293        -0.008043        0.224632
Te        4.69358        7.89682        5.50001        2        -0.299473        -0.799759        0.870393
Te        1.31559        5.94941        2.07368        2        0.101402        -0.659344        -0.359718
Te        4.77100        3.72842        2.41616        2        0.299826        0.479970        -0.664927
Te        1.43669        9.77963        5.61825        2        0.256481        -0.104154        0.170045
Te        4.95032        11.58878        5.74075        2        -0.692043        0.978160        0.329530
Te        1.31657        9.80991        2.33056        2        0.521929        0.569457        -0.672492
Te        4.91120        7.87603        2.22718        2        -0.682936        -0.806939        -0.843401
Te        8.60678        2.01537        5.62282        2        -0.877192        0.018778        0.080994
Te        11.82980        3.99636        5.55461        2        -0.723965        -0.146253        -0.817476
Te        8.32675        1.87110        2.27072        2        -0.358898        0.449255        0.212346
Te        11.74629        11.64532        2.18885        2        -0.786940        -0.962501        -0.121426
Te        8.19060        5.95836        5.57949        2        -0.050556        -0.591309        0.453646
Te        11.73299        7.53686        5.47143        2        -0.329241        0.441399        0.223034
Te        8.14753        5.94332        2.18872        2        -0.268137        -0.451670        -0.114175
Te        11.52693        3.86410        2.00757        2        0.293088        0.010373        1.023757
Te        8.19465        9.72698        5.63172        2        0.018369        0.037359        -0.471096
Te        11.66979        11.40810        5.64067        2        0.166607        0.158483        -0.339951
Te        8.02778        9.85221        2.21305        2        0.632990        -0.157061        0.403091
Te        11.42208        7.74750        2.23215        2        1.103107        -0.152137        -1.150169
Te        14.94045        1.82243        5.71246        2        -0.687536        -0.036181        -0.376367
Te        18.32277        4.07563        5.74734        2        0.003469        -0.316692        -0.235173
Te        14.77382        1.82968        2.33748        2        0.254754        0.914854        -0.740563
Te        18.21243        0.01606        2.31614        2        0.448974        0.168951        -0.006333
Te        14.95095        5.95443        5.61092        2        0.417631        -0.404473        -0.105516
Te        18.46229        7.81569        5.68308        2        -0.186563        -0.243907        -0.411277
Te        15.40792        5.82010        2.31311        2        -1.116000        -0.511021        -1.046727
Te        18.14793        3.83786        2.37279        2        0.674022        -0.055528        -0.586790
Te        15.04733        9.62894        5.71618        2        -0.123519        0.003197        -1.078816
Te        18.14021        0.11356        5.62089        2        0.151533        -0.557884        0.050086
Te        15.08653        9.62612        2.21773        2        -0.184615        -0.266320        -0.513034
Te        18.52072        7.92527        2.07805        2        -0.381733        -0.193322        0.771149
