54
Lattice="19.173937585 0.000456147 -0.025753600 -0.000245476 11.134156037 0.000007040 0.013560576 0.000001770 30.000000000" Properties=species:S:1:pos:R:3:tags:I:1:forces:R:3 energy=-312.79737359 stress= -1.67354 -11.73466 -1.75440 3.83146 2.53538 -2.01820 pbc="T T T"
Mo        2.07943        0.23720        3.60968        1        0.347229        0.347764        0.858707
Mo        4.48691        1.74541        3.87573        1        -1.038256        0.837396        0.763326
Mo        2.22730        3.67442        3.48848        1        -0.424192        -0.342097        1.052911
Mo        4.31134        5.47812        3.98015        1        0.431279        -0.417876        -0.232342
Mo        2.20861        7.01095        3.82350        1        0.288349        0.392701        -0.762740
Mo        4.62866        9.18950        3.94063        1        0.096948        -0.129742        1.207453
Mo        8.59683        11.13334        4.00789        1        0.003251        0.910270        -1.371426
Mo        10.60949        1.71965        4.08545        1        2.108649        -0.004704        1.214206
Mo        8.48999        3.75685        3.90102        1        0.677673        0.180739        -0.718231
Mo        10.85310        5.65611        4.12023        1        0.512148        -0.523699        -0.264396
Mo        8.57187        7.28934        4.05059        1        0.852937        1.115234        -0.882678
Mo        11.04408        9.25292        4.20592        1        -0.354321        -0.548872        -0.305173
Mo        14.99766        10.96580        3.97226        1        -1.253280        0.466899        -0.423637
Mo        17.13090        1.91085        4.17900        1        -0.361690        -0.056514        -0.139825
Mo        14.77914        4.03039        3.82687        1        0.413385        -0.103413        0.117472
Mo        17.06790        5.80113        3.84890        1        0.598644        -0.362225        1.430532
Mo        15.01416        7.47000        3.85757        1        -1.512263        0.315403        -1.115702
Mo        17.33748        9.18488        3.75206        1        -0.844586        0.372694        1.059414
Te        0.51217        1.89021        5.16335        2        0.594111        0.264185        0.212014
Te        3.57793        3.34791        5.92192        2        0.444432        1.223076        -1.335707
Te        6.08718        0.12837        2.55613        2        0.743346        -1.363570        -0.339698
Te        2.77912        1.76995        1.62614        2        0.911921        0.843119        -0.350214
Te        0.50095        5.34439        5.15955        2        0.334898        0.477425        -0.677953
Te        4.11476        7.34361        6.05956        2        -0.727804        0.076780        -1.666736
Te        6.21778        3.58152        2.50647        2        -1.630277        0.906370        -0.233045
Te        2.67220        5.43054        1.51659        2        0.426234        0.451209        1.453460
Te        0.76592        9.22969        4.92301        2        -0.146218        -0.319358        0.020905
Te        3.53520        10.95751        5.68255        2        1.365280        0.346564        1.346714
Te        6.40654        7.57636        2.45723        2        -1.562934        -0.216972        0.251863
Te        2.90048        9.34063        2.08485        2        -0.547089        -1.662912        -1.270261
Te        6.92306        1.88022        5.46618        2        0.018865        -0.122050        -0.392276
Te        10.04503        3.52063        6.01062        2        0.724788        0.723665        0.042691
Te        12.46723        11.04154        2.71743        2        -0.053762        0.574531        0.012103
Te        8.96181        1.93533        1.97722        2        0.572066        -0.238412        -0.138271
Te        6.84469        5.56289        5.22941        2        0.023294        -0.212021        0.663480
Te        10.32226        7.29626        6.08541        2        0.074606        0.443837        0.557763
Te        12.27993        3.69165        2.53709        2        -0.092677        0.014937        0.399889
Te        9.27748        5.82308        1.94508        2        -0.124154        -1.119127        0.361482
Te        7.42761        9.36299        5.57274        2        -1.784260        -0.862319        0.474671
Te        10.23827        10.87105        6.11054        2        0.523969        0.998793        0.417520
Te        12.51623        7.37383        2.24063        2        -0.435128        0.018479        1.598537
Te        9.39813        9.44054        2.11393        2        -0.336828        -0.936512        0.115458
Te        13.46777        2.01711        5.51609        2        -0.232967        -0.517811        -0.865267
Te        16.50867        3.94514        5.91562        2        -0.146787        -0.029742        -0.299757
Te        18.97586        0.43515        2.28803        2        -2.343934        -0.778151        -0.049171
Te        15.60637        1.90676        2.13981        2        -1.508157        -0.188973        -0.720703
Te        13.37338        5.82479        5.65831        2        0.180897        -0.618499        -1.134395
Te        16.73025        7.42904        5.89380        2        0.523538        0.944720        0.151860
Te        18.06437        3.78485        2.42151        2        2.037901        -0.222159        -0.823107
Te        15.54522        5.66180        1.66022        2        -0.887231        0.171307        0.685527
Te        13.55634        9.15638        5.81091        2        0.110377        0.405608        -1.311254
Te        16.85226        10.95743        5.72914        2        0.728312        -0.367536        2.109906
Te        18.70801        7.46641        2.36974        2        1.153709        -0.705938        -0.865708
Te        15.33084        9.43611        1.86711        2        0.525750        -0.827048        0.093487
