54
Lattice="19.904050889 0.000008540 -0.000615361 -0.000005198 10.639921383 0.000045896 0.042448411 0.000094922 30.000000000" Properties=species:S:1:pos:R:3:tags:I:1:forces:R:3 energy=-314.32022949 stress= -14.58136 -3.15141 -3.22413 -0.66280 -1.81613 1.11223 pbc="T T T"
Mo        2.39171        10.54731        4.09518        1        -0.422587        -0.013054        -0.932358
Mo        5.62434        1.66650        4.06226        1        2.795379        1.762373        -1.997974
Mo        2.58799        3.18854        4.14523        1        0.461392        1.457213        -0.377361
Mo        5.57277        5.24815        4.46570        1        0.522867        -0.159145        -2.942953
Mo        2.37787        7.04817        3.98960        1        0.393832        0.277361        0.844442
Mo        5.71387        8.54028        4.07718        1        -0.115781        -0.078588        0.697544
Mo        9.06178        10.57823        3.64484        1        -0.159439        0.106223        1.230368
Mo        12.65575        1.89044        3.68071        1        -1.455564        -1.328423        1.231834
Mo        9.15154        3.50497        4.06888        1        -0.598203        -1.064356        -0.825086
Mo        12.31892        5.33767        3.61398        1        2.091523        -0.123015        0.421581
Mo        9.10566        7.00371        3.87567        1        -0.424955        1.742744        1.048447
Mo        12.44515        8.90939        3.68795        1        0.948910        -0.893177        -0.619946
Mo        16.01122        0.07147        3.77040        1        -0.765376        0.439894        1.058562
Mo        19.33304        2.06356        4.02513        1        0.012931        -0.868471        -0.973391
Mo        16.09574        3.66051        3.67177        1        -0.072017        0.153524        0.542641
Mo        19.23565        5.48597        4.12969        1        -1.165764        0.302583        -2.334066
Mo        15.97257        7.10948        3.88360        1        0.102982        2.083652        -1.182894
Mo        19.24308        9.15196        3.92191        1        -0.564184        -1.380068        1.321000
Te        1.35281        1.68997        5.98496        2        0.224546        -0.244083        -0.275510
Te        4.82226        3.30545        6.05630        2        -1.128244        -0.210508        0.299414
Te        1.64447        1.62172        2.15877        2        -0.714469        0.570601        0.580448
Te        4.66140        10.32173        2.38511        2        -0.812915        0.833298        -0.912272
Te        1.35183        5.17319        5.75898        2        1.065162        0.052711        0.513127
Te        4.39433        7.08806        6.09269        2        0.272244        -0.272034        -0.838915
Te        1.37400        5.05777        2.35494        2        0.880447        0.450045        0.411396
Te        4.68453        3.56620        2.31527        2        -0.137376        -0.480422        1.052791
Te        1.37069        8.80730        5.88927        2        -0.424492        0.040741        -0.478415
Te        4.63100        10.51064        5.47497        2        -0.611347        -1.182360        3.838735
Te        1.30062        8.93882        2.17475        2        1.055700        -0.646244        -0.013276
Te        4.50329        6.77735        2.34653        2        0.245505        0.407340        0.362955
Te        8.08650        1.50608        5.74523        2        -0.223257        0.801921        -0.970667
Te        11.54358        3.64021        5.56109        2        -0.314213        -0.587147        0.064740
Te        7.81625        1.88504        2.11629        2        0.173597        -0.411106        1.020699
Te        11.25555        10.57174        1.76723        2        0.311812        0.398520        1.320520
Te        7.99502        5.21088        5.74760        2        0.307892        0.789272        0.769437
Te        11.50170        7.03655        5.46391        2        -0.822580        0.599005        0.193802
Te        7.87344        5.29879        2.32267        2        -0.528476        -0.691207        0.334979
Te        11.10127        3.41156        2.17927        2        0.167688        0.768809        -1.317636
Te        7.94201        8.96732        5.77930        2        0.592222        -1.177325        -1.325838
Te        11.35919        10.55263        5.40537        2        -0.095448        1.111897        -0.321167
Te        7.57339        8.81200        2.17957        2        1.747046        -0.744767        -0.300264
Te        11.13781        7.10507        1.98948        2        0.102775        0.120811        -0.220893
Te        14.88824        2.02887        5.37127        2        -0.297671        -1.054732        0.683121
Te        18.11646        3.76206        5.71919        2        -0.954092        -0.413713        0.403777
Te        14.69917        1.90280        1.99788        2        1.322566        -0.310931        -0.421816
Te        18.19855        0.24909        2.20854        2        -0.008762        0.646530        -0.358021
Te        14.78722        5.42210        5.46670        2        -0.625585        -0.989872        0.048998
Te        17.95525        7.41384        5.70277        2        0.719807        -0.385577        -0.092388
Te        14.90711        5.43358        2.09023        2        -0.959513        -0.002509        -0.916327
Te        18.34190        3.87668        2.00741        2        -0.444740        -0.728251        1.155342
Te        14.71549        8.82889        5.65586        2        -0.062103        0.706429        -1.349374
Te        18.15372        0.22338        5.79929        2        -0.530371        0.180501        -1.056301
Te        14.91232        8.98858        1.98509        2        -0.388289        -0.598059        0.822413
Te        18.31142        7.22843        2.09618        2        -0.661691        0.227464        1.041286
