54
Lattice="19.173937585 0.000456147 -0.025753600 -0.000245476 10.721779888 0.000007040 0.013560576 0.000001770 30.000000000" Properties=species:S:1:pos:R:3:tags:I:1:forces:R:3 energy=-316.51652900 stress= -2.36088 -5.41100 -0.43933 -2.16825 0.88172 1.00192 pbc="T T T"
Mo        2.16698        10.56517        3.73496        1        0.195055        1.219118        1.825563
Mo        4.29846        1.88195        3.78237        1        0.654332        0.314438        -0.829585
Mo        2.09476        3.57448        3.70826        1        0.776050        -1.034089        2.299053
Mo        4.35464        5.19937        3.88140        1        0.367557        0.920748        -1.087903
Mo        2.11858        7.25992        3.83983        1        -0.531479        -1.827304        0.358740
Mo        4.50432        8.61708        4.02960        1        -0.739005        0.294474        -1.859241
Mo        8.38620        10.70142        3.74020        1        0.602690        -0.633662        -0.536043
Mo        10.74779        1.97127        3.83425        1        -0.263188        0.277844        -0.627793
Mo        8.48756        3.70659        3.47456        1        1.693826        -1.441355        -0.945917
Mo        11.02916        5.61532        3.86514        1        -1.418364        -2.031595        0.127638
Mo        8.64322        7.07282        3.56420        1        -0.793629        -0.068881        0.644362
Mo        10.86802        9.03254        3.86355        1        0.551427        -0.363543        1.928741
Mo        14.99941        10.64776        4.06212        1        -1.167124        1.444508        1.338236
Mo        17.18858        1.76928        4.36698        1        0.396656        -0.472409        0.007377
Mo        14.97326        3.68218        3.92351        1        0.066300        -0.871394        0.342675
Mo        17.37983        5.54375        4.17006        1        -0.615634        -0.549252        2.675242
Mo        15.08002        7.20975        4.02295        1        -0.377464        -0.595837        0.935163
Mo        17.29753        9.09279        4.48818        1        0.387117        -0.861387        -1.764806
Te        0.67833        1.64520        5.68961        2        -0.063713        0.336701        -1.228792
Te        3.94293        3.47900        5.88798        2        -0.704393        0.126905        -0.416683
Te        5.93564        0.02829        2.40700        2        -0.176915        -0.789819        -0.219971
Te        2.55721        1.52451        1.67523        2        0.117033        1.206675        0.799114
Te        0.56656        5.45430        5.61842        2        0.534340        -0.396891        -0.813696
Te        3.66398        6.94382        5.98193        2        0.891864        -0.021188        -0.355852
Te        5.88688        3.51289        2.04038        2        -0.083556        0.392310        0.586221
Te        2.48564        5.27451        1.74194        2        0.564892        0.850037        0.687675
Te        0.78294        8.93506        5.61771        2        -0.342069        0.320561        -0.156501
Te        4.17724        10.71264        5.67458        2        -1.108908        -0.162285        0.563777
Te        5.99404        7.19394        2.16740        2        -0.087090        -0.557031        0.805341
Te        2.66638        8.88623        1.88237        2        0.793456        -0.705644        -1.162352
Te        6.86302        1.88924        4.89076        2        0.021410        0.080219        0.950237
Te        10.13170        3.74274        5.82074        2        -0.117321        0.099410        -1.149533
Te        12.64845        0.05835        2.61435        2        -0.780952        -0.242406        -0.794323
Te        9.29544        1.46237        1.71684        2        -0.650454        1.354145        -0.718175
Te        7.02487        5.19971        4.96138        2        -1.090308        1.400112        1.225858
Te        10.20317        7.18871        5.80475        2        -0.252458        0.797683        -0.040762
Te        12.55831        3.50115        2.20010        2        -0.094585        0.721155        0.793406
Te        9.47906        5.35979        1.60898        2        -0.257486        0.110647        0.015480
Te        6.85829        8.82135        5.35014        2        1.336765        -0.417485        -0.379161
Te        10.20749        0.17093        5.68690        2        -0.396619        -0.542349        1.179979
Te        12.62888        7.24504        2.59047        2        0.821112        0.405498        -1.041887
Te        9.24197        8.90451        1.82278        2        -0.308318        0.372664        -1.266420
Te        13.00168        2.01607        5.15808        2        2.084978        -0.069702        1.265372
Te        16.58232        3.59003        6.26354        2        -0.246250        0.561686        -1.124413
Te        18.67000        10.68602        2.61457        2        0.492729        0.081763        0.753801
Te        15.74183        1.59594        2.09052        2        -0.249744        1.360042        0.485425
Te        13.28549        5.51168        5.50816        2        0.784514        -0.248496        -0.454932
Te        16.67881        7.31685        6.33747        2        -0.210329        -1.296313        -0.674477
Te        18.79528        3.48800        2.77759        2        -1.052508        0.096611        -0.594005
Te        15.93660        5.27793        2.05392        2        -1.405990        0.731760        -0.784373
Te        13.29317        9.06232        5.60799        2        0.125518        -0.334054        -0.494370
Te        16.39389        10.68757        6.32141        2        0.316293        1.050156        0.688599
Te        18.74003        7.17991        2.59616        2        0.621713        0.719389        0.093630
Te        15.75634        9.03226        2.28167        2        0.407825        -1.135939        -1.849389
