54
Lattice="19.940895089 0.000456147 -0.025753600 -0.000245476 10.721779888 0.000007040 0.013560576 0.000001770 30.000000000" Properties=species:S:1:pos:R:3:tags:I:1:forces:R:3 energy=-316.05792001 stress= -10.66944 -7.72177 -0.44225 -1.53960 0.13357 0.77946 pbc="T T T"
Mo        2.35801        0.01623        4.00358        1        -0.080081        -1.674892        0.706310
Mo        4.76781        1.66342        3.98562        1        0.062731        -1.163874        2.827961
Mo        2.26616        3.90416        3.77581        1        0.629236        -0.062403        1.822433
Mo        4.68252        5.41375        3.90253        1        -0.371591        0.930163        0.239852
Mo        2.31015        7.37484        3.74887        1        -0.582639        -1.094997        1.213643
Mo        4.68163        8.88484        4.05253        1        0.048439        0.846855        0.015475
Mo        9.01279        0.00114        3.81143        1        0.023353        -0.380715        -1.011360
Mo        11.24614        1.71572        4.13559        1        -0.122911        -0.312795        -1.549000
Mo        8.85159        3.40591        3.85462        1        0.444175        -0.364627        -2.495649
Mo        11.21429        5.31543        3.99115        1        -0.420591        -0.269989        -0.507731
Mo        8.98685        7.11027        3.74337        1        -0.795752        0.542237        -0.446253
Mo        11.29565        8.95459        3.97220        1        -0.293928        0.010582        0.842344
Mo        15.46855        10.59715        3.95235        1        0.138953        0.075441        -0.730671
Mo        17.98530        1.95250        3.97293        1        -0.313994        -0.411328        -0.503039
Mo        15.45386        3.45543        3.81041        1        -0.231129        -0.409519        0.348579
Mo        18.05251        5.36589        3.96535        1        -0.833347        0.896978        -2.640535
Mo        15.37302        6.97794        3.84653        1        0.945456        0.535070        0.481306
Mo        17.79362        9.06486        4.13909        1        1.075253        -0.793672        -0.110154
Te        0.58159        1.83893        5.38444        2        0.563395        0.799035        0.054433
Te        4.13013        3.62832        5.86497        2        -0.466246        -0.218762        -0.538233
Te        6.43152        10.52706        2.31951        2        -0.200728        0.638433        0.583179
Te        2.93381        1.79293        2.25481        2        -0.598841        0.683231        -2.989136
Te        0.57281        5.55996        5.30706        2        0.714613        -0.227928        -0.125311
Te        4.00415        7.14068        5.98956        2        -0.081932        -0.258149        -0.924388
Te        6.20491        3.45351        2.66977        2        0.908569        0.580950        -1.016985
Te        2.96676        5.53404        1.77051        2        0.069263        0.061520        0.416052
Te        0.50106        9.12596        5.44404        2        0.420505        -0.816230        -0.113602
Te        4.06205        10.63538        6.19580        2        0.078199        0.294024        -1.593557
Te        6.39050        7.46612        2.28001        2        0.017354        -1.040720        0.481304
Te        3.05675        8.98185        1.84764        2        0.030515        1.074234        0.358602
Te        7.36214        1.58653        5.27723        2        -0.543627        0.482740        0.331519
Te        10.44422        3.52472        5.89173        2        0.588686        0.136814        1.377238
Te        13.07804        0.13698        2.62113        2        -1.083056        -0.905240        -0.379410
Te        9.67659        1.70531        1.73144        2        -0.075399        0.240202        1.535180
Te        7.33543        5.25553        5.02394        2        -0.846049        1.020130        0.892143
Te        10.50319        7.08274        5.98365        2        0.340499        0.123726        -0.790341
Te        12.86003        3.46785        2.41721        2        -0.226012        0.090150        0.582803
Te        9.51176        5.25042        1.81791        2        0.126467        -0.080606        0.601264
Te        7.38619        9.00652        5.21470        2        -0.354378        -0.997001        0.616444
Te        10.65888        10.50949        6.04461        2        -0.332411        1.012581        -0.270409
Te        12.55252        7.19472        2.40317        2        1.774052        -0.589990        -0.161294
Te        9.60665        8.92534        1.83909        2        0.178059        0.034953        0.078926
Te        13.71343        1.75278        5.40997        2        0.921426        0.441148        0.327292
Te        17.26141        3.77645        5.77919        2        -0.376196        -1.474097        1.812884
Te        19.82777        0.12331        2.78863        2        -1.216907        -0.445053        -0.688984
Te        16.08590        1.56244        1.95946        2        0.650912        0.558112        -0.002488
Te        13.71851        5.34975        5.18720        2        0.104300        -0.322787        0.682323
Te        17.38013        6.97695        5.93432        2        -0.884935        1.583083        -0.217443
Te        19.74262        3.64808        2.47330        2        -0.659390        0.182006        -0.048031
Te        15.97049        5.16351        1.93280        2        0.796749        0.755998        -0.396394
Te        13.74653        9.05954        5.45883        2        0.267671        -1.051949        -0.325942
Te        17.12319        0.27188        5.95201        2        0.644320        -0.470473        0.669858
Te        19.58322        7.28494        2.37935        2        -0.159041        0.248482        0.555196
Te        16.21100        8.67372        1.98072        2        -0.386608        0.932425        0.161304
