54
Lattice="20.272644424 0.000008540 -0.000615361 -0.000005198 11.703913521 0.000045896 0.042448411 0.000094922 30.000000000" Properties=species:S:1:pos:R:3:tags:I:1:forces:R:3 energy=-311.56418773 stress= -22.75785 -22.27878 1.27367 -1.14776 0.11821 -0.09583 pbc="T T T"
Mo        2.62505        0.11497        4.05876        1        0.159263        -0.087610        -0.423699
Mo        5.95860        1.93444        4.15166        1        0.151921        0.859045        -0.082980
Mo        2.61450        3.94413        3.99733        1        -0.040790        -0.087920        0.362000
Mo        5.86194        5.78390        3.93206        1        -0.074193        0.427404        0.721180
Mo        2.49417        7.81967        3.80694        1        0.197358        0.405139        -0.172472
Mo        5.88236        9.73595        4.01599        1        0.662936        0.327192        -0.648902
Mo        9.24753        11.58940        3.94645        1        0.003229        -0.281486        0.777193
Mo        12.65622        1.82194        4.00832        1        0.238891        1.258973        -0.044730
Mo        9.25938        3.70918        3.99245        1        0.311670        0.045879        0.661247
Mo        12.65202        5.73716        3.80411        1        0.179164        0.250345        0.250354
Mo        9.28130        7.85492        3.87372        1        0.297741        -2.151095        1.048239
Mo        12.73338        9.79589        3.93795        1        -0.506484        0.135487        -0.199852
Mo        16.21726        11.67476        3.81915        1        -0.079676        0.131349        0.063508
Mo        19.55927        2.11581        3.92290        1        0.063036        -0.780046        1.091057
Mo        16.16994        3.96788        3.90317        1        -0.369624        -0.542581        -0.124662
Mo        19.44182        5.90170        3.86478        1        0.233533        0.329607        0.518490
Mo        16.05289        7.86525        3.69666        1        0.309955        -0.855479        -0.083939
Mo        19.40484        9.79629        3.80427        1        1.303447        0.585485        0.198019
Te        1.42816        2.03548        5.74560        2        0.236640        0.097045        -0.352422
Te        4.78732        4.06967        5.88421        2        0.028274        -0.444212        -0.937714
Te        1.52786        2.05786        2.26109        2        0.143011        -0.215391        0.257774
Te        4.95390        0.14410        2.36168        2        -0.635974        -0.520360        0.060662
Te        1.45264        5.98509        5.49941        2        -0.419141        -0.396064        0.880679
Te        4.65298        7.89961        5.51035        2        0.131229        -0.813429        0.932251
Te        1.45097        5.80566        2.22345        2        -0.071856        -0.046088        -0.392892
Te        4.81662        3.85678        2.32362        2        0.103486        -0.243693        0.065448
Te        1.41258        9.74680        5.53138        2        -0.232841        0.152840        0.265781
Te        4.92106        0.01470        5.78512        2        -0.563245        -0.276928        -0.014850
Te        1.53589        9.87988        2.22887        2        -0.244273        0.231007        -0.149690
Te        4.74089        7.77029        2.22428        2        0.400203        0.129524        -0.243966
Te        8.22147        1.82197        5.79818        2        0.018526        -0.076690        -0.363748
Te        11.62729        3.93758        5.67593        2        -0.224880        -0.486130        -0.368558
Te        8.08930        1.77702        2.33506        2        0.017232        0.274647        -0.113697
Te        11.50027        0.05059        2.32846        2        -0.016917        -0.540102        -0.696464
Te        8.20913        5.74685        5.57833        2        -0.231225        0.262173        0.259962
Te        11.57630        7.77262        5.47953        2        0.168250        -0.025555        0.677187
Te        8.14765        5.65751        2.36407        2        -0.009811        0.398849        -0.777847
Te        11.35614        3.72615        2.24448        2        0.765444        -0.008703        -0.034405
Te        8.16453        9.53393        5.68484        2        -0.154287        0.726605        0.071109
Te        11.51417        0.00233        5.69095        2        0.044699        -0.516150        0.023162
Te        8.15992        9.52465        2.27079        2        -0.722273        1.513519        -0.935226
Te        11.54250        7.83130        2.29251        2        0.260139        0.000712        -0.933304
Te        15.02845        1.80866        5.54588        2        0.140206        0.385048        0.029455
Te        18.31232        4.13635        5.73174        2        0.182137        -0.450077        -0.692018
Te        14.97875        1.96072        2.23194        2        -0.014325        -0.055066        0.154460
Te        18.57456        0.13164        2.14963        2        -0.666251        0.067339        0.097213
Te        14.97692        5.85241        5.51027        2        -0.155883        0.326215        -0.406553
Te        18.28239        7.99847        5.48828        2        -0.307064        -0.726702        -0.034055
Te        14.87781        5.77912        2.04630        2        0.277516        0.088919        0.517688
Te        18.45665        3.87387        2.26897        2        -0.608757        0.693396        -0.739195
Te        14.98354        9.62793        5.43508        2        0.360233        0.677654        0.848108
Te        18.45695        0.06018        5.60396        2        -0.320745        0.021159        -0.466520
Te        14.92392        9.87354        2.12691        2        0.049055        -0.161854        -0.312091
Te        18.48247        7.82643        2.09273        2        -0.733422        -0.003805        -0.060110
