54
Lattice="19.557416337 0.000456147 -0.025753600 -0.000245476 10.515591813 0.000007040 0.013560576 0.000001770 30.000000000" Properties=species:S:1:pos:R:3:tags:I:1:forces:R:3 energy=-320.50035621 stress= -7.49711 -3.78662 1.40444 -0.62105 -1.15385 0.44596 pbc="T T T"
Mo        2.16632        0.05904        4.03836        1        0.217034        0.001321        0.640992
Mo        4.61559        1.77398        4.15336        1        -0.404915        0.053483        -0.566468
Mo        2.25443        3.41672        4.07341        1        -0.415761        0.724050        0.033516
Mo        4.60680        5.22027        4.17832        1        0.091915        0.111379        -0.915922
Mo        2.27601        6.91434        4.10581        1        -0.396766        -0.599677        0.353916
Mo        4.47841        8.78636        4.20778        1        0.825595        0.254615        -0.852367
Mo        8.61668        10.50840        3.53353        1        0.989334        -0.072227        0.332066
Mo        10.93587        1.83601        3.65785        1        1.082937        -0.506826        0.201086
Mo        8.75991        3.56174        3.65560        1        -0.765052        -0.496419        -0.564673
Mo        11.09491        5.20920        3.83602        1        -0.480706        1.361960        -0.286682
Mo        8.70362        7.06211        3.71550        1        -0.115201        -0.310829        0.864771
Mo        11.12434        8.68166        3.74144        1        -0.419030        0.024409        -0.035888
Mo        15.25553        10.49438        3.69041        1        -0.540875        0.061629        0.768226
Mo        17.54570        1.86220        4.12455        1        0.079630        -0.202952        0.702757
Mo        15.17622        3.48864        3.79258        1        0.043640        0.020363        0.080981
Mo        17.56883        5.25900        4.09027        1        0.396957        0.439666        1.697512
Mo        15.27736        6.95522        3.69546        1        0.195226        0.014113        0.400777
Mo        17.68002        8.82783        4.06600        1        -0.381399        0.110170        0.079705
Te        0.48316        1.72262        5.61867        2        0.282275        0.111233        -0.094810
Te        3.99440        3.55242        6.13028        2        0.169840        -0.490806        0.399479
Te        6.07652        10.47020        2.52837        2        -0.657343        -0.125721        -0.486477
Te        2.86432        1.71938        2.08887        2        0.036096        0.079402        -0.330313
Te        0.60411        5.12217        5.69078        2        -0.084757        0.437392        -0.415891
Te        4.20868        7.06447        6.13468        2        -0.644268        -0.739472        0.519157
Te        6.06675        3.47639        2.33323        2        0.146001        0.353770        0.931577
Te        2.77621        5.17672        2.06415        2        0.333585        0.106250        0.660929
Te        0.68087        8.67737        5.55308        2        -0.641207        0.375139        0.239288
Te        3.87667        0.04688        6.11807        2        0.217785        0.124214        0.383916
Te        6.08086        7.02324        2.59832        2        0.134745        -0.016381        -0.235005
Te        2.65223        8.69391        2.19853        2        0.594129        0.284944        -0.825637
Te        7.22042        1.65947        5.12607        2        -0.317126        0.908768        0.960117
Te        10.57780        3.51051        5.72372        2        -0.567744        -0.554750        0.659554
Te        12.62439        0.04932        2.14485        2        0.274091        -0.002932        0.381475
Te        9.16791        1.75423        1.51158        2        0.220970        0.279153        0.802736
Te        7.29383        5.23474        5.39175        2        -0.344115        -0.184986        -0.307557
Te        10.47310        7.04467        5.79285        2        -0.070261        -0.148642        -0.284807
Te        12.67611        3.67096        2.32221        2        0.598825        -0.981975        -0.624760
Te        9.33813        5.33681        1.73393        2        -0.012930        -0.260879        -0.153328
Te        7.16398        8.79580        5.37558        2        0.093659        -0.012602        -0.349535
Te        10.36281        0.01381        5.55580        2        0.199553        0.112916        0.476643
Te        12.70442        7.00517        2.25132        2        0.409053        -0.190348        -0.115147
Te        9.32414        8.68836        1.72955        2        0.065567        0.213267        -1.000308
Te        13.50678        1.65541        5.21143        2        -0.197772        0.142601        -0.489088
Te        16.60784        3.63367        6.09412        2        0.660886        -0.246781        -0.771531
Te        19.31463        0.05175        2.65410        2        -0.565694        0.286704        -0.188150
Te        16.02501        1.76539        1.91877        2        0.019212        0.064001        -0.860218
Te        13.54156        5.20954        5.20926        2        0.248385        0.410421        0.220149
Te        16.90239        7.19610        5.99802        2        -0.316670        -0.927268        -0.432452
Te        19.28584        3.55744        2.78406        2        0.016820        -0.362733        -0.847554
Te        16.12758        5.12968        1.87684        2        -0.418603        0.441289        -0.527303
Te        13.59417        8.62781        5.11316        2        -0.044642        0.654188        0.244303
Te        16.73043        0.11148        5.98112        2        0.177707        -0.416988        -0.297643
Te        19.31675        7.03727        2.65437        2        -0.131452        -0.447801        0.085955
Te        16.07548        8.76151        1.84899        2        0.123005        -0.260962        -0.288931
