54
Lattice="19.940895089 0.000456147 -0.025753600 -0.000245476 10.721779888 0.000007040 0.013560576 0.000001770 30.000000000" Properties=species:S:1:pos:R:3:tags:I:1:forces:R:3 energy=-318.53497665 stress= -13.37374 -9.39973 -1.32129 -0.59801 -0.82548 0.39520 pbc="T T T"
Mo        2.28228        0.00193        3.87305        1        -0.115553        0.257717        -0.693284
Mo        4.50800        1.89418        4.20568        1        0.754444        -0.012197        -0.499935
Mo        2.27387        3.64396        3.95764        1        1.123283        -0.321114        0.318424
Mo        4.69216        5.47739        4.22394        1        -0.119246        -0.423410        0.418995
Mo        2.30852        7.14468        4.01720        1        0.325037        -0.303782        -0.131641
Mo        4.60068        8.83611        4.23056        1        0.174625        -0.312082        0.374232
Mo        8.71446        0.02286        3.69070        1        0.410483        -0.540994        0.446364
Mo        11.17154        1.73356        3.83683        1        0.019670        0.516145        -0.344489
Mo        8.85122        3.42690        3.69011        1        0.057207        0.776542        -0.018482
Mo        11.25403        5.35880        3.79147        1        0.970510        0.348291        1.565738
Mo        8.87856        6.97741        3.75700        1        -0.106868        0.414972        0.548809
Mo        11.13794        8.89687        3.78080        1        0.608036        0.335431        0.476334
Mo        15.46345        0.03260        3.83247        1        0.629212        0.172861        -0.328913
Mo        17.99856        1.87337        3.97659        1        0.086923        0.437741        -0.008311
Mo        15.43503        3.50593        3.78712        1        0.474530        0.561200        -0.063088
Mo        17.95254        5.28698        4.01773        1        0.179416        0.424032        1.268561
Mo        15.50879        7.03781        3.76150        1        0.175825        0.887019        0.057798
Mo        18.07867        8.96780        3.95237        1        -0.463354        0.165213        -1.172193
Te        0.72393        1.74228        5.39237        2        -0.486149        0.330425        0.118513
Te        4.10366        3.74348        6.19369        2        -0.613632        -0.773985        -0.598008
Te        6.06273        10.63941        2.70165        2        0.160397        0.507426        -0.177971
Te        2.94276        1.79201        1.90653        2        0.172967        0.305739        0.981837
Te        0.79548        5.34292        5.49332        2        -0.805725        0.102817        0.205131
Te        4.04085        7.15321        6.37201        2        -0.133102        0.130954        -1.627115
Te        6.19753        3.68710        2.61298        2        -0.166201        -0.673873        0.029871
Te        3.07432        5.44440        2.05945        2        -0.273659        -0.303064        0.048779
Te        0.61259        8.90882        5.21986        2        -0.038541        0.318271        0.714012
Te        3.76736        10.72085        6.06623        2        0.599060        0.136159        0.176763
Te        6.20307        7.09584        2.59347        2        0.290587        0.187264        0.173474
Te        3.00933        8.87671        2.00795        2        -0.076113        0.039259        0.253883
Te        7.23656        1.77338        5.35427        2        -0.140398        -0.096857        -0.244517
Te        10.63632        3.62136        5.75931        2        -0.130462        -0.311738        -0.224682
Te        12.92777        0.10277        2.34302        2        -0.174378        -0.347763        0.068021
Te        9.36458        1.63829        1.65104        2        0.213704        0.430363        0.621055
Te        7.33836        5.20838        5.46705        2        0.172676        0.376294        -0.522758
Te        10.71361        7.20159        5.83146        2        -0.278773        -0.433438        -0.799983
Te        12.83369        3.54564        2.34501        2        0.429786        0.069212        -0.041832
Te        9.63596        5.33559        1.77462        2        -0.996945        -0.674817        -0.634538
Te        7.38034        8.75408        5.42118        2        -0.469391        0.489015        -0.441630
Te        10.49993        0.02675        5.74188        2        0.076312        -0.450601        -0.024589
Te        12.94676        7.26364        2.30248        2        -0.181016        -0.505203        0.141830
Te        9.27110        8.78889        1.78218        2        0.243327        0.464901        0.242124
Te        13.81749        1.84824        5.25592        2        -0.324657        -0.247830        0.133775
Te        17.08506        3.54847        5.96175        2        0.374402        0.241445        -0.473187
Te        19.72697        0.17048        2.41532        2        -0.342641        -0.612703        0.194069
Te        16.27891        1.83324        1.91281        2        -0.174324        -0.413572        -0.365863
Te        13.88891        5.43886        5.25545        2        -0.435162        -0.266832        -0.104257
Te        17.30141        7.26806        5.80399        2        -0.318153        -0.827557        0.637160
Te        19.75099        3.57862        2.67623        2        -0.313814        0.165746        -0.711144
Te        16.33951        5.33054        1.92956        2        -0.369580        -0.236691        -0.788152
Te        13.75306        8.99831        5.13410        2        0.118420        -0.154801        0.178110
Te        17.49823        0.09137        5.77729        2        -0.887675        -0.587452        1.169923
Te        19.65585        6.99007        2.57262        2        0.229030        0.518740        -0.143345
Te        16.28027        8.99928        1.95306        2        -0.125367        -0.262345        -0.343520
