54
Lattice="20.272644424 0.000008540 -0.000615361 -0.000005198 10.639921383 0.000045896 0.042448411 0.000094922 30.000000000" Properties=species:S:1:pos:R:3:tags:I:1:forces:R:3 energy=-317.74568038 stress= -18.73309 -5.19304 0.71740 0.82881 0.52674 0.44405 pbc="T T T"
Mo        2.86679        10.51521        3.83635        1        -0.864229        0.099892        0.398720
Mo        6.07138        1.84633        3.98216        1        -0.110192        0.755730        -0.536187
Mo        2.62474        3.44416        3.86707        1        0.841973        0.763165        -0.629055
Mo        6.02202        5.44557        3.97974        1        -0.056280        0.458640        0.325373
Mo        2.66893        6.97670        3.95225        1        -0.506781        0.702351        -0.748781
Mo        6.05222        8.90317        3.91361        1        0.142498        0.028602        0.534132
Mo        9.15886        10.50678        3.96958        1        0.692027        0.190786        -0.120184
Mo        12.66153        1.56954        3.96948        1        -0.154950        0.549185        -0.544436
Mo        9.31486        3.59562        4.02009        1        0.238002        -0.970921        0.299436
Mo        12.69453        5.26565        3.96780        1        -0.516683        0.106188        -0.042112
Mo        9.23681        6.96098        3.98715        1        0.589427        0.938584        0.605840
Mo        12.55678        8.73109        3.97328        1        -0.872832        -0.443945        -0.514376
Mo        16.02808        0.14314        3.92341        1        0.178470        0.498593        0.234999
Mo        19.64958        1.82856        4.02626        1        -0.488462        -0.358089        -0.979522
Mo        16.06886        3.68289        3.94109        1        -0.577151        -0.373613        -0.560764
Mo        19.44627        5.41166        3.74353        1        0.813189        -0.536884        0.834353
Mo        16.14355        7.25871        3.91054        1        -0.380396        -0.221510        -1.021582
Mo        19.61807        8.89510        3.85081        1        -0.465428        -0.366020        0.369125
Te        1.73644        1.66814        5.60133        2        -0.680785        -0.378095        0.510518
Te        4.81942        3.68506        5.69233        2        -0.111425        -0.437528        -0.266866
Te        1.53174        1.60809        2.13170        2        0.043872        0.256391        0.259669
Te        5.04092        0.10389        2.18155        2        -0.089129        -0.112178        -0.423758
Te        1.34445        5.20568        5.52007        2        0.039091        -0.031307        0.338150
Te        4.67255        7.25608        5.73157        2        1.107516        -0.446930        -0.233307
Te        1.59276        5.27169        2.06832        2        -0.560538        -0.277040        0.269682
Te        4.95898        3.74294        2.21536        2        -0.402655        -0.904533        0.003346
Te        1.50749        8.80423        5.65819        2        0.204983        0.086216        -0.406337
Te        5.03151        0.06596        5.67575        2        -0.608171        -0.242895        0.260481
Te        1.53625        8.73399        2.12990        2        0.357720        0.230111        0.274977
Te        4.88205        7.21568        2.18746        2        -0.183390        -0.499801        0.005087
Te        8.18281        1.70630        5.71737        2        0.121962        0.399217        0.318085
Te        11.67187        3.38635        5.70030        2        -0.579358        0.251956        0.203513
Te        8.26438        1.80228        2.23027        2        -0.370705        -0.039962        0.052220
Te        11.29723        10.48173        2.23638        2        0.666660        0.100663        -0.053223
Te        8.10750        5.26590        5.81340        2        0.038168        0.106934        -0.047404
Te        11.39196        6.87717        5.79533        2        0.466897        0.381095        -0.568971
Te        8.23927        5.31926        2.22660        2        -0.796696        -0.587899        -0.501559
Te        11.44994        3.47381        2.26998        2        0.575380        -0.315775        0.019799
Te        8.15243        8.75181        5.78576        2        -0.316843        -0.012961        -0.311271
Te        11.36168        10.41976        5.67464        2        0.201430        0.492410        0.381346
Te        8.21554        8.74124        2.11664        2        -0.385873        0.126860        0.454748
Te        11.38046        6.94890        2.17319        2        0.500958        0.096193        0.531522
Te        14.85008        1.91219        5.71802        2        0.454664        -0.341079        -0.324581
Te        18.33313        3.66776        5.57277        2        0.080047        -0.005921        0.410081
Te        14.86098        1.90740        2.14922        2        0.126584        -0.126948        0.464497
Te        18.34314        0.02907        2.27313        2        0.055508        0.603046        -0.228549
Te        14.95465        5.50503        5.62225        2        0.025945        -0.211878        0.476847
Te        18.34213        7.18200        5.56028        2        0.317294        -0.139632        0.190745
Te        14.79088        5.49807        2.20835        2        0.759853        -0.210262        -0.038134
Te        18.27719        3.54973        2.20766        2        0.168023        -0.279918        -0.245926
Te        14.77821        8.93103        5.51618        2        0.521718        0.392864        1.373103
Te        18.36189        0.00616        5.63408        2        0.079529        0.213154        0.107739
Te        14.74209        9.07429        2.29117        2        0.328457        -0.543635        -0.829462
Te        18.42486        7.15500        2.05960        2        -0.608144        0.614978        -0.286172
