54
Lattice="18.429676749 0.000008540 -0.000615361 -0.000005198 11.065518238 0.000045896 0.042448411 0.000094922 30.000000000" Properties=species:S:1:pos:R:3:tags:I:1:forces:R:3 energy=-314.28375139 stress= 0.18523 -5.15612 1.33101 -0.83326 2.68428 -0.55024 pbc="T T T"
Mo        2.11944        10.72691        3.74695        1        1.567579        0.945731        2.100750
Mo        5.59801        1.59644        3.67812        1        -0.024927        0.019457        0.859248
Mo        2.11190        3.50860        4.03247        1        1.317351        0.642612        -1.220594
Mo        5.21529        5.56216        3.89147        1        2.294933        2.766534        2.266330
Mo        2.52601        7.22891        3.96560        1        -2.348056        0.286269        0.084721
Mo        5.40566        9.37399        3.88992        1        0.984362        -1.771430        -0.173383
Mo        8.80377        0.26140        4.06043        1        -1.154227        0.530022        -0.097157
Mo        11.66405        2.03062        3.98942        1        0.234634        0.489443        1.196597
Mo        8.17823        3.76699        3.83132        1        0.719654        -1.391720        0.569876
Mo        11.46166        5.88784        4.09627        1        -1.152646        -1.357534        -0.465001
Mo        8.34836        7.48783        4.04830        1        1.722341        -0.955121        0.254519
Mo        11.51203        9.41102        3.96448        1        -0.538266        -0.462847        -1.206291
Mo        14.72216        0.02082        3.72519        1        -0.541648        0.090092        1.121425
Mo        17.82935        1.71464        4.00147        1        -0.612059        -0.654950        -0.425170
Mo        14.73744        3.81040        3.80252        1        -0.832002        -1.121202        1.682825
Mo        17.60873        5.39410        4.01927        1        0.137123        0.525326        -2.357963
Mo        14.50279        7.51471        3.75101        1        -0.623909        -0.691210        2.156921
Mo        17.73186        8.91862        3.87304        1        -0.255169        0.921063        0.836978
Te        1.34389        1.61271        5.66892        2        0.545970        -0.526391        1.335841
Te        4.44574        3.26899        5.47949        2        -0.693357        0.841076        0.926681
Te        1.55408        1.66307        2.04794        2        -1.138174        0.353379        0.244381
Te        4.37723        10.90450        2.05314        2        -0.683508        0.429639        -0.964235
Te        1.18838        5.49296        5.74316        2        1.166470        -0.279559        0.150510
Te        4.45747        7.67076        5.74146        2        0.181037        -1.788523        0.319112
Te        1.06506        5.34243        2.10834        2        1.408653        0.168069        0.606061
Te        4.50066        3.80809        2.42497        2        -2.191321        -3.413997        -3.574364
Te        1.20593        9.00607        5.85159        2        0.310156        -0.268220        -1.249389
Te        4.18281        10.69157        5.77374        2        -0.271384        2.104352        -0.681063
Te        1.30356        8.79888        2.13773        2        0.157452        -0.074414        -0.897249
Te        4.49131        7.40949        2.10993        2        -0.235540        0.381466        -0.343336
Te        7.39654        1.74734        5.69817        2        0.150227        0.912495        0.157083
Te        10.34368        3.98350        5.78326        2        0.021957        -0.481603        -0.937128
Te        7.54472        1.97048        1.71383        2        -0.125341        -0.301875        1.793800
Te        10.67197        0.28468        2.24565        2        0.516581        -0.477701        -1.181759
Te        7.11714        5.35249        5.63485        2        0.811438        1.352311        1.340388
Te        10.47008        7.65541        6.00430        2        -0.298668        -0.084918        -1.437174
Te        7.45541        5.71682        2.12371        2        -0.803332        0.126409        0.174998
Te        10.38873        3.77238        2.33745        2        0.719617        0.964125        -0.214848
Te        7.49512        9.43155        5.70656        2        0.032201        0.186250        0.374236
Te        10.93171        0.27372        5.84606        2        -1.609161        -0.228569        0.101679
Te        7.72965        9.51859        2.41522        2        -0.919557        -0.364406        -1.103890
Te        10.46416        7.48684        2.12708        2        -0.285963        0.429240        0.992761
Te        13.84139        2.01234        5.83715        2        -0.272597        -0.112015        -1.875863
Te        16.62369        3.75623        5.76471        2        0.307961        -1.416555        0.459839
Te        13.60446        1.96990        2.13164        2        0.603819        0.006887        -0.390206
Te        16.96768        10.91349        2.15013        2        -0.661687        0.085263        -0.002216
Te        13.55466        5.62625        5.66539        2        0.707335        0.387278        0.084309
Te        16.53474        7.21308        5.57374        2        -0.456150        0.946250        1.103098
Te        13.40741        5.53537        2.24546        2        0.216387        0.602488        -1.050256
Te        16.90133        3.35062        2.22821        2        -0.838584        1.561707        -1.030622
Te        13.46370        9.52130        5.60685        2        2.245479        -1.141455        0.245207
Te        16.71934        10.93084        5.68820        2        -0.158987        -0.274143        -0.680759
Te        13.59284        9.19386        1.88309        2        -0.408476        1.083336        0.847388
Te        16.51476        7.23968        2.13082        2        1.039846        -0.483604        -0.806065
