54
Lattice="19.173937585 0.000456147 -0.025753600 -0.000245476 10.721779888 0.000007040 0.013560576 0.000001770 30.000000000" Properties=species:S:1:pos:R:3:tags:I:1:forces:R:3 energy=-315.83816715 stress= -2.64637 -4.60753 0.13428 4.71064 -1.79337 -1.78751 pbc="T T T"
Mo        2.19343        0.05944        4.07819        1        -0.586695        0.508975        0.806222
Mo        4.42798        1.84000        4.13528        1        1.037180        -0.215088        -0.439044
Mo        2.08336        3.58263        4.07479        1        0.286318        1.040448        -1.281073
Mo        4.46147        5.33256        4.14619        1        -0.595027        -0.144279        -0.067922
Mo        2.08308        7.12846        4.34124        1        0.709918        -0.194256        -1.680655
Mo        4.34949        8.80402        4.43892        1        0.849363        -1.036696        -0.679084
Mo        8.33420        10.65321        3.72754        1        0.534411        -0.270672        -0.617234
Mo        10.59331        1.58967        3.79438        1        2.094086        0.153411        -1.269845
Mo        8.52805        3.57391        3.54259        1        -0.367550        1.191047        0.849906
Mo        11.02737        5.26790        4.00756        1        -0.268521        0.330151        -2.205937
Mo        8.52933        7.13562        3.76902        1        0.098030        -0.763885        0.570633
Mo        11.03239        8.80204        3.77952        1        -1.733301        -0.354065        0.133489
Mo        15.11566        10.68197        3.52031        1        -0.500765        0.920948        0.642412
Mo        17.19370        2.12911        3.83075        1        1.072545        -1.116675        2.297016
Mo        14.90852        3.49748        3.49758        1        0.022592        0.862351        2.709239
Mo        17.28991        5.58527        4.09502        1        -0.267063        -2.015327        -0.015141
Mo        15.10513        7.07938        3.79817        1        -0.916056        1.807336        0.836844
Mo        17.29010        9.00897        4.07338        1        0.238126        -0.323638        -1.920561
Te        0.48485        1.99958        5.63837        2        -0.267616        -0.614629        -0.454706
Te        3.84032        3.41218        6.05998        2        0.066512        1.155233        1.228104
Te        5.64706        10.58234        2.50214        2        1.163316        0.141929        0.480846
Te        2.71038        1.85737        2.16316        2        -0.435012        -0.032744        -1.093462
Te        0.42720        5.30680        5.53937        2        0.440835        0.356424        1.212159
Te        3.97725        6.86791        6.37231        2        -0.131264        0.534133        -0.536769
Te        5.68411        3.59321        2.27712        2        0.942339        0.062517        0.728228
Te        2.49564        5.57084        2.08182        2        0.966918        -0.692091        1.403540
Te        0.53790        9.01490        5.65564        2        0.062416        0.326697        -0.037116
Te        4.09173        0.02676        6.12606        2        -0.771123        0.319206        0.819559
Te        5.86072        7.31637        2.55082        2        0.348388        -0.843686        0.686370
Te        2.73613        8.89173        2.32600        2        -0.203468        -0.006475        -0.416268
Te        7.14916        1.64630        5.42451        2        -1.257645        0.947859        -0.483183
Te        10.14567        3.43656        5.65577        2        0.032934        -0.366708        1.022849
Te        12.12082        10.56385        1.97640        2        0.692878        0.749324        0.574814
Te        8.91563        1.84459        1.72809        2        -0.016982        -1.587405        -1.201680
Te        7.05137        5.10039        5.37662        2        -0.212870        0.670556        -0.636620
Te        10.25225        6.89814        5.85351        2        0.102638        1.355681        0.220779
Te        12.56084        3.60251        2.01191        2        -0.559282        -0.162866        0.911645
Te        9.62006        5.42897        1.74213        2        -1.177222        -0.250307        0.831105
Te        7.12561        8.91277        5.58822        2        -0.421618        -0.640670        -0.635252
Te        10.17182        10.55173        5.66212        2        0.275594        -0.372876        0.987544
Te        12.76773        7.04989        2.45534        2        -1.156838        -0.140924        -0.409304
Te        9.07642        8.79069        1.85503        2        0.158676        0.749168        -0.851017
Te        13.25979        1.76514        5.09990        2        0.137472        -0.270067        -0.810839
Te        16.34979        3.54846        6.03289        2        0.201434        0.474699        -1.700018
Te        18.93992        0.28508        2.46286        2        -0.300899        -0.695207        0.799305
Te        15.72386        1.88141        1.65594        2        -0.047903        -0.905444        -1.274466
Te        13.52203        5.29134        5.28398        2        -0.168156        0.105615        -0.049211
Te        16.73128        7.26865        5.94219        2        -0.722512        0.336197        1.949197
Te        18.80146        3.93119        2.58049        2        0.633171        -1.221330        -0.785823
Te        15.82173        5.51650        1.89997        2        0.003787        -1.017392        -1.762818
Te        13.40970        9.15338        5.02579        2        0.407774        -0.644051        0.589437
Te        16.73568        0.04559        5.92800        2        -0.852203        1.218372        -1.057452
Te        18.94828        7.27048        2.64045        2        -0.015060        0.455153        0.145938
Te        15.71389        8.85909        1.66463        2        0.358137        0.123541        0.957174
