54
Lattice="19.535457354 0.000008540 -0.000615361 -0.000005198 10.639921383 0.000045896 0.042448411 0.000094922 30.000000000" Properties=species:S:1:pos:R:3:tags:I:1:forces:R:3 energy=-320.19141948 stress= -13.75824 -4.20776 -3.86605 1.31521 0.65054 -0.31054 pbc="T T T"
Mo        2.49393        10.46650        3.73542        1        -0.437744        0.080944        0.650788
Mo        5.64716        1.87448        3.95982        1        0.516266        -0.682614        -0.277501
Mo        2.46394        3.39978        3.96786        1        0.092112        0.431742        -0.976778
Mo        5.57032        5.32897        3.83353        1        0.510277        0.585556        0.740694
Mo        2.55893        7.01194        3.81118        1        -1.073931        0.133097        -0.362128
Mo        5.74724        8.91111        3.78985        1        0.297845        -0.428591        1.318189
Mo        9.11546        10.61050        3.90238        1        -0.469699        -0.551427        -0.190108
Mo        12.27353        1.64294        3.95566        1        -0.048039        0.391152        0.586642
Mo        8.98952        3.53416        3.95254        1        -0.270151        0.344639        -0.075269
Mo        12.29042        5.34175        4.12819        1        0.038043        -0.737175        -1.370142
Mo        9.01120        7.12801        3.85903        1        0.031991        0.405135        0.419113
Mo        12.37415        8.71766        4.05517        1        0.150485        -0.405819        0.865618
Mo        15.56664        0.04780        4.10003        1        0.174101        0.165843        -0.751182
Mo        18.63702        1.87955        3.90759        1        0.736721        0.287560        0.109601
Mo        15.44902        3.67371        3.94350        1        -0.018850        -0.127704        0.362493
Mo        18.74321        5.45034        3.89437        1        -0.733161        -0.334367        -0.279076
Mo        15.55246        7.19239        3.99277        1        0.559151        -0.723595        0.415573
Mo        18.93810        8.89519        3.89188        1        -0.822998        0.414993        -0.583393
Te        1.32974        1.55559        5.58585        2        0.123212        0.201060        0.040375
Te        4.58246        3.61621        5.76597        2        -0.145485        -0.204345        -0.274475
Te        1.25106        1.71992        2.16196        2        0.297811        -0.066067        -0.192028
Te        4.71318        0.02743        2.10192        2        -0.378559        0.618354        -0.341809
Te        1.28535        5.17455        5.58696        2        0.656337        0.674714        0.472106
Te        4.53064        7.09856        5.65349        2        0.693104        0.254375        -0.387467
Te        1.32079        5.22574        2.13218        2        0.335790        -0.192320        0.153452
Te        4.54767        3.59001        2.12839        2        -0.245071        -0.650030        -0.276842
Te        1.48880        8.69743        5.62383        2        0.082272        0.438485        -0.181462
Te        4.51565        0.01729        5.65696        2        0.417515        -0.207913        -0.641657
Te        1.37799        8.73384        1.87228        2        0.289184        0.118370        1.079939
Te        4.65911        7.14152        2.02192        2        -0.094589        -0.152157        -0.017246
Te        7.88641        1.64705        5.67132        2        -0.059923        0.806197        0.030027
Te        11.09054        3.47791        5.71258        2        0.205318        -0.407809        0.163443
Te        7.91035        1.78455        2.23002        2        -0.172741        0.050790        -0.261869
Te        11.36449        10.36840        2.20682        2        -0.592745        1.016177        -0.027621
Te        7.71778        5.40785        5.57756        2        0.450774        -0.413893        0.133397
Te        11.09363        6.92790        5.86274        2        -0.235260        0.913852        -0.369274
Te        7.81672        5.35013        2.18248        2        0.249159        -0.309656        -0.195744
Te        11.20692        3.52605        2.20716        2        -0.068932        -0.031636        0.674954
Te        7.86923        8.90112        5.66015        2        0.046065        -0.223398        -0.586235
Te        11.16535        10.42726        5.73482        2        0.242923        0.753383        0.116198
Te        7.96020        8.98218        2.00503        2        0.081148        -0.518038        0.720826
Te        11.27978        7.04244        2.20753        2        -0.395111        -0.283163        0.388554
Te        14.40868        1.88048        5.81615        2        -0.122572        -0.301071        -0.649764
Te        17.55875        3.75390        5.70286        2        0.355505        -0.479773        -0.289740
Te        14.37041        1.81743        2.21331        2        0.395856        -0.255555        0.385388
Te        17.64399        0.10653        2.15195        2        -0.258960        -0.421235        0.474184
Te        14.45073        5.38827        5.87764        2        -0.056624        0.074222        -0.771003
Te        17.71445        7.23217        5.73010        2        0.420731        -0.143753        -0.376357
Te        14.35186        5.48264        2.22711        2        0.031554        -0.440808        0.252141
Te        17.58242        3.69953        2.12806        2        -0.208557        -0.095761        0.211401
Te        14.71962        8.84591        5.93401        2        -1.152308        0.515133        -0.399936
Te        17.87086        0.08838        5.72002        2        -0.719178        -0.421097        0.040923
Te        14.44415        8.88535        2.30273        2        0.246254        0.692342        -0.290875
Te        17.63939        7.23746        2.09263        2        0.076394        -0.137621        0.590397
