54
Lattice="19.173937585 0.000456147 -0.025753600 -0.000245476 10.721779888 0.000007040 0.013560576 0.000001770 30.000000000" Properties=species:S:1:pos:R:3:tags:I:1:forces:R:3 energy=-318.31461465 stress= -4.49199 -6.90628 -4.34262 1.47858 0.44331 -1.20852 pbc="T T T"
Mo        2.03902        0.18447        3.93523        1        1.576656        -1.353070        -0.890451
Mo        4.35551        1.47612        4.06742        1        0.416739        0.944925        0.304420
Mo        2.15237        3.64465        3.72879        1        1.036912        -0.133056        0.002411
Mo        4.33216        5.47821        4.08590        1        1.501692        -1.018322        -1.111907
Mo        2.23045        6.93642        3.87824        1        -0.822967        0.435567        0.345388
Mo        4.60117        8.88622        4.14597        1        0.212547        -0.619485        0.266851
Mo        8.65425        0.18372        3.84248        1        -1.206694        -1.172299        0.459500
Mo        10.83099        1.79420        3.82550        1        0.749865        0.257250        0.872865
Mo        8.52171        3.55758        3.90365        1        -0.312901        0.072398        -0.636903
Mo        10.83846        5.47463        3.96277        1        -0.040869        -0.579390        -0.100142
Mo        8.64303        7.11637        3.89543        1        -1.080292        -0.636160        -1.492114
Mo        10.76760        9.08194        4.21538        1        0.240228        -1.381987        -2.407773
Mo        14.90066        10.65987        3.69743        1        0.140580        0.400323        0.617732
Mo        17.22826        1.71452        3.88986        1        -0.947810        0.781372        -0.708135
Mo        15.03219        3.66713        3.68157        1        -0.870678        0.075338        0.329373
Mo        17.33941        5.35187        4.16188        1        -0.685637        0.555958        -0.198682
Mo        14.98652        7.24621        3.81082        1        -0.189186        -0.220240        0.521961
Mo        17.37607        9.04355        3.97662        1        -1.111132        -1.216203        -0.832766
Te        0.43544        1.77816        5.17188        2        0.210818        0.893509        1.067526
Te        3.72353        3.51226        6.03981        2        -0.029042        -0.222551        -1.420765
Te        6.11370        10.71037        2.51090        2        -0.286020        -0.177173        0.199220
Te        2.87675        1.67081        1.79475        2        -0.211890        0.599947        0.625052
Te        0.61050        5.25605        5.65948        2        0.464873        0.189841        -1.129997
Te        3.91111        7.04800        6.07173        2        -0.390518        0.796332        0.486852
Te        5.95187        3.59968        2.66381        2        -0.203337        -0.505932        -0.011347
Te        2.92816        5.52847        1.55652        2        -0.239574        -0.857905        2.088790
Te        0.62038        8.95333        5.32932        2        0.331238        -0.413760        0.212488
Te        3.78572        10.46953        6.10519        2        -0.244388        0.840983        -0.068482
Te        6.04735        7.09421        2.36600        2        0.107870        0.113499        1.052966
Te        2.97324        8.86902        2.12877        2        -0.641073        0.538811        -0.626354
Te        6.77409        1.66509        5.42178        2        1.033150        0.210213        0.009804
Te        10.33903        3.57664        5.89376        2        -0.097809        0.050045        -0.304378
Te        12.36278        10.57209        2.36900        2        0.004807        0.577167        0.253949
Te        9.03153        1.78900        1.83115        2        0.014478        0.613796        -0.450039
Te        7.04169        5.34641        5.47758        2        -0.416064        0.006849        -0.218720
Te        10.17704        7.14548        6.01626        2        0.534990        -0.080253        0.662544
Te        12.40060        3.63002        2.29852        2        0.055658        0.332452        0.391122
Te        8.97700        5.24240        1.84870        2        0.510536        0.430625        0.739886
Te        7.20868        8.87676        5.48590        2        -0.747588        0.483575        -0.363180
Te        10.39253        0.14631        5.97691        2        -0.560370        0.934080        1.026596
Te        12.25206        7.34153        2.46397        2        0.796361        -0.569312        0.147806
Te        9.20092        8.90496        1.89913        2        0.000934        0.342557        0.917284
Te        13.25542        1.81981        5.19630        2        0.746457        0.104732        -0.224842
Te        16.44980        3.52786        5.97840        2        0.315216        -0.279156        -0.791647
Te        18.98695        10.64196        2.23482        2        -0.966839        0.345602        0.604570
Te        15.26694        1.82584        1.75317        2        0.997718        -0.166509        0.280619
Te        13.30048        5.48655        5.30254        2        0.485011        -0.432602        -0.307908
Te        16.62199        7.18539        6.03578        2        -0.011272        0.316669        -0.813480
Te        18.87824        3.65281        2.53144        2        -0.463929        -0.170238        -0.340507
Te        15.87060        5.61717        1.91350        2        -0.465435        -1.204534        -0.164988
Te        13.32457        8.92562        5.32828        2        0.487662        0.460794        0.344600
Te        16.65361        10.71484        5.83687        2        -0.539219        0.305982        0.550386
Te        18.90352        7.16211        2.47934        2        0.188062        -0.249287        0.382496
Te        15.54692        8.88794        1.82731        2        0.576281        0.627306        -0.185719
