54
Lattice="18.429676749 0.000008540 -0.000615361 -0.000005198 10.639921383 0.000045896 0.042448411 0.000094922 30.000000000" Properties=species:S:1:pos:R:3:tags:I:1:forces:R:3 energy=-322.03780182 stress= 0.86637 0.25192 -1.29188 2.21401 -0.86039 0.08938 pbc="T T T"
Mo        2.40923        10.62277        4.08836        1        -0.028068        -0.180914        -0.876557
Mo        5.44764        1.77573        3.93521        1        -0.128242        -0.270705        -0.611841
Mo        2.27659        3.48750        4.01083        1        0.735562        -0.386540        0.012924
Mo        5.37137        5.25465        3.92909        1        0.601714        -0.060063        0.744006
Mo        2.18707        6.98967        4.10835        1        0.713838        0.342071        -0.849769
Mo        5.38192        8.80175        3.98157        1        -0.306642        0.968983        -0.424532
Mo        8.49375        10.62169        3.69617        1        0.109750        0.777202        1.492702
Mo        11.69540        1.82946        3.86795        1        -0.220335        -0.238432        0.141038
Mo        8.52569        3.46843        3.77731        1        -0.616891        0.467358        0.515828
Mo        11.60226        5.36136        3.82751        1        0.002441        -0.661892        0.462421
Mo        8.41884        6.96426        3.88067        1        0.876012        0.575526        -0.079381
Mo        11.55315        8.89244        3.96992        1        -0.559127        -0.074349        0.054114
Mo        14.67326        0.09981        3.92535        1        -0.679189        -0.083850        0.444818
Mo        17.68296        1.73942        3.91240        1        0.286735        0.185472        0.326599
Mo        14.58837        3.74563        3.95530        1        -0.402899        -0.477350        -0.036434
Mo        17.66234        5.34860        3.87857        1        -0.581093        -0.597591        1.223179
Mo        14.56702        7.12853        3.87861        1        0.396118        0.458160        0.833234
Mo        17.70715        8.91216        3.97271        1        -0.396308        -0.047367        -0.151075
Te        1.26946        1.66948        5.84949        2        0.010835        0.546165        -0.380492
Te        4.49647        3.49617        5.81711        2        -0.776698        0.032635        -0.444780
Te        1.38987        1.68532        2.14244        2        -0.389903        0.095887        0.597374
Te        4.37066        10.61497        2.12690        2        0.240831        -0.080394        0.711355
Te        1.18630        5.18107        5.77393        2        -0.040125        0.103059        0.756934
Te        4.34803        7.01320        5.75290        2        0.090706        0.023621        0.513465
Te        1.23517        5.25887        2.21543        2        0.636493        0.096868        -0.751958
Te        4.34311        3.57198        2.15881        2        -0.385349        -0.550415        -0.066134
Te        1.29466        8.84135        5.83995        2        -0.213083        0.129645        0.212166
Te        4.50658        0.02635        5.85350        2        -0.193272        -0.333657        -0.504333
Te        1.43917        8.83685        2.23626        2        -0.807884        0.120291        0.281970
Te        4.22008        7.03582        2.32938        2        0.173318        0.093537        -1.077035
Te        7.52832        1.64622        5.63251        2        0.253039        0.531913        -0.260781
Te        10.50500        3.48145        5.59970        2        0.511218        0.680763        0.161226
Te        7.42094        1.86472        1.92679        2        -0.069473        -0.926311        0.415330
Te        10.62662        0.03139        2.12493        2        0.162745        -0.052672        -0.624136
Te        7.47186        5.23365        5.68642        2        0.037708        -0.395963        -0.071033
Te        10.51570        6.99918        5.70770        2        -0.259705        0.460486        -0.280170
Te        7.37163        5.27013        2.03688        2        0.089176        -0.035154        0.131146
Te        10.61652        3.56532        1.99934        2        0.046822        -0.123229        0.276375
Te        7.50970        8.88943        5.55588        2        0.321940        -0.358533        0.821838
Te        10.55805        0.11963        5.72314        2        -0.166841        -0.501248        -0.785507
Te        7.43501        8.76949        2.11269        2        -0.559326        -0.127121        -0.634009
Te        10.50741        7.07101        2.10011        2        -0.102135        0.586635        0.016328
Te        13.73667        1.83344        5.78301        2        -0.797938        0.448879        -0.459686
Te        16.62175        3.51706        5.76578        2        0.309247        0.505890        -0.572647
Te        13.76086        1.94392        2.09285        2        -0.560264        -0.259938        0.119049
Te        16.57972        0.03072        2.10274        2        1.130678        -0.269285        -0.175474
Te        13.51691        5.46334        5.77889        2        0.167729        -0.276619        -0.330795
Te        16.66994        7.00122        5.74623        2        -0.398204        0.939632        -0.399866
Te        13.60223        5.51989        1.94069        2        0.027314        -0.693136        0.708170
Te        16.59557        3.56881        2.20298        2        0.563599        0.079571        -0.775334
Te        13.61258        8.93271        5.76912        2        0.061418        -0.056483        -0.467374
Te        16.64328        0.07818        5.74560        2        0.327254        -0.624844        0.255471
Te        13.53982        9.01388        2.17642        2        0.325868        -0.420121        -0.342915
Te        16.62213        7.19017        2.10340        2        0.434052        -0.085334        0.200498
