54
Lattice="18.429676749 0.000008540 -0.000615361 -0.000005198 11.065518238 0.000045896 0.042448411 0.000094922 30.000000000" Properties=species:S:1:pos:R:3:tags:I:1:forces:R:3 energy=-314.38774764 stress= 0.87912 -3.98710 5.44374 4.35792 3.27288 0.65412 pbc="T T T"
Mo        2.43414        10.65382        3.93932        1        -0.336992        2.192154        0.735155
Mo        5.47198        1.85789        4.05965        1        0.326324        -1.647110        -0.050354
Mo        2.11643        3.47706        4.03377        1        0.218565        -0.077528        -0.425774
Mo        5.38265        5.52661        3.73084        1        0.958116        0.764870        2.679103
Mo        2.39239        7.30791        3.75166        1        -1.127652        -0.758800        1.297684
Mo        5.36019        9.12781        3.94210        1        1.059967        0.186646        -1.161048
Mo        8.77078        0.36541        4.00547        1        -1.019516        -0.751696        0.517554
Mo        11.70368        2.00446        3.93681        1        -1.940313        -1.096462        -0.542281
Mo        8.41361        3.75906        3.82706        1        -0.224357        -0.051002        -0.148026
Mo        11.53298        5.59398        3.81646        1        -0.507495        -0.709869        0.923962
Mo        8.13497        7.57188        3.81409        1        1.563053        -1.447002        -0.282121
Mo        11.32415        9.21942        3.88154        1        1.106476        1.304406        -0.830134
Mo        14.52348        10.91627        3.92897        1        1.351618        1.693536        0.864592
Mo        17.57532        1.67065        4.04479        1        2.121205        1.529593        1.450814
Mo        14.79235        3.96620        4.13256        1        0.020651        0.308581        -2.149001
Mo        17.55285        5.39590        3.94229        1        1.875710        0.757768        -0.753038
Mo        14.41766        7.41890        3.99841        1        0.148762        1.680842        1.128517
Mo        17.87659        9.25077        3.85554        1        -1.122550        -0.761360        1.724258
Te        1.33920        1.30567        5.85329        2        -0.333362        1.115389        -1.060788
Te        4.30423        3.56894        5.62281        2        -0.100552        1.195034        1.173093
Te        1.36624        1.51939        2.21632        2        -0.144078        0.417262        0.738384
Te        4.78914        10.94451        2.22963        2        -2.271200        1.215640        -0.977652
Te        1.30805        5.42916        5.75244        2        -0.266809        0.369487        -1.063502
Te        4.40231        7.33348        5.59907        2        -0.272699        -1.065868        0.416104
Te        1.12554        5.31481        1.98970        2        0.444879        0.390551        1.414495
Te        4.26963        3.69470        2.37749        2        -0.641670        -1.675218        -1.943495
Te        1.26218        8.93695        5.81040        2        0.735143        -0.099552        -0.728252
Te        4.30002        10.79556        5.72488        2        1.070882        1.037883        1.065848
Te        1.47526        9.22379        2.09869        2        -0.764722        -1.535733        -2.030195
Te        4.44143        7.37605        2.03047        2        -0.021660        -0.036711        -0.612121
Te        7.73698        2.01329        5.88823        2        -1.174634        -0.141746        -0.644348
Te        10.46223        3.81119        5.56669        2        0.682454        0.079260        0.564978
Te        7.39778        1.82753        2.18615        2        0.394603        1.046811        -0.318706
Te        10.63086        0.13322        2.09408        2        0.645041        0.231363        0.039742
Te        7.44060        5.38348        5.72799        2        -0.841468        1.368306        -0.862531
Te        10.20524        7.40920        5.48373        2        0.301888        -0.302975        0.908526
Te        7.40626        5.64816        1.89990        2        0.031132        -0.367823        0.752542
Te        10.49154        3.49956        2.10100        2        0.336763        1.673229        -0.460701
Te        7.30436        9.48404        5.59569        2        1.850758        -0.022473        0.853417
Te        10.87890        0.20981        5.80560        2        -1.326638        -0.122089        -0.339772
Te        7.72764        9.71878        2.13406        2        -0.793478        -1.473557        0.393344
Te        10.43752        7.34223        2.13123        2        -0.949887        0.565410        -0.559608
Te        13.74827        1.97495        5.48598        2        0.665015        -0.395876        3.033239
Te        16.85562        3.63632        5.76942        2        -0.475958        -0.188318        1.260587
Te        13.84590        2.17218        2.41326        2        -0.242547        -0.909291        -1.810782
Te        16.80775        0.06903        2.33063        2        -1.758909        -1.785274        -2.935654
Te        13.49122        5.55229        5.86702        2        -0.233021        0.722105        -0.360744
Te        16.60758        7.27394        5.67930        2        0.086349        0.557845        -0.348779
Te        13.48518        6.01071        2.10613        2        0.527622        -2.335027        -1.087525
Te        16.75119        3.48981        2.14737        2        -0.356543        0.793757        0.225607
Te        13.23003        9.27734        5.69603        2        1.476688        -0.827644        0.597250
Te        16.60699        10.87381        5.73672        2        -0.195885        -0.188694        0.329839
Te        13.64437        9.41890        2.06895        2        -1.284394        -1.432137        -0.330802
Te        16.49970        7.53646        2.25554        2        0.757556        -0.975838        -0.260288
