54
Lattice="21.378425029 0.000008540 -0.000615361 -0.000005198 12.342308804 0.000045896 0.042448411 0.000094922 30.000000000" Properties=species:S:1:pos:R:3:tags:I:1:forces:R:3 energy=-298.35472303 stress= -28.12329 -28.16715 -0.58963 -0.55743 -0.50520 0.06709 pbc="T T T"
Mo        2.70973        0.00443        3.82628        1        -0.024653        0.078864        -0.056251
Mo        6.17622        2.07819        3.98630        1        0.169948        -0.293446        0.139775
Mo        2.55789        4.05392        4.10632        1        0.171129        -0.240846        -0.221789
Mo        6.08777        6.14985        3.90165        1        0.001937        -0.414392        0.222270
Mo        2.63895        8.32736        3.89215        1        0.284452        -0.686044        -0.040522
Mo        6.36354        10.10271        4.02434        1        -0.234058        0.272266        -0.335786
Mo        9.70843        0.12821        3.94140        1        0.629144        -0.429730        0.009529
Mo        13.47890        1.96341        4.17615        1        0.205013        0.223072        -0.228945
Mo        9.71643        4.11295        3.91801        1        0.743569        0.717527        0.084859
Mo        13.46206        6.13468        4.13059        1        0.080712        0.256098        -0.294878
Mo        9.93002        8.19580        3.94143        1        -0.226591        -0.146105        -0.098295
Mo        13.43250        10.25331        3.96336        1        -0.086818        0.305242        -0.070072
Mo        17.01910        0.01395        3.89628        1        0.149146        0.138299        0.112133
Mo        20.61062        2.10176        3.97009        1        -0.847474        -0.248554        -0.091909
Mo        16.91837        4.09780        3.86003        1        0.542232        0.351517        -0.832581
Mo        20.49660        6.13201        3.70655        1        0.059042        0.398728        -0.342025
Mo        17.09177        8.32439        3.81852        1        -0.587729        0.120589        -0.261481
Mo        20.69241        10.49262        3.84500        1        -0.952579        -1.004744        0.407504
Te        1.47935        1.97039        5.62386        2        0.134050        -0.025601        -0.070679
Te        4.97337        4.00374        5.65212        2        -0.104117        0.323473        -0.172833
Te        1.41079        2.05273        2.26377        2        0.442753        0.083916        0.331013
Te        5.12711        0.05855        2.24205        2        0.016537        -0.326388        0.496852
Te        1.29106        6.18202        5.49884        2        0.332515        0.159873        0.116747
Te        4.97692        8.13811        5.65463        2        0.100210        0.159417        -0.635693
Te        1.65525        6.08632        2.30177        2        -0.491397        0.234675        -0.093263
Te        4.75130        3.91353        2.35684        2        0.554398        0.456786        0.101250
Te        1.53929        10.35174        5.46554        2        0.134845        0.171692        0.625823
Te        5.10981        12.15663        5.52744        2        -0.001929        0.271848        -0.248333
Te        1.52900        10.35578        2.21221        2        0.356820        0.059677        -0.348631
Te        4.99180        8.13907        2.27874        2        0.184806        0.307610        0.236009
Te        8.65117        2.21884        5.62471        2        -0.476401        -0.385937        0.120175
Te        12.34933        4.10289        5.68120        2        -0.177715        -0.182193        -0.100260
Te        8.55544        2.29748        2.38573        2        -0.394332        -0.938909        -0.648592
Te        12.15099        12.31211        2.39077        2        0.140513        0.218125        0.336199
Te        8.53949        6.20769        5.46561        2        -0.095389        0.002236        0.181983
Te        12.29003        8.17053        5.58860        2        -0.159430        0.172846        0.391415
Te        8.51636        6.11768        2.25714        2        0.084965        0.164619        0.276719
Te        12.23448        3.97691        2.51807        2        -0.041843        0.132398        -0.075125
Te        8.77372        10.24902        5.55216        2        -0.279905        0.046075        -0.046560
Te        12.12328        0.05086        5.66870        2        0.004701        -0.294602        -0.244177
Te        8.88938        10.16441        2.27881        2        -0.603293        0.380195        0.224586
Te        12.33851        8.17911        2.40187        2        -0.111748        -0.138277        -0.297205
Te        16.18428        2.12689        5.58848        2        -1.007731        -0.381571        0.073436
Te        19.36465        4.27104        5.38598        2        -0.190824        -0.406649        0.362806
Te        15.63998        1.98923        2.27585        2        0.239278        0.118226        0.415734
Te        19.38561        0.06861        2.34376        2        -0.000516        0.278216        -0.338533
Te        15.90811        6.32151        5.40955        2        0.079231        -0.385373        0.551230
Te        19.37875        8.19605        5.43515        2        0.315735        0.271708        -0.063882
Te        15.66419        6.31036        2.23484        2        0.277979        -0.322903        0.155066
Te        19.25908        3.91560        2.13247        2        0.111260        0.451188        0.407935
Te        15.74705        10.33717        5.52186        2        0.433396        -0.068930        0.000680
Te        19.36858        0.05271        5.63233        2        0.195885        -0.005587        -0.347919
Te        15.84796        10.33882        2.24768        2        -0.216812        0.050202        0.084408
Te        19.40226        8.36097        2.17832        2        0.155897        -0.082121        0.123017
