54
Lattice="20.707852593 0.000456147 -0.025753600 -0.000245476 11.134156037 0.000007040 0.013560576 0.000001770 30.000000000" Properties=species:S:1:pos:R:3:tags:I:1:forces:R:3 energy=-313.99888743 stress= -14.89820 -11.06282 -1.13191 1.28547 -0.13701 -1.09196 pbc="T T T"
Mo        2.17588        0.41497        3.90827        1        0.266055        -1.094037        0.191579
Mo        4.71364        2.09771        4.07747        1        0.728767        -0.241202        -0.333271
Mo        2.34782        3.72358        3.91449        1        0.051560        0.342434        0.144769
Mo        4.97194        5.51390        3.83617        1        0.157372        0.040645        0.722587
Mo        2.25432        7.11640        3.77480        1        0.828823        0.428797        1.315942
Mo        5.12208        8.93331        3.74360        1        -0.784299        -0.545638        -0.151112
Mo        9.34963        0.15086        3.90895        1        -0.086592        -0.130336        -0.160222
Mo        11.68495        1.78500        4.05549        1        0.164762        -0.597944        0.607729
Mo        9.26018        3.58387        3.92512        1        -0.134892        -0.651478        -0.277558
Mo        11.71077        5.22758        4.05344        1        0.051241        -0.161642        0.295940
Mo        9.36465        7.51864        3.69105        1        0.691704        2.062185        1.647720
Mo        11.80355        9.49210        4.16940        1        -0.586896        0.393482        -0.458548
Mo        15.98280        0.00529        3.81935        1        -0.390689        0.100909        -0.587661
Mo        18.63309        2.01990        3.81970        1        -0.434348        -0.408968        -0.272456
Mo        15.94061        3.37811        3.96273        1        -0.045843        -0.995904        -0.606562
Mo        18.76125        5.29409        3.94294        1        -0.705343        0.155306        0.364458
Mo        16.10335        7.79055        3.82671        1        -0.220742        -0.024976        0.987343
Mo        18.67442        9.72128        4.06612        1        -0.163443        -1.276142        -2.025598
Te        0.44006        1.81969        5.26340        2        0.321767        0.628280        0.081015
Te        4.15251        3.86059        5.98997        2        -0.045408        0.332418        -0.466527
Te        6.29826        0.06338        2.59637        2        0.196880        -0.172150        0.546356
Te        3.04221        1.95408        2.01313        2        0.165933        0.261508        -1.050703
Te        0.80661        5.48595        5.54994        2        -0.063732        0.174053        -0.810585
Te        4.17460        7.38125        5.72824        2        -0.254212        -0.257058        -0.368541
Te        6.50535        3.46109        2.42957        2        -0.270844        0.781544        0.589565
Te        3.13931        5.55638        1.91304        2        -0.132571        -0.883890        -0.493768
Te        0.66737        9.38312        5.09654        2        0.496515        -0.043951        -0.180724
Te        4.11132        11.01195        5.68938        2        0.110061        0.274819        -0.466053
Te        6.64695        7.27572        2.26599        2        -0.123434        0.338407        0.557570
Te        3.01139        9.28819        2.03356        2        -0.157754        0.111477        0.848560
Te        7.50084        1.91481        5.21546        2        0.174692        -0.280208        -0.175852
Te        10.99689        3.51245        6.01210        2        0.041450        0.550920        -0.013034
Te        13.36232        11.03672        2.44562        2        -0.144812        0.337020        0.602748
Te        9.97884        1.93054        1.92367        2        -0.131249        -0.292378        0.330160
Te        7.71148        5.65604        4.97146        2        -0.522127        -0.292229        0.328150
Te        11.21607        7.28877        5.77839        2        -0.591137        0.402665        -0.357325
Te        13.31405        3.48903        2.66013        2        0.302125        0.001043        -0.441295
Te        9.89478        5.55006        2.16340        2        0.338588        -1.145294        -1.827479
Te        7.65765        9.27961        5.16720        2        0.144966        -0.163629        -0.430043
Te        11.08143        0.10991        6.14042        2        -0.345201        -0.558818        -0.965869
Te        13.34071        7.45197        2.89931        2        -0.405086        -0.030200        -0.504657
Te        10.21486        9.49686        1.93046        2        -0.411998        -0.282773        0.734480
Te        14.32036        1.70563        5.59238        2        0.277450        0.328500        -0.884285
Te        17.73777        3.56824        5.88632        2        0.538938        0.566105        -0.013430
Te        20.16443        0.03078        2.29267        2        0.097509        0.494143        0.486335
Te        16.62946        1.78728        1.88618        2        0.473996        0.282203        0.228865
Te        14.53689        5.50514        4.87441        2        -0.064484        0.307465        0.931116
Te        17.98671        7.45441        5.72134        2        0.088990        0.218489        -0.492944
Te        20.46564        3.72319        2.67413        2        -0.383374        0.181704        -0.221839
Te        16.59664        5.49220        2.32872        2        0.704649        0.241168        -0.375988
Te        14.44211        9.37705        5.30242        2        0.059867        0.018459        0.407653
Te        17.74761        0.24006        5.69325        2        -0.010869        0.849696        2.591500
Te        20.22802        7.56500        2.86134        2        -0.136172        -0.953626        0.236533
Te        16.97405        9.38873        1.96601        2        0.272610        0.262168        -0.417733
