54
Lattice="19.173937585 0.000456147 -0.025753600 -0.000245476 10.309403738 0.000007040 0.013560576 0.000001770 30.000000000" Properties=species:S:1:pos:R:3:tags:I:1:forces:R:3 energy=-317.03918728 stress= 2.60210 4.56091 1.82515 0.85704 -2.42417 -0.37223 pbc="T T T"
Mo        1.93333        0.18941        4.04967        1        1.355881        -0.565540        0.705784
Mo        4.49268        1.47547        4.16964        1        -0.115791        0.837902        -0.678422
Mo        2.01948        3.37114        4.18988        1        0.415836        0.415102        -1.522225
Mo        4.33781        5.01921        4.14529        1        1.899674        -0.522974        0.823373
Mo        2.16693        6.69171        4.21489        1        -0.996375        0.078524        -2.073216
Mo        4.32556        8.56719        4.29725        1        0.468153        -0.385938        -0.678099
Mo        8.63440        0.04455        3.58197        1        -0.261636        -0.276629        1.078762
Mo        10.91520        1.71933        3.53991        1        -0.170906        0.689326        2.479675
Mo        8.47990        3.30621        3.35744        1        1.238155        1.779207        0.774268
Mo        10.99075        5.13078        3.59804        1        -0.633065        1.030096        1.490540
Mo        8.46460        6.77362        3.88479        1        0.851308        -0.153710        -1.628377
Mo        10.90306        8.66488        4.00349        1        -0.892006        -0.860722        -0.736894
Mo        14.72800        0.07244        3.89460        1        1.948564        -0.946085        -0.519133
Mo        17.08739        1.87721        3.97072        1        1.354775        -1.740341        -0.466797
Mo        14.97065        3.70273        3.75333        1        -0.285063        -1.524144        0.216160
Mo        17.32116        5.32323        4.07599        1        -0.823773        -0.746102        -0.515347
Mo        15.00218        6.99141        3.88929        1        -0.358924        0.196128        -1.326480
Mo        17.19362        8.65601        3.82266        1        1.281330        0.030973        1.055815
Te        0.55891        1.77573        5.82967        2        -0.468436        -0.542919        -0.398341
Te        3.87090        3.16491        6.09926        2        0.243132        1.033098        0.757625
Te        6.00010        10.05489        2.53837        2        -0.360108        0.654643        -0.202234
Te        2.79241        1.77590        2.13679        2        -0.168427        -0.345240        -0.425876
Te        0.44399        5.08046        5.81124        2        0.591576        0.397079        -0.516086
Te        3.98894        6.74021        6.20814        2        -0.096246        -0.380866        0.568892
Te        5.85563        3.21211        2.38323        2        -0.120748        0.565937        -0.076041
Te        2.71338        5.02904        2.07658        2        -0.342318        0.505436        0.356312
Te        0.47126        8.58992        5.39925        2        -0.058946        0.165152        0.182739
Te        3.98321        10.23676        6.30969        2        -0.602199        -0.018543        -0.310366
Te        5.91470        6.89634        2.65371        2        0.031016        -0.823618        -0.477927
Te        2.64732        8.54756        2.12209        2        0.218761        -0.000913        0.941840
Te        7.21208        1.76387        5.07101        2        -1.294509        -1.089994        1.534124
Te        10.11990        3.63302        5.52630        2        0.312268        -1.691343        -0.187108
Te        12.51389        0.01033        2.25807        2        -0.499420        -0.006878        -0.292123
Te        9.16958        1.67318        1.48371        2        0.136906        -0.837565        -1.057977
Te        7.12761        4.90795        5.25184        2        -1.276055        0.045524        0.334285
Te        10.34656        6.81362        5.86048        2        -0.167006        -0.079986        -0.523052
Te        12.75827        3.66242        2.11014        2        -1.541169        -0.408456        -0.118963
Te        9.16216        5.28306        1.60780        2        -0.255135        -0.302453        0.028637
Te        6.99629        8.36264        5.37007        2        -0.146179        1.636756        0.694701
Te        10.26362        0.05970        5.82930        2        -0.201489        1.388310        -0.300368
Te        12.52728        7.14970        2.53739        2        0.816438        -0.889798        -1.127969
Te        9.08879        8.46945        1.86328        2        0.751185        -0.073153        -0.624900
Te        13.27197        1.84247        5.22552        2        -0.777241        0.534645        0.181159
Te        16.58064        3.45172        5.84526        2        -0.450980        1.124971        2.401018
Te        18.87468        0.13953        2.36646        2        -0.499323        -0.126422        0.291260
Te        15.38101        1.71562        1.92732        2        0.624815        0.591636        -0.730186
Te        13.33886        5.21958        5.30103        2        -0.100312        -0.005657        0.177418
Te        16.79916        7.08123        5.99318        2        -0.764149        -0.466880        -0.037387
Te        18.86390        3.47754        2.55453        2        -0.056099        -0.215990        -0.020855
Te        15.68232        5.13092        1.76953        2        0.579281        1.739877        0.056162
Te        13.35165        8.65227        5.55394        2        0.056187        -0.195241        -0.324252
Te        16.69663        10.28604        5.87344        2        -0.611635        0.644330        -0.122849
Te        18.97333        6.75836        2.48656        2        0.141957        0.698149        0.241241
Te        15.50310        8.74018        1.76477        2        0.054418        -0.565054        0.601230
