54
Lattice="20.641237959 0.000008540 -0.000615361 -0.000005198 11.916711949 0.000045896 0.042448411 0.000094922 30.000000000" Properties=species:S:1:pos:R:3:tags:I:1:forces:R:3 energy=-307.17378986 stress= -24.76618 -24.01389 1.62366 0.44871 1.27631 0.24562 pbc="T T T"
Mo        2.48836        0.02053        3.86195        1        1.078579        0.371897        0.633510
Mo        5.77870        2.02501        3.95476        1        1.059083        0.408034        -0.870720
Mo        2.61328        3.88229        4.01158        1        0.169832        0.468167        -0.989021
Mo        5.93128        5.96457        3.89549        1        0.159987        0.280546        -0.407117
Mo        2.60236        7.95759        3.81778        1        0.441640        0.847946        -0.352415
Mo        5.95505        9.95195        3.86817        1        0.048414        -0.160118        -0.452762
Mo        9.47911        11.88352        3.78052        1        -0.150107        -0.107011        0.326521
Mo        12.87119        2.03405        3.83976        1        0.802281        -0.835690        1.418192
Mo        9.47125        4.16166        3.96695        1        0.011654        -0.717291        0.370943
Mo        12.91827        5.91849        4.23071        1        0.438862        0.232208        -0.201201
Mo        9.29648        8.00870        3.89556        1        0.722442        -0.712287        0.275529
Mo        13.00694        9.93394        3.80875        1        -0.310297        -0.298044        0.279754
Mo        16.43304        11.79491        4.00931        1        -0.304861        0.560876        0.074469
Mo        19.88150        2.16157        3.83012        1        -0.134989        -1.053911        0.597145
Mo        16.60032        3.76970        4.05354        1        -0.450193        0.862619        0.300078
Mo        19.81577        5.87213        3.96625        1        -0.055311        0.890987        0.049188
Mo        16.51287        7.95263        3.88367        1        0.029205        -0.303130        0.705443
Mo        19.89057        9.78415        3.92094        1        0.622420        1.312863        0.769067
Te        1.46683        1.93721        5.60222        2        -0.278678        0.149606        0.143527
Te        4.83826        4.07026        5.62738        2        -0.038691        -0.323723        0.236609
Te        1.41843        2.00734        2.21591        2        0.375165        0.259814        -0.345690
Te        4.89356        0.01185        2.14438        2        -0.478729        0.128928        0.384706
Te        1.57311        6.02566        5.45690        2        -0.399733        -0.447915        1.423113
Te        4.76229        7.99436        5.54312        2        0.397371        -0.037077        -0.020397
Te        1.42600        5.95744        2.38691        2        0.151001        -0.611906        -1.333388
Te        4.84076        4.07153        2.16435        2        -0.299482        -0.473034        0.442308
Te        1.54939        9.82375        5.58786        2        -0.343347        0.366292        0.034817
Te        4.80014        0.03847        5.51902        2        -0.254486        -0.361569        0.300512
Te        1.50500        10.13493        2.24145        2        -0.516202        -1.371571        -0.930026
Te        4.90356        7.90110        2.12672        2        -0.201804        0.228055        0.317309
Te        8.11904        1.95831        5.50101        2        0.602833        0.167931        0.064228
Te        11.83103        3.96865        5.83294        2        -0.370293        -0.153375        -0.737347
Te        8.32401        2.09043        2.30040        2        -0.235041        0.116021        0.021640
Te        11.89929        11.83074        2.18401        2        -0.391294        0.629054        -0.326655
Te        8.10105        6.00219        5.62374        2        0.569466        0.134697        -0.076493
Te        11.69451        8.08786        5.54810        2        -0.006492        -0.236817        0.358531
Te        8.33890        6.02868        2.24086        2        -0.360314        -0.264006        -0.117432
Te        11.90373        4.03647        2.40409        2        -0.626071        0.640545        -0.458746
Te        8.22873        9.91553        5.47457        2        -0.019830        0.624867        0.737470
Te        11.74504        11.83906        5.48357        2        -0.004390        0.337782        0.019031
Te        8.30071        9.88324        2.18201        2        -0.326837        0.436115        -0.442349
Te        11.74183        7.88455        2.38848        2        0.056952        -0.233086        -0.392719
Te        15.27847        1.91407        5.76377        2        -0.012043        -0.290285        -0.912067
Te        18.89761        3.94717        5.69621        2        -0.426554        -0.122332        0.106788
Te        15.26827        1.95450        2.35347        2        0.169769        -0.231078        0.030574
Te        18.71875        11.85961        2.29960        2        -0.086566        0.186182        0.031014
Te        15.39732        5.90695        5.72170        2        -0.048234        -0.011792        -0.373925
Te        18.76049        7.89017        5.60471        2        -0.199807        0.004570        0.302411
Te        15.35351        5.84525        2.49624        2        -0.266260        -0.123388        -0.191750
Te        18.67903        4.09532        2.21748        2        0.007714        -0.555189        -0.197768
Te        15.13365        9.90759        5.54630        2        0.661118        -0.235428        0.334755
Te        18.79901        11.91401        5.57251        2        -0.118517        -0.026931        -0.318157
Te        15.36824        9.78025        2.20321        2        -0.145325        0.510692        -0.111548
Te        18.86119        8.00287        2.25466        2        -0.709687        -0.860514        -0.561447
