54
Lattice="18.429676749 0.000008540 -0.000615361 -0.000005198 13.193502514 0.000045896 0.042448411 0.000094922 30.000000000" Properties=species:S:1:pos:R:3:tags:I:1:forces:R:3 energy=-305.08962483 stress= -18.65202 -30.47169 -1.54621 -0.84714 -0.43876 0.04664 pbc="T T T"
Mo        2.34262        0.02622        3.75249        1        -0.985010        -0.244449        0.464965
Mo        5.23825        2.23224        3.77206        1        0.616467        -0.164328        0.220458
Mo        2.30193        4.35919        3.90988        1        -0.201032        0.300409        -0.281449
Mo        5.30087        6.61393        3.93545        1        0.220032        -0.511871        0.055151
Mo        2.25959        8.63901        3.85705        1        0.850170        1.037777        0.378439
Mo        5.36470        10.99661        3.91372        1        -0.102824        0.103830        -0.331346
Mo        8.41373        0.03893        4.00886        1        0.226560        -0.174395        -1.274814
Mo        11.47133        1.97950        3.90683        1        0.458186        0.627513        -0.197716
Mo        8.49827        4.38423        3.93321        1        -0.233642        0.039702        -0.685510
Mo        11.51284        6.55998        4.06795        1        0.279251        0.565478        0.210901
Mo        8.47416        8.87859        4.00955        1        -0.231478        -0.721841        0.052075
Mo        11.34206        11.05233        3.92125        1        1.425072        -0.584008        -0.101760
Mo        14.50174        13.11518        3.96967        1        0.099900        0.539403        -0.423379
Mo        17.43939        2.23509        3.95496        1        0.582127        -0.019983        -0.281464
Mo        14.44731        4.53725        4.06600        1        -0.108154        -0.634713        0.277209
Mo        17.63698        6.66119        3.91276        1        -0.148947        -0.258379        0.388976
Mo        14.48773        8.85649        4.05294        1        0.662283        0.235552        0.026168
Mo        17.66944        10.96984        3.85756        1        -0.024264        0.423069        -0.067032
Te        1.35215        2.26787        5.49274        2        -0.314356        -0.484533        0.027693
Te        4.45023        4.32083        5.57277        2        -0.122016        0.033087        -0.037800
Te        1.28242        2.28358        2.21729        2        -0.296169        -0.260737        0.171852
Te        4.42040        13.09364        2.13662        2        0.482679        0.293128        -0.234931
Te        1.52551        6.47515        5.51635        2        -0.756595        0.455367        0.348147
Te        4.49513        8.82606        5.55790        2        -0.383599        -0.194722        0.190451
Te        1.36053        6.60005        2.23405        2        -0.288117        -0.341475        -0.373692
Te        4.33613        4.43847        2.18407        2        0.466566        -0.037984        -0.228945
Te        1.51850        10.89835        5.53393        2        -0.571504        0.311119        -0.676685
Te        4.34653        0.10132        5.52349        2        0.301780        -0.125985        0.002968
Te        1.38827        11.01521        2.09310        2        -0.275925        -0.218662        0.639362
Te        4.53530        8.77335        2.32643        2        -0.379108        0.065200        -0.682630
Te        7.49571        2.32081        5.49670        2        -0.331196        -0.527043        0.060548
Te        10.60872        4.38749        5.64564        2        0.080069        -0.341527        0.029176
Te        7.42324        2.10445        2.13994        2        0.269140        0.301258        0.458810
Te        10.49928        13.07199        2.11441        2        -0.240215        0.410169        0.879144
Te        7.44837        6.42452        5.59035        2        0.273757        0.501574        0.301324
Te        10.57474        8.87559        5.70990        2        -0.131620        -0.076545        -0.153415
Te        7.51106        6.68508        2.32848        2        0.257401        -0.208329        -0.112651
Te        10.73887        4.29765        2.35008        2        -0.276812        0.229819        -0.121077
Te        7.43003        11.13559        5.58627        2        0.396399        -0.318321        0.629329
Te        10.60945        13.10581        5.59697        2        -0.524523        0.304612        0.391621
Te        7.64395        10.85242        2.29229        2        -0.494680        0.745326        0.052503
Te        10.63632        8.76821        2.32143        2        -0.276509        -0.089504        0.160615
Te        13.57260        2.04557        5.67393        2        -0.182942        0.244041        -0.339911
Te        16.59519        4.36474        5.69238        2        0.247015        0.344193        -0.173654
Te        13.74147        2.05800        2.26831        2        -0.706841        0.408716        0.517895
Te        16.51234        0.03941        2.13654        2        0.652156        -0.211016        0.562394
Te        13.65601        6.80428        5.88062        2        -0.290279        -0.489947        -0.906652
Te        16.83980        8.94895        5.64090        2        -0.328571        -0.387765        -0.533953
Te        13.65347        6.67148        2.41006        2        -0.227543        -0.016665        0.013655
Te        16.51757        4.47556        2.34395        2        0.375622        0.143059        -0.156394
Te        13.61918        11.06163        5.65179        2        -0.552374        -0.281780        -0.128963
Te        16.60151        0.04903        5.57874        2        0.846800        -0.347945        0.158165
Te        13.66600        11.03897        2.28811        2        -0.681586        -0.382531        0.281494
Te        16.55279        8.80977        2.22833        2        0.465846        0.001436        0.546285
