54
Lattice="18.429676749 0.000008540 -0.000615361 -0.000005198 11.065518238 0.000045896 0.042448411 0.000094922 30.000000000" Properties=species:S:1:pos:R:3:tags:I:1:forces:R:3 energy=-318.13907349 stress= -2.52797 -9.91660 -4.95260 -0.13917 1.36993 0.02877 pbc="T T T"
Mo        2.35586        0.01674        4.01691        1        -0.457216        0.192316        -0.338633
Mo        5.45701        1.80120        4.06478        1        -0.859014        -0.434812        -0.361328
Mo        2.23657        3.69062        4.02341        1        -0.379801        -0.071811        -0.381623
Mo        5.43039        5.48802        3.99910        1        0.451478        0.415409        -0.044169
Mo        2.44857        7.40955        4.05217        1        0.316193        -0.587141        0.339749
Mo        5.31514        9.17968        4.04083        1        1.540847        0.336734        0.050542
Mo        8.37774        11.01697        3.82530        1        1.441715        1.437791        0.436190
Mo        11.70336        1.71892        3.80460        1        -2.224610        -0.150591        0.116287
Mo        8.44358        3.64049        3.97519        1        0.077154        -0.805428        0.652908
Mo        11.38112        5.58780        3.84856        1        1.299295        -0.909929        -0.159015
Mo        8.64504        7.18748        4.02381        1        -1.972798        0.215210        -1.854532
Mo        11.55718        9.27201        3.73050        1        -1.375979        0.033628        -0.127312
Mo        14.70819        11.06238        3.73217        1        0.227334        0.677969        -0.138609
Mo        17.63268        2.03127        4.07302        1        -1.323964        -1.485953        -0.475069
Mo        14.54341        3.74648        3.96389        1        -0.440916        -0.777914        -0.922886
Mo        17.80998        5.52333        3.89745        1        0.260942        1.085546        -0.561638
Mo        14.39823        7.52459        3.83260        1        0.890735        -0.448712        -0.220143
Mo        17.69543        9.18794        3.93471        1        -0.779203        1.172225        0.332736
Te        1.19534        1.77928        5.79012        2        0.762981        0.694561        0.380636
Te        4.34557        3.58598        5.72206        2        -0.043321        0.621832        0.537791
Te        1.13640        1.77098        2.26329        2        1.264725        0.661993        -0.108874
Te        4.45064        0.10335        2.22743        2        -0.307277        -0.790484        0.169709
Te        1.39959        5.51001        5.86365        2        -0.427399        0.480964        -0.783573
Te        4.61656        7.31358        5.92254        2        -0.857080        0.088459        -0.760787
Te        1.70755        5.78840        1.96364        2        -1.520448        -1.135591        1.554284
Te        4.27443        3.57560        2.33264        2        0.686174        0.436714        -0.539608
Te        1.30128        9.27970        5.75977        2        -0.015791        -0.585481        0.146983
Te        4.32028        11.03031        5.86234        2        0.575924        0.043448        -0.208264
Te        1.35290        9.19355        2.29327        2        0.396337        0.220739        -0.475038
Te        4.45064        7.46409        2.16177        2        0.217633        -0.541275        0.621435
Te        7.40048        1.79496        5.85121        2        0.953623        -0.159414        -0.483409
Te        10.61866        3.63861        5.67239        2        -0.012924        -0.339011        -0.632025
Te        7.39988        1.95987        2.16946        2        -0.148944        -0.846786        -0.192043
Te        10.40401        10.91521        1.85954        2        0.071802        0.801285        1.212384
Te        7.54675        5.34053        5.85244        2        -0.320034        0.836912        -0.425731
Te        10.56705        7.44045        5.61416        2        1.524767        0.407541        1.330784
Te        7.52906        5.42759        2.15011        2        -0.580801        0.307863        0.489595
Te        10.39059        3.49348        2.12862        2        0.937791        0.712392        0.094006
Te        7.71203        9.21094        5.66913        2        -1.464105        -0.621951        0.184786
Te        10.47683        0.06555        5.69262        2        0.116541        -0.399194        -1.358829
Te        7.54708        9.00013        2.26426        2        -1.063492        0.106257        -0.018271
Te        10.48349        7.34000        1.92192        2        0.205194        -0.036750        0.842800
Te        13.64306        1.60161        5.60993        2        0.341885        1.757812        0.271713
Te        16.47386        3.97252        5.67437        2        1.207247        -0.658310        1.067365
Te        13.63642        1.76740        1.99937        2        0.525828        0.885039        -0.014270
Te        16.78354        0.10876        2.04291        2        0.336126        -0.357475        0.992305
Te        13.36689        5.66051        5.78550        2        0.588172        -0.043580        -1.249590
Te        16.56752        7.30695        5.58788        2        -0.086919        0.548144        -0.099230
Te        13.56016        5.44775        2.15962        2        -0.488550        0.793457        -0.171264
Te        16.77442        3.75039        2.15996        2        -0.657553        0.211015        0.110468
Te        13.51262        9.58242        5.47427        2        0.188754        -2.410092        1.293570
Te        16.63786        0.09784        5.90460        2        0.148522        -0.436691        -1.666734
Te        13.54664        9.37877        1.85771        2        0.415613        -0.711427        0.673454
Te        16.67376        7.44557        2.06268        2        -0.157535        -0.446726        0.889454
