54
Lattice="19.173937585 0.000456147 -0.025753600 -0.000245476 10.515591813 0.000007040 0.013560576 0.000001770 30.000000000" Properties=species:S:1:pos:R:3:tags:I:1:forces:R:3 energy=-315.15373057 stress= -0.47514 -0.87271 -2.24429 -2.65932 -2.49851 0.78256 pbc="T T T"
Mo        2.12316        10.33358        3.89721        1        1.279640        -0.032003        1.632430
Mo        4.49768        1.44635        4.30056        1        -0.244440        1.616232        0.192385
Mo        2.04062        3.47766        4.30347        1        0.283684        -0.001880        -0.818231
Mo        4.34622        5.01287        4.31878        1        -1.124274        1.616496        -2.373477
Mo        2.22204        6.96816        4.27373        1        -0.902567        0.333304        -1.276683
Mo        4.60231        8.58058        4.31368        1        -1.521262        1.240399        -1.555663
Mo        8.55488        10.38139        3.81175        1        0.509390        0.218557        -0.242294
Mo        10.98258        1.70520        3.76650        1        -0.827396        2.051458        0.017940
Mo        8.33387        3.45568        3.95259        1        1.950126        0.552338        -2.948232
Mo        10.76575        5.25314        3.87790        1        -0.495917        1.062004        -1.857654
Mo        8.45025        6.97215        3.78566        1        0.926317        -0.131107        0.046511
Mo        10.91830        8.75580        4.00148        1        -0.147810        0.074733        -0.473527
Mo        15.03972        0.02826        3.71116        1        -0.738766        -1.128264        0.139809
Mo        17.18172        1.65517        4.09575        1        0.528175        0.835472        -1.074985
Mo        15.01979        3.74266        3.56542        1        -0.841026        -1.099501        -1.773105
Mo        17.28441        5.28707        3.87977        1        -0.270536        -0.112242        0.700921
Mo        15.00140        6.98540        3.43788        1        0.098590        1.786522        0.360396
Mo        17.34863        9.01414        3.83021        1        -0.263724        -0.800991        1.058465
Te        0.53965        1.47036        5.58039        2        -0.278570        0.860849        -0.044502
Te        4.34928        3.52041        6.37252        2        -1.268565        -1.764447        0.286846
Te        6.05335        10.41966        2.74495        2        -0.353807        -0.299946        -0.687463
Te        2.87994        1.64193        2.17555        2        0.060667        1.204367        0.147035
Te        0.43487        5.17586        5.89881        2        0.329843        0.112334        -1.245169
Te        3.99182        7.07231        6.28772        2        -0.415471        -1.455475        0.948678
Te        5.72762        3.55318        2.33367        2        0.416689        -0.853497        1.146691
Te        2.56292        5.31074        2.20971        2        0.578048        -1.114238        0.551085
Te        0.71306        8.76713        5.67587        2        -1.254579        -0.360669        -0.213887
Te        3.66587        10.35087        6.25416        2        0.174133        0.282866        -0.682817
Te        5.72781        6.85285        2.56907        2        0.733973        0.294432        -0.157977
Te        2.83788        8.62558        1.97723        2        0.149298        -0.226581        1.353220
Te        7.10447        1.70540        5.42210        2        -0.795474        -0.680607        0.863768
Te        10.45976        3.64129        5.84315        2        -0.633061        -1.135721        -0.057245
Te        12.54407        0.18660        2.31874        2        0.318746        -1.223200        -0.419999
Te        9.13768        1.55440        1.82325        2        -0.356855        1.097869        0.222664
Te        6.79740        5.26346        5.08482        2        1.605253        -0.226417        2.167317
Te        10.20415        7.10349        5.97620        2        -0.077296        -0.483083        -0.881125
Te        12.52489        3.79484        1.84978        2        -0.553818        -0.408746        1.464233
Te        8.63207        5.26985        1.71298        2        1.205826        -0.915244        1.249319
Te        7.12904        8.67150        5.51884        2        -0.142878        0.170455        0.215924
Te        10.27087        0.24427        5.73749        2        0.427094        -1.121232        1.818665
Te        12.32431        7.03042        2.18398        2        0.290554        0.224577        0.288771
Te        9.28855        8.63190        1.92755        2        -0.394833        0.325755        -1.082069
Te        13.43178        2.00770        5.04863        2        -0.143975        -0.874953        0.161023
Te        16.32551        3.51959        5.76921        2        1.020225        0.767838        1.471547
Te        18.97017        0.28423        2.40844        2        -0.590829        -0.987047        -0.013045
Te        15.62565        1.71108        1.77453        2        0.518738        1.002584        -0.061383
Te        13.40524        5.36171        4.89883        2        -0.752544        0.255219        1.290901
Te        16.50771        7.18086        5.68114        2        0.171377        -0.356996        -0.117790
Te        18.88410        3.53716        2.50173        2        0.466366        -0.579410        0.699683
Te        15.67414        5.30493        1.55811        2        0.707049        0.008872        -0.600444
Te        13.39010        8.74316        5.18728        2        0.568035        0.183164        -0.185714
Te        16.39512        0.07584        6.09182        2        0.408474        -0.726092        -1.072688
Te        19.01713        6.92573        2.52350        2        -0.231344        1.118223        0.318855
Te        15.75490        8.89999        1.56216        2        -0.080757        -0.206568        1.068733
