54
Lattice="19.174335959 0.000456436 -0.025753600 -0.000245188 11.952133320 0.000007040 0.013560858 0.000001769 30.000000000" Properties=species:S:1:pos:R:3:tags:I:1:forces:R:3 energy=-309.09854404 stress= -7.75056 -15.13455 -0.75991 1.01230 -1.39711 0.44288 pbc="T T T"
Mo        1.94374        11.81318        3.83505        1        1.404463        0.559730        -0.671499
Mo        4.49117        1.65066        3.99484        1        -0.990641        0.334196        0.012269
Mo        1.82353        3.39506        3.93996        1        1.198772        -0.173936        -0.841377
Mo        4.97181        6.66849        3.95032        1        -0.101190        -0.388088        -0.337913
Mo        2.13534        8.15257        3.67317        1        -0.429595        -0.451788        0.342255
Mo        4.49181        10.11947        3.81831        1        0.044427        -0.563613        0.063648
Mo        8.81910        0.31986        3.74461        1        -0.458231        -1.284299        -0.273257
Mo        10.94293        2.21607        3.97600        1        -1.015699        1.780163        0.145478
Mo        8.74210        4.09917        4.11773        1        -0.437587        -0.002433        -1.139742
Mo        10.85477        5.78819        4.11109        1        0.919490        -0.420418        -1.755222
Mo        8.51744        7.68966        3.67477        1        0.291475        -0.141500        0.914681
Mo        10.77922        9.91070        4.15878        1        -1.184684        -0.567993        -0.068705
Mo        14.71850        11.90925        3.92039        1        0.266039        -0.955424        -0.043907
Mo        17.09180        1.53751        4.11419        1        -1.176378        0.750811        0.192001
Mo        15.27318        3.96836        3.67732        1        -1.028350        -1.142278        -1.166510
Mo        17.08782        6.29690        4.14821        1        1.313784        -0.797486        -0.464836
Mo        14.75764        8.21816        3.95859        1        0.132195        0.206963        -0.868103
Mo        17.23307        9.88828        3.74932        1        -1.219592        1.553069        1.051558
Te        0.50196        1.62330        5.27960        2        -0.742750        0.176519        1.088012
Te        3.98314        3.70046        5.52437        2        -0.835795        0.730931        0.096313
Te        6.17372        0.22284        2.73623        2        0.637054        -1.052763        -1.149976
Te        2.60794        1.80153        1.81837        2        0.246131        -0.076450        1.547777
Te        0.62920        5.96468        4.68494        2        0.024574        0.006141        0.239540
Te        3.75331        8.21894        5.71830        2        0.576491        0.331120        0.544728
Te        6.14332        3.99271        3.21213        2        -0.710014        0.809214        -0.179167
Te        2.81989        5.70836        2.37963        2        0.457251        0.720125        0.528203
Te        0.46521        10.08651        5.28138        2        0.361868        -0.895787        -0.207095
Te        3.98926        11.69648        5.77827        2        -0.746578        0.934702        1.118199
Te        6.02180        8.40246        2.34653        2        0.501050        -0.731116        -0.492627
Te        2.57178        9.98535        1.95633        2        0.268442        0.553938        -1.675424
Te        7.38573        1.93198        5.52401        2        -0.422058        0.049397        -0.159938
Te        10.62753        3.98746        6.07781        2        -0.374146        -0.258000        -0.115485
Te        12.16495        0.22115        2.76339        2        0.560328        -1.344268        -1.146004
Te        8.87489        2.10955        1.89122        2        1.102695        1.482076        0.185444
Te        7.30845        6.31660        5.88025        2        -0.347929        -0.204958        -1.756491
Te        10.32558        7.63275        5.89599        2        -0.491269        1.387993        -0.276258
Te        12.71465        4.14624        2.60979        2        -0.864932        -0.446864        0.200918
Te        9.25591        5.95683        1.66174        2        -0.053174        -0.232141        2.157190
Te        7.36308        10.01631        5.00496        2        0.288104        0.126580        -0.061381
Te        10.44905        0.13639        5.77092        2        -0.022615        -0.061820        1.026762
Te        12.22751        8.00944        2.64756        2        0.344546        -0.045012        0.235918
Te        9.45749        10.08096        1.79697        2        -0.359493        -0.168206        1.414133
Te        13.21801        1.79126        5.40630        2        1.567466        0.433801        -0.120232
Te        16.83195        4.02867        5.63962        2        0.590304        -0.524089        1.927945
Te        18.54165        0.32299        2.33279        2        0.661985        -1.728422        -0.372610
Te        15.47504        1.58014        1.81433        2        -0.168091        0.770201        1.263240
Te        13.72120        5.93185        5.34011        2        -0.223686        -0.219003        -0.449206
Te        16.70757        8.26907        5.77348        2        -0.377139        -0.144785        1.886964
Te        18.29599        3.72365        2.52437        2        0.096301        0.246928        0.434962
Te        15.61888        6.05158        2.08702        2        -1.302231        0.791594        -1.212948
Te        13.22656        9.93004        5.58317        2        0.307539        -0.328639        -0.600769
Te        16.39170        11.58198        6.02231        2        0.420430        0.817715        -0.973952
Te        18.26746        8.06614        2.25324        2        1.703669        -0.736818        -0.464181
Te        15.21873        9.89907        1.90274        2        -0.206887        0.522378        0.419272
