54
Lattice="20.272644424 0.000008540 -0.000615361 -0.000005198 10.639921383 0.000045896 0.042448411 0.000094922 30.000000000" Properties=species:S:1:pos:R:3:tags:I:1:forces:R:3 energy=-314.06386545 stress= -18.28823 -3.83318 -1.59505 -1.71968 -2.22888 1.78871 pbc="T T T"
Mo        2.83525        10.61725        3.92631        1        -1.301635        0.978928        -1.024760
Mo        6.11053        1.82680        4.25868        1        0.354364        0.069927        -1.789092
Mo        2.55102        3.34177        3.80639        1        -0.068610        0.478613        1.031194
Mo        5.91584        5.41258        3.96663        1        -0.692129        0.180972        -0.473616
Mo        2.57206        7.21811        3.66118        1        0.974246        -1.007870        0.890342
Mo        6.07176        8.71577        4.15079        1        0.319345        2.198460        -2.227328
Mo        9.46711        0.20567        3.96934        1        -0.338303        0.785649        0.960950
Mo        12.73309        1.74394        3.87422        1        -0.571634        0.344742        2.257326
Mo        9.20065        3.62822        3.77442        1        0.324226        0.413698        1.305141
Mo        12.66594        5.18552        3.95453        1        0.220855        0.555705        -0.287160
Mo        9.39197        7.11180        3.99402        1        0.677043        1.862807        0.195711
Mo        12.60565        8.66558        4.10632        1        1.100560        1.464601        -1.559661
Mo        15.77366        10.57989        3.94414        1        1.043730        0.731432        -0.893516
Mo        19.51430        1.56044        3.70284        1        0.256653        0.275634        0.251768
Mo        16.29758        3.46424        3.81896        1        -0.748929        -0.151923        0.551333
Mo        19.54211        5.33279        3.77262        1        0.470644        -0.171703        -0.979060
Mo        16.13403        7.06031        4.19705        1        -0.374254        0.294040        -1.239295
Mo        19.35562        8.92898        3.89697        1        0.114063        -0.466121        -0.155248
Te        1.37298        1.46948        5.60568        2        -0.037330        1.318482        -0.259887
Te        4.63864        3.58911        5.71559        2        0.230194        0.392566        0.168876
Te        1.56736        1.64158        1.92459        2        0.020711        0.049321        0.776922
Te        5.07227        10.49573        2.25297        2        0.221299        0.363295        1.061069
Te        1.54364        5.34734        5.41931        2        -0.349670        -0.078142        0.339583
Te        4.71043        7.14484        5.64064        2        -0.895603        -0.737591        0.624912
Te        1.54169        5.21298        2.11025        2        -0.383405        0.425955        -0.703110
Te        4.86382        3.38340        2.39925        2        0.310839        0.430609        -0.747320
Te        1.46869        8.88440        5.57856        2        -0.249428        -0.460294        -0.107303
Te        4.79792        0.18438        5.71792        2        0.553009        -2.077378        1.541251
Te        1.43456        9.15731        2.21921        2        -0.955381        -1.362253        -0.987225
Te        4.78944        7.14476        1.88139        2        0.276575        -0.217662        1.672419
Te        8.30776        2.19448        6.01899        2        -0.145347        -0.953429        -1.682460
Te        11.47103        3.53148        5.63737        2        -0.215188        -0.448363        -0.358321
Te        7.97236        1.75414        2.20363        2        0.851087        0.582147        0.352517
Te        11.65273        10.58487        2.29428        2        -0.442391        -0.851473        -0.466201
Te        8.09371        5.54453        5.66839        2        -0.021491        -0.982211        0.045643
Te        11.65423        7.00692        5.81425        2        -0.917735        -1.036484        0.340327
Te        8.05238        5.67362        2.21157        2        0.080412        -1.361911        -0.355470
Te        11.52859        3.36012        2.05207        2        -0.457378        0.998020        0.677076
Te        8.30517        9.14780        5.76585        2        0.062195        -0.851476        -0.232890
Te        11.64490        0.04204        5.77144        2        -0.174220        -0.159064        -0.248674
Te        8.37823        9.07244        2.29750        2        -0.376380        -0.851319        0.205084
Te        11.50492        6.98049        2.13818        2        0.208226        -0.010603        0.940235
Te        15.04022        1.73447        5.64488        2        -0.792848        1.269197        0.528801
Te        18.61680        3.46684        5.35486        2        -0.562112        -0.359993        1.150727
Te        14.69805        1.88476        2.18537        2        1.614754        -0.609426        -0.954353
Te        17.83164        10.61149        2.18972        2        1.206907        -0.465449        -0.358556
Te        15.10615        5.11342        5.81608        2        -0.302517        0.160598        -0.743627
Te        18.44724        6.97343        5.67056        2        0.139684        0.534002        0.128817
Te        14.91082        5.32516        2.33999        2        0.563161        0.108152        0.012802
Te        18.50791        3.36924        1.92858        2        -0.343352        0.738464        0.412879
Te        14.85050        9.01334        5.82736        2        -0.306439        -1.723720        0.374071
Te        18.07606        0.02351        5.60761        2        0.499709        -0.180527        -0.383867
Te        14.83652        8.69214        2.31522        2        -0.455362        -0.375058        0.057373
Te        18.24902        7.12423        2.15620        2        -0.175243        -0.048483        0.385045
