54
Lattice="18.429676749 0.000008540 -0.000615361 -0.000005198 13.619099370 0.000045896 0.042448411 0.000094922 30.000000000" Properties=species:S:1:pos:R:3:tags:I:1:forces:R:3 energy=-300.76886736 stress= -20.27150 -33.94361 -2.36446 -0.95960 -0.53071 -0.01044 pbc="T T T"
Mo        2.22141        0.08431        3.89923        1        0.199809        -0.238668        0.193606
Mo        5.35950        2.22777        3.95630        1        0.130821        0.195462        0.041466
Mo        2.23262        4.45658        3.99111        1        0.332583        0.699702        0.308244
Mo        5.21187        6.77604        3.97479        1        -0.056058        0.059267        -0.270331
Mo        2.25581        9.16782        3.90970        1        0.680658        -0.477523        0.149765
Mo        5.26707        11.48057        3.96303        1        0.063029        -0.495888        -0.352672
Mo        8.43187        13.59807        3.95078        1        0.242252        0.332396        -0.326389
Mo        11.61772        2.28479        3.94307        1        -0.226915        -0.062416        -0.773735
Mo        8.38699        4.47079        3.82739        1        0.118363        0.007351        -0.054511
Mo        11.43964        6.65921        3.86775        1        -0.167384        0.733092        -0.630040
Mo        8.23310        9.02520        4.01336        1        0.164380        0.057168        -0.083069
Mo        11.33379        11.32359        3.96002        1        -0.013382        0.075109        0.380093
Mo        14.55185        0.08508        3.92676        1        0.164552        -0.368434        -0.126127
Mo        17.64897        2.31394        3.83572        1        -0.564366        0.020168        0.750624
Mo        14.64456        4.51493        3.88208        1        -0.093916        0.379968        0.198577
Mo        17.70492        6.84182        3.98431        1        0.108163        -0.314669        0.916836
Mo        14.51525        9.01077        3.92849        1        0.499216        0.320948        -0.126341
Mo        17.64183        11.36565        3.84941        1        0.178157        -0.187815        0.647103
Te        1.31480        2.38995        5.51429        2        0.011528        -0.854664        0.712105
Te        4.45569        4.52074        5.67394        2        -0.238777        -0.201067        -0.419505
Te        1.36230        2.28550        2.24091        2        0.177516        0.039672        -0.382502
Te        4.41340        0.02690        2.28390        2        -0.027376        0.131926        0.092530
Te        1.43144        6.77169        5.76562        2        -0.367976        0.174402        -0.689115
Te        4.40773        9.10116        5.69037        2        -0.246767        0.123625        -0.944752
Te        1.49988        6.76906        2.44987        2        -0.230972        0.194214        -0.537695
Te        4.31484        4.45160        2.32824        2        0.607762        0.016376        -0.156353
Te        1.42318        11.33619        5.50812        2        -0.385608        0.395351        -0.069404
Te        4.40527        0.06279        5.63180        2        -0.221178        0.042517        -0.292395
Te        1.30284        11.37729        2.13086        2        0.253166        0.004119        0.458599
Te        4.41715        9.10941        2.16962        2        -0.222107        0.118885        0.972662
Te        7.58955        2.34933        5.62242        2        -0.282633        -0.353230        -0.424729
Te        10.60529        4.55339        5.47301        2        -0.129951        -0.418709        0.436366
Te        7.52412        2.11629        2.23242        2        -0.185582        0.353807        0.339277
Te        10.66644        0.02230        2.21825        2        -0.528864        -0.008054        0.613693
Te        7.39534        6.74951        5.56213        2        0.178060        -0.101344        0.136973
Te        10.38196        9.00139        5.73010        2        0.001274        0.038796        -0.738591
Te        7.35866        6.75969        2.27075        2        -0.023193        -0.027786        0.144375
Te        10.62093        4.46003        2.21023        2        -0.111392        -0.026991        0.020980
Te        7.41590        11.45357        5.58825        2        0.261301        -0.148999        -0.000702
Te        10.67756        0.05388        5.54969        2        -0.184687        -0.125458        0.024016
Te        7.42668        11.39810        2.22494        2        0.032158        0.036790        0.630971
Te        10.35199        8.86787        2.30964        2        0.207390        0.335241        0.227745
Te        13.79667        2.31969        5.49801        2        -0.008262        0.076583        0.596850
Te        16.77362        4.50470        5.69352        2        -0.258131        0.159481        -0.855343
Te        13.83872        2.27454        2.20939        2        -0.430470        0.081780        0.278391
Te        16.77930        13.59542        2.32489        2        -0.263453        0.114477        -0.293507
Te        13.57183        6.87123        5.44463        2        0.550404        -0.405720        0.601243
Te        16.75054        9.16685        5.63746        2        -0.235200        -0.242424        -0.521004
Te        13.65028        6.86400        2.15308        2        -0.183290        -0.219833        0.350302
Te        16.78977        4.63631        2.28160        2        0.236369        -0.067252        -0.042279
Te        13.62010        11.22759        5.57357        2        -0.290865        0.132615        -0.223828
Te        16.68607        0.03590        5.63937        2        0.175050        -0.079065        -0.457866
Te        13.35979        11.53155        2.28886        2        0.869710        -0.447631        -0.344410
Te        16.81846        8.94795        2.33494        2        -0.380224        0.422081        -0.075092
