54
Lattice="19.904050889 0.000008540 -0.000615361 -0.000005198 10.639921383 0.000045896 0.042448411 0.000094922 30.000000000" Properties=species:S:1:pos:R:3:tags:I:1:forces:R:3 energy=-319.63297852 stress= -17.21740 -3.86098 -1.06669 0.32533 -0.90181 0.46663 pbc="T T T"
Mo        2.50210        10.60230        3.82122        1        0.356457        -0.691887        0.843910
Mo        5.62806        1.80773        4.01326        1        1.278853        0.168602        0.094540
Mo        2.62066        3.47567        3.98422        1        -0.590029        0.692733        -0.937936
Mo        5.73076        5.34757        3.95681        1        0.397899        -0.178563        0.217355
Mo        2.44883        7.01826        3.97799        1        0.222405        1.046563        0.516936
Mo        5.75086        8.92703        4.05664        1        0.435048        -0.052182        -0.687771
Mo        9.22594        0.08459        3.96910        1        -0.047949        0.177445        0.452876
Mo        12.57406        1.66166        3.88326        1        0.049405        0.503842        0.662239
Mo        9.09697        3.64462        4.07078        1        0.722347        0.333439        -0.716265
Mo        12.43525        5.27652        3.87287        1        0.393186        0.279625        0.315120
Mo        9.17270        7.14438        4.03625        1        -0.274110        0.011467        -0.219903
Mo        12.50749        8.78000        3.93766        1        -0.232994        0.064346        -0.467541
Mo        15.89218        10.53391        3.78620        1        -0.334540        0.106808        -0.149457
Mo        19.14470        1.87686        3.89806        1        0.758055        -0.154789        -0.873646
Mo        15.84073        3.38725        3.82133        1        0.005860        0.781603        0.306078
Mo        19.05257        5.38411        3.87515        1        0.999283        -0.073345        0.530411
Mo        15.87255        6.99338        3.82203        1        0.680684        0.411927        0.514514
Mo        19.21766        8.92172        3.93167        1        0.842384        0.064373        -0.985937
Te        1.47302        1.73945        5.65446        2        -0.592381        -0.151745        0.081215
Te        4.65204        3.64444        5.81600        2        0.109461        -0.467554        -0.142153
Te        1.45344        1.70626        2.11853        2        -0.219267        0.809350        0.071490
Te        4.73157        0.04304        2.12784        2        -0.103939        -0.283331        0.504365
Te        1.35594        5.24298        5.72178        2        -0.265084        -0.049572        -0.307769
Te        4.69492        7.04761        5.76379        2        -0.553224        0.487027        0.056974
Te        1.41687        5.30370        2.19049        2        -0.159524        -0.621297        0.188083
Te        4.73704        3.55552        2.16070        2        -0.369895        0.124560        0.030772
Te        1.42470        8.91523        5.76283        2        0.015228        -0.323257        -0.701695
Te        4.53436        10.62072        5.74604        2        0.143028        0.301911        0.023376
Te        1.43460        8.77062        2.07134        2        -0.002719        0.161859        0.595559
Te        4.57182        7.17802        2.29081        2        0.486618        -0.207035        -0.313108
Te        7.94486        1.90441        5.73291        2        -0.129079        -0.655818        0.102232
Te        11.42718        3.51600        5.71510        2        -0.152803        -0.282335        -0.511786
Te        7.98932        1.92925        2.32805        2        -0.326785        -0.540135        -0.166502
Te        11.36094        10.62671        2.15983        2        -0.024293        -0.416430        0.124229
Te        7.95133        5.44719        5.73715        2        -0.125378        -0.253683        0.383350
Te        11.44284        7.02674        5.76132        2        -0.261539        0.049948        -0.402701
Te        7.89416        5.43628        2.26727        2        0.579962        -0.242555        0.073610
Te        11.36196        3.44840        2.19308        2        -0.529228        0.283023        0.119784
Te        8.05976        8.96054        5.70996        2        -0.179790        0.209605        0.404064
Te        11.55043        10.57222        5.73258        2        -0.633170        0.191875        -0.241656
Te        8.00621        8.91476        2.30190        2        -0.111990        0.280460        -0.054415
Te        11.17434        7.11774        2.18384        2        0.714657        -0.397623        0.046696
Te        14.77386        1.61232        5.64156        2        0.061013        0.072436        -0.403104
Te        17.95590        3.61809        5.62002        2        -0.067475        -0.166480        0.161642
Te        14.69370        1.68429        2.07329        2        0.063113        -0.303668        -0.154764
Te        18.16174        0.02072        2.04947        2        -0.374497        0.197243        0.493295
Te        14.69653        5.19164        5.59131        2        0.033041        0.038343        -0.327312
Te        18.10601        7.27221        5.69981        2        -0.693674        -1.028141        -0.217428
Te        14.68351        5.29066        2.15143        2        -0.300978        -0.689075        -0.354775
Te        18.05146        3.60735        2.06578        2        -0.312584        -0.112825        0.177134
Te        14.76510        8.72990        5.54558        2        0.002651        0.260885        0.357081
Te        18.06484        0.03611        5.49547        2        -0.608430        0.471929        1.256343
Te        14.63403        8.71871        2.10185        2        0.195815        0.247979        -0.012651
Te        18.17232        7.22895        2.13830        2        -0.938018        -0.478738        -0.358317
