54
Lattice="19.173937585 0.000456147 -0.025753600 -0.000245476 10.721779888 0.000007040 0.013560576 0.000001770 30.000000000" Properties=species:S:1:pos:R:3:tags:I:1:forces:R:3 energy=-315.80708693 stress= -0.92700 -6.49927 -2.06961 1.10824 2.45055 -0.36807 pbc="T T T"
Mo        2.18325        10.64090        4.03796        1        0.495658        0.100029        -0.788505
Mo        4.33598        1.84268        4.22331        1        -0.956860        -0.288871        0.408806
Mo        1.96602        3.79767        3.95345        1        0.856501        -0.209400        0.533140
Mo        4.39508        5.31219        4.33284        1        0.323464        0.235131        -0.933163
Mo        2.08235        7.33417        3.94007        1        1.933964        -1.629453        0.291405
Mo        4.47466        8.81510        4.29948        1        -0.068143        0.863996        -0.361656
Mo        8.50192        10.63478        3.79215        1        -0.651053        0.902399        -0.696471
Mo        10.79181        1.81915        3.72637        1        1.654299        0.571377        1.296611
Mo        8.56147        3.42383        3.89441        1        -0.215668        0.157116        -0.145040
Mo        11.01840        5.33938        3.90819        1        -0.184418        -0.351729        1.448403
Mo        8.67889        6.94377        3.69714        1        0.427892        0.724298        1.556928
Mo        10.98259        8.79505        3.84155        1        -1.214283        1.501682        0.483395
Mo        14.98589        10.62461        3.60482        1        0.030123        0.889213        -1.864062
Mo        17.36745        1.57980        3.60073        1        -0.572611        0.940696        1.858707
Mo        14.89696        3.22792        3.72235        1        1.104989        0.023389        -0.454440
Mo        17.14270        5.58594        4.07556        1        0.474383        -0.296536        1.496296
Mo        14.90990        7.34984        3.66696        1        1.316156        0.775560        -0.332879
Mo        17.27613        8.99591        3.88827        1        -1.003581        -0.320506        0.819143
Te        0.41449        1.75849        5.38323        2        0.091930        0.146748        -0.468840
Te        3.48684        3.55061        6.15581        2        0.452410        0.149571        0.186028
Te        5.90784        0.03784        2.71859        2        -0.129791        -0.621191        -0.200950
Te        2.59549        1.90289        2.05056        2        0.692159        -0.206470        0.771868
Te        0.47892        5.68140        5.49091        2        -0.344358        -1.342907        -0.021574
Te        4.04391        7.10544        6.28730        2        -0.814275        -0.151545        -0.302478
Te        6.05181        3.30551        2.68582        2        -0.582981        1.606502        -0.329684
Te        2.73265        5.50743        2.06148        2        0.742638        -0.271895        0.196119
Te        0.50712        8.74039        5.43055        2        -0.877691        2.170718        0.822040
Te        3.76489        10.70215        6.28384        2        0.171880        -0.154175        -0.979777
Te        6.12693        7.11205        2.87744        2        -1.146164        -0.947330        -0.863281
Te        2.98167        8.92818        2.01570        2        -0.103093        0.685803        0.306360
Te        6.78012        1.78594        5.45273        2        1.081788        -0.268997        0.223345
Te        10.22145        3.60543        6.02462        2        0.796823        0.014313        -1.370639
Te        12.42302        0.12582        1.98056        2        -0.175298        -0.535378        0.995175
Te        9.05875        1.68055        1.83592        2        -0.734363        0.212024        -0.939811
Te        7.23476        5.22537        5.71525        2        -0.432582        0.087481        -1.141306
Te        10.29773        7.22957        5.88049        2        0.227563        -0.492229        -0.508916
Te        12.62140        3.46780        2.40401        2        -1.109317        0.668058        -0.312101
Te        9.33962        5.12970        1.91220        2        -0.519184        -0.009013        -1.056936
Te        7.18887        8.80802        5.21771        2        -0.559631        -0.064899        1.166150
Te        10.20742        0.27654        5.66659        2        0.688203        -1.810329        1.630033
Te        12.42567        7.28747        2.23366        2        0.617025        -1.054008        -0.310363
Te        9.18428        8.94573        1.84041        2        -0.015730        -0.722469        -0.487173
Te        13.43657        1.37599        5.15814        2        -1.146074        1.834694        0.644301
Te        16.32336        3.43629        5.89191        2        1.053288        0.530180        -0.686369
Te        19.17308        0.00286        2.33190        2        -1.150034        -0.446489        -0.136317
Te        15.64226        1.80131        1.46489        2        0.152835        -0.326514        1.333402
Te        13.55334        5.48800        5.20353        2        -0.451633        -1.080566        -0.298616
Te        16.33204        7.25055        6.10602        2        0.446581        0.570397        -1.723394
Te        18.84807        3.86254        2.42104        2        -0.843749        -0.626802        0.180337
Te        15.66287        5.27116        2.04198        2        -0.820848        0.411485        -1.459147
Te        13.37973        8.96946        5.20172        2        -0.070011        -0.084505        0.399088
Te        16.52967        0.19042        5.77441        2        0.672037        -0.913964        -0.285693
Te        18.79990        7.26711        2.43127        2        0.053321        -0.218524        -0.257877
Te        15.64813        9.13191        1.54178        2        0.331415        -1.314685        0.663519
