54
Lattice="19.557416337 0.000456147 -0.025753600 -0.000245476 10.515591813 0.000007040 0.013560576 0.000001770 30.000000000" Properties=species:S:1:pos:R:3:tags:I:1:forces:R:3 energy=-318.25290887 stress= -6.10358 -4.28291 -1.04342 -0.57363 -0.35470 0.10574 pbc="T T T"
Mo        2.30255        10.45886        3.96514        1        -1.466304        1.009389        -1.204822
Mo        4.49641        1.68630        4.20644        1        0.461051        -0.883593        -1.631510
Mo        2.25618        3.53664        3.73337        1        0.149668        -0.556769        1.959768
Mo        4.66407        4.86874        3.97977        1        -0.790208        1.024540        1.161909
Mo        2.22708        6.98811        3.90135        1        -1.121823        -0.778084        -0.926508
Mo        4.50806        8.69611        3.98068        1        0.907188        0.331746        -0.000545
Mo        8.64542        10.46249        3.70427        1        -0.310931        -0.501415        0.063305
Mo        11.07136        1.94113        3.97655        1        -0.656924        -0.803757        0.827894
Mo        8.78889        3.35338        3.88153        1        -0.587016        0.425855        0.649333
Mo        11.19335        5.08501        3.99502        1        -0.702694        1.550320        -0.223753
Mo        8.52502        6.95064        3.95991        1        1.295436        -0.641234        0.144303
Mo        10.93864        8.80717        3.84905        1        0.493029        -0.178905        0.513567
Mo        15.22318        0.37280        3.90525        1        0.582850        -1.355171        -0.317241
Mo        17.71975        1.93517        3.94985        1        -0.854110        -0.045990        -0.001358
Mo        15.30412        3.59831        3.82587        1        0.196829        0.068852        -0.470832
Mo        17.62854        5.29367        3.88885        1        0.368126        -1.135108        -1.446444
Mo        15.23341        7.09338        3.72281        1        0.030888        -0.456554        0.691504
Mo        17.65699        9.07412        4.01059        1        -1.009796        -0.863558        -0.132696
Te        0.53121        1.81051        5.31086        2        0.790145        0.072769        0.266877
Te        3.88992        3.39676        6.07660        2        -0.624281        0.299419        0.066494
Te        5.99435        10.45639        2.28206        2        0.393442        -0.266964        0.840982
Te        2.98646        1.72053        1.87787        2        -0.179604        -0.395158        0.737606
Te        0.65513        5.21268        5.56008        2        -0.103094        0.211927        -1.171945
Te        3.86254        6.95322        5.89099        2        0.774088        -0.998345        0.633527
Te        6.25443        3.22562        2.53771        2        -0.107855        0.123858        -0.095445
Te        3.00965        5.21331        1.86498        2        -0.304548        0.656482        -0.113798
Te        0.63158        8.77334        5.40355        2        -0.403560        -0.000587        0.293427
Te        3.93784        10.28977        6.04898        2        0.077131        0.564243        0.499167
Te        6.14201        6.57783        2.51376        2        0.216303        1.486448        -0.147076
Te        2.73877        8.73577        2.02818        2        0.266688        0.153219        -1.524409
Te        7.02971        1.63510        5.39739        2        0.646418        -0.083271        0.138843
Te        10.55019        3.64924        6.05956        2        -0.590904        -0.958186        -0.100292
Te        12.76296        0.35981        2.56258        2        -0.171664        -1.259157        -0.884292
Te        9.30353        1.70691        1.81891        2        0.439455        -0.200185        -0.027566
Te        6.99489        5.16647        5.63248        2        0.574445        -0.287207        -0.856339
Te        10.61371        7.01927        5.91712        2        -0.642775        0.294626        -0.860704
Te        12.82394        3.56318        2.42136        2        -0.159496        -0.008426        -0.150295
Te        9.34901        5.14980        1.97088        2        0.012726        0.071341        0.353478
Te        6.91777        8.74518        5.36295        2        0.716508        -0.075917        -0.242342
Te        10.30517        0.05824        5.85030        2        0.136475        -0.054303        -0.406377
Te        12.76571        6.96437        2.47463        2        -0.959150        0.552840        -0.264414
Te        9.07547        8.43741        1.80929        2        0.356181        1.122015        0.429074
Te        13.50624        1.72627        5.41496        2        0.301424        1.162111        0.640844
Te        17.04326        3.64504        5.96393        2        -0.135766        -0.168897        -0.615420
Te        19.23255        0.03319        2.44077        2        0.622284        0.543297        -0.209379
Te        15.95848        1.85584        1.82883        2        0.224909        0.367552        0.229678
Te        13.66077        5.19950        5.38607        2        0.241705        0.336148        -0.005266
Te        16.99655        6.95580        5.67289        2        -0.132830        1.863162        2.000869
Te        19.37848        3.56662        2.35550        2        -0.603813        0.148598        -0.096075
Te        15.75811        5.36004        1.74441        2        0.690111        -0.195048        0.709331
Te        13.47437        8.88498        5.24793        2        0.417534        -0.235933        -0.131677
Te        17.03251        0.25770        6.00606        2        -0.222721        -0.447525        -0.252236
Te        19.22608        7.23952        2.28882        2        -0.124095        -0.833157        0.915745
Te        15.74140        9.00280        1.97704        2        0.581257        0.249868        -0.203569
