54
Lattice="18.429676749 0.000008540 -0.000615361 -0.000005198 10.852719811 0.000045896 0.042448411 0.000094922 30.000000000" Properties=species:S:1:pos:R:3:tags:I:1:forces:R:3 energy=-320.36076300 stress= 0.70983 -3.77401 0.66469 -0.03132 -1.10264 -0.07200 pbc="T T T"
Mo        2.26632        10.70960        3.94788        1        0.488967        -0.285544        -0.486966
Mo        5.39997        1.83114        3.87211        1        -0.260576        -0.114443        1.500239
Mo        2.37071        3.55313        3.79984        1        0.102296        -0.419732        0.196737
Mo        5.38924        5.57544        3.74767        1        -0.203697        -0.507538        1.208883
Mo        2.34539        7.10692        3.83788        1        -0.981807        -0.294198        0.420216
Mo        5.33172        9.25167        3.76076        1        1.198711        -1.411513        1.034699
Mo        8.51589        0.00078        4.06623        1        -0.787743        0.083637        -1.429910
Mo        11.68399        1.77436        4.02580        1        -0.939792        -0.070192        0.668750
Mo        8.38420        3.52383        3.88777        1        -0.320108        0.427290        -1.593488
Mo        11.45363        5.51759        3.99847        1        -0.310712        -1.115686        0.707958
Mo        8.42691        7.24818        3.95233        1        0.942572        1.282672        -0.939790
Mo        11.55921        8.97416        4.11603        1        0.377555        1.210281        -1.062716
Mo        14.73343        0.06035        3.97611        1        -0.929119        0.533326        0.014182
Mo        17.83508        1.88988        3.89861        1        -0.222922        -0.705388        0.857697
Mo        14.57436        3.61696        4.07172        1        0.185275        0.003871        -0.260933
Mo        17.67571        5.45766        3.83470        1        0.600640        -0.301980        0.931921
Mo        14.69569        7.17573        3.91378        1        -1.468210        0.413195        0.569727
Mo        17.67745        9.03765        3.88885        1        0.305479        0.689747        -0.327349
Te        1.50231        1.74544        5.61562        2        -0.759108        0.272856        0.861110
Te        4.29029        3.88060        5.68080        2        1.039627        -0.857447        -0.644131
Te        1.51253        1.65185        2.04459        2        -1.344484        0.483531        0.124673
Te        4.23720        0.09559        2.10948        2        0.391381        0.088477        -0.761038
Te        1.32930        5.15561        5.65744        2        -0.358583        1.451225        -0.288554
Te        4.46933        7.45363        5.55131        2        -0.480214        -0.994900        0.213786
Te        1.26313        5.21292        1.99412        2        0.136952        0.956152        0.184414
Te        4.43440        3.61176        2.10306        2        0.255519        0.306489        -0.697082
Te        1.28967        8.78145        5.72628        2        0.117684        0.541379        -0.431438
Te        4.32580        10.77393        5.70707        2        0.249643        1.008344        0.058417
Te        1.25517        8.94380        2.08147        2        0.116076        -0.087668        0.119897
Te        4.29686        7.31536        2.07341        2        0.388840        0.473914        -1.092339
Te        7.48471        1.88999        5.79651        2        -1.004134        -0.662593        -0.310785
Te        10.25198        3.54647        5.74526        2        1.851245        0.426696        -0.022969
Te        7.41326        1.58918        2.09496        2        0.490005        0.825321        0.312203
Te        10.64045        10.82456        2.31872        2        -0.289089        -0.115749        -0.198289
Te        7.43197        5.45145        5.50057        2        -0.650436        -0.549061        1.563688
Te        10.53497        7.27447        5.82752        2        -0.823738        -0.521999        0.505376
Te        7.42104        5.55864        2.02735        2        0.648322        -0.730875        -0.042636
Te        10.61110        3.53336        2.26001        2        -0.725882        0.305460        -0.159258
Te        7.44862        9.08995        5.77677        2        -0.552742        -0.248604        -0.503860
Te        10.47278        10.83387        5.84295        2        0.991814        0.148562        0.264623
Te        7.42706        9.08200        2.06001        2        0.535119        0.165738        0.660268
Te        10.50285        7.30890        2.19517        2        0.114536        -0.055525        0.075543
Te        13.67557        1.73058        5.83372        2        0.030486        0.450888        0.245070
Te        16.72666        3.61834        5.78914        2        0.080899        0.247307        -0.629580
Te        13.66704        1.94885        2.17657        2        -0.015865        -0.887616        0.127634
Te        16.67710        0.21995        2.15367        2        0.499578        -1.032674        -0.323027
Te        13.52751        5.40413        5.83757        2        0.215811        0.466913        -0.556488
Te        16.77074        7.27114        5.61645        2        -0.603352        -0.643514        0.953784
Te        13.36839        5.30355        2.18874        2        1.547061        0.843271        0.163501
Te        16.66127        3.62438        2.22854        2        -0.623483        0.139965        -0.667317
Te        13.70661        9.15886        5.82723        2        0.119448        -1.062144        -0.606617
Te        16.76387        10.81975        5.75081        2        0.494406        0.611267        -0.326883
Te        13.60805        9.14948        2.22150        2        0.139164        -0.760780        0.390618
Te        16.64213        7.30616        2.09529        2        -0.011052        -0.419974        -0.586650
