54
Lattice="20.324373841 0.000456147 -0.025753600 -0.000245476 10.309403738 0.000007040 0.013560576 0.000001770 30.000000000" Properties=species:S:1:pos:R:3:tags:I:1:forces:R:3 energy=-315.84791859 stress= -14.19669 -7.23583 -4.35176 -1.94367 2.41317 0.62311 pbc="T T T"
Mo        2.29326        10.19616        4.21820        1        -0.958422        -0.236262        -2.153072
Mo        4.70090        1.65109        4.31428        1        0.666316        0.870645        -0.877375
Mo        2.22159        3.64052        4.20662        1        -0.566631        -0.765252        -0.550894
Mo        4.84698        5.08327        3.99151        1        -0.240935        0.491460        1.622168
Mo        2.25823        6.90026        3.95219        1        0.017622        0.670157        0.290598
Mo        4.88988        8.55540        4.32478        1        -0.768860        -0.106495        -1.965967
Mo        8.93046        0.01785        3.81137        1        0.975286        -0.846100        0.647029
Mo        11.48323        1.64924        3.79089        1        0.685006        0.274081        0.699041
Mo        9.04917        3.24138        4.04412        1        -0.562183        0.975949        -1.271563
Mo        11.51715        5.20715        3.68364        1        0.793154        -0.259592        0.384048
Mo        8.98203        6.73945        3.80004        1        0.313880        -0.206493        0.658560
Mo        11.42831        8.77551        3.73868        1        0.592278        -0.973255        1.363377
Mo        15.78472        10.25357        3.50981        1        0.571273        0.348677        0.144797
Mo        18.16381        1.70436        3.97689        1        1.599006        0.149625        1.083935
Mo        15.98224        3.24011        3.68349        1        -1.147687        0.589891        -1.415517
Mo        18.40354        5.23610        4.05166        1        -0.307640        0.524896        -0.333856
Mo        15.96758        7.04636        3.65976        1        -0.576263        -0.351245        0.330833
Mo        18.28164        8.69107        3.86933        1        -0.324581        -0.963063        -0.235353
Te        0.48560        1.71008        5.56452        2        -0.168383        0.065455        -0.160016
Te        4.03437        3.55869        6.13849        2        0.426920        -0.411328        0.248728
Te        6.43787        0.00769        2.61421        2        -0.652514        -0.186627        0.006806
Te        2.86167        1.64200        2.38275        2        0.205757        1.042913        -0.763955
Te        0.45267        5.23854        5.83528        2        0.647735        -0.041536        -1.381066
Te        3.87770        6.80936        6.08078        2        0.484591        -0.198868        -0.294030
Te        6.44850        3.23502        2.60536        2        -0.149694        0.510036        0.275487
Te        3.00587        5.10867        2.12990        2        -0.455734        -0.034892        -1.147953
Te        0.52808        8.57814        5.51761        2        -0.323172        -0.329182        0.158838
Te        3.97239        10.28962        6.11337        2        0.697587        -0.337568        2.923163
Te        6.42333        6.88501        2.35329        2        -0.223885        -0.129131        1.166076
Te        3.23342        8.71551        2.05985        2        -0.309080        -0.702994        1.383219
Te        7.45194        1.64826        5.49595        2        -0.622073        0.250814        0.843666
Te        11.11339        3.44818        5.75419        2        -0.151555        0.154807        0.067585
Te        13.10244        10.25959        2.00434        2        0.084539        0.375867        0.498410
Te        9.59972        1.74554        1.92852        2        -0.017034        -0.600150        -0.915668
Te        7.16007        5.25885        5.55871        2        1.213353        -0.166609        -0.850414
Te        10.99005        6.83049        5.75899        2        -0.399506        0.531884        -0.853622
Te        13.19305        3.26819        1.90617        2        -0.155254        0.193401        1.232441
Te        9.61347        4.87311        1.84839        2        -0.486679        0.960047        0.591372
Te        7.39489        8.74366        5.64882        2        0.169685        -0.838828        -0.657328
Te        10.74271        10.28551        5.88147        2        0.228369        0.288185        -0.833151
Te        13.19842        7.00915        2.18206        2        0.063459        -0.312979        0.484541
Te        9.53426        8.47621        1.89416        2        -0.107612        0.455454        -0.791193
Te        14.07916        1.82143        5.18545        2        0.323225        -0.606172        -0.657051
Te        17.35449        3.67190        5.90661        2        0.517821        -1.413742        0.258231
Te        20.08108        10.12961        2.42474        2        0.097872        0.981715        0.331030
Te        16.90966        1.61612        1.67160        2        -0.743360        0.455456        -0.116349
Te        14.19567        5.20278        5.03102        2        0.075250        0.234194        -0.253075
Te        17.67957        7.02658        5.98028        2        -0.617944        -0.445368        -1.130263
Te        20.16354        3.38784        2.54375        2        -0.556557        0.252556        0.754631
Te        16.86904        5.23138        1.86074        2        -0.487162        -0.660227        0.218246
Te        14.08347        8.90955        5.21794        2        -0.036173        -0.823291        -0.599346
Te        17.33924        10.13731        5.82552        2        -0.214049        1.715570        -0.172003
Te        19.99581        6.96573        2.47992        2        0.764577        -0.685809        0.138034
Te        16.63504        8.55729        1.47198        2        0.080038        0.290817        1.572892
