54
Lattice="19.173937585 0.000456147 -0.025753600 -0.000245476 10.515591813 0.000007040 0.013560576 0.000001770 30.000000000" Properties=species:S:1:pos:R:3:tags:I:1:forces:R:3 energy=-319.14852497 stress= -0.92532 -2.35098 0.85741 -1.58020 -0.75453 0.17768 pbc="T T T"
Mo        2.15108        0.16901        3.92755        1        -0.647403        -1.380185        -0.368380
Mo        4.55052        1.64461        3.91527        1        -0.482695        0.036439        1.551982
Mo        2.11288        3.62966        3.69415        1        0.232807        -0.608475        0.562493
Mo        4.45649        5.33064        3.75296        1        0.163617        0.913844        1.909728
Mo        2.21095        7.17916        3.63294        1        -0.090116        -0.633095        0.875174
Mo        4.63866        8.86807        4.02897        1        -1.152830        -0.402605        -1.039669
Mo        8.61410        10.43313        3.92570        1        0.196696        -0.158850        -0.381028
Mo        10.85554        1.86642        4.04101        1        0.545554        -0.742304        0.187399
Mo        8.53812        3.46006        3.94287        1        -0.968724        0.069759        -1.154266
Mo        10.90151        5.28377        4.15797        1        -0.675398        0.671489        -1.200635
Mo        8.57303        7.09708        3.89988        1        0.156861        -0.808569        0.685501
Mo        10.84730        8.74467        4.07108        1        0.150913        0.097488        1.201681
Mo        14.86891        10.47358        3.81792        1        0.848557        0.059544        0.601697
Mo        17.19838        1.76632        3.93148        1        0.738000        -0.882622        -0.390830
Mo        14.91896        3.43979        3.73160        1        -0.154027        0.080924        1.329526
Mo        17.29267        5.24419        3.98024        1        -0.643652        -0.530602        0.174022
Mo        14.91366        7.04655        3.75690        1        -0.719949        -1.055993        -0.099325
Mo        17.17898        8.50667        3.92319        1        0.887051        2.166325        0.454538
Te        0.58777        1.86761        5.34808        2        -0.490872        0.229435        -0.015295
Te        3.92369        3.55995        5.74310        2        -0.262038        -0.126460        0.078838
Te        6.21889        0.07549        2.46609        2        -0.317614        -0.405011        -0.244687
Te        2.72605        1.66876        1.88687        2        0.242530        1.237455        -0.759343
Te        0.63198        5.37816        5.34831        2        0.058328        -0.301199        -0.284551
Te        3.79279        7.05601        5.77629        2        0.135687        -0.560198        0.232151
Te        5.98421        3.62137        2.51016        2        1.221675        -1.182811        -0.933094
Te        2.71757        5.23254        1.71333        2        0.136588        0.853725        -0.653022
Te        0.61652        8.84215        5.49084        2        -0.067031        -0.671866        -0.781729
Te        3.70871        10.37867        6.04307        2        0.832262        1.148331        -0.177366
Te        6.33012        7.15570        2.34833        2        -1.610672        -0.028218        0.300190
Te        2.82966        9.04890        1.85758        2        0.598366        -0.843580        0.034963
Te        7.08044        1.53441        5.43846        2        -1.151906        1.136189        0.327258
Te        10.15137        3.54980        5.96449        2        0.398361        -0.031922        1.722387
Te        12.35429        10.44356        2.52228        2        0.387308        0.603531        -0.172171
Te        9.17870        1.63638        1.97825        2        -0.013155        0.796010        -0.370839
Te        6.89092        5.32756        5.44860        2        -0.028648        -0.240908        -0.584124
Te        10.10263        7.09875        6.11692        2        0.544571        -0.267711        -0.345172
Te        12.36648        3.53497        2.42807        2        0.145346        0.171888        0.125657
Te        9.09915        5.21090        1.98727        2        0.652402        0.141848        0.365775
Te        6.96505        8.71420        5.61514        2        0.252432        0.173874        -0.779765
Te        10.23292        0.19466        6.05629        2        0.380009        -1.010905        -0.143657
Te        12.44540        7.11989        2.45612        2        -0.426438        -0.803694        0.175407
Te        9.19195        8.70466        1.92026        2        0.339377        0.405844        -0.365467
Te        13.41737        1.69548        5.35671        2        -0.549600        0.301220        0.124314
Te        16.64020        3.41080        5.85133        2        -0.321005        0.666919        0.733932
Te        18.79086        10.29541        2.41823        2        0.028782        0.920018        0.308884
Te        15.50118        1.71446        1.80282        2        0.058264        -0.525189        0.008976
Te        13.34576        5.17478        5.49056        2        0.357160        0.210357        -0.664561
Te        16.45099        6.97638        5.86235        2        0.498872        -0.661966        1.575408
Te        18.73736        3.49610        2.26608        2        0.229411        -0.291501        0.534355
Te        15.66132        5.08008        1.85234        2        -0.213192        1.457840        -0.488640
Te        13.33843        8.69088        5.49307        2        0.125855        0.172658        -0.486590
Te        16.87286        10.43694        6.03786        2        -0.824516        -0.023556        -1.730319
Te        18.86108        6.89133        2.50723        2        -0.101566        0.650808        -1.113297
Te        15.45620        8.77555        1.82684        2        0.326925        -0.214797        -0.442618
