54
Lattice="19.535457354 0.000008540 -0.000615361 -0.000005198 11.278316666 0.000045896 0.042448411 0.000094922 30.000000000" Properties=species:S:1:pos:R:3:tags:I:1:forces:R:3 energy=-317.59060869 stress= -16.05626 -15.61486 -0.98913 2.85535 0.58109 0.39716 pbc="T T T"
Mo        2.48801        0.01591        3.63029        1        0.290378        1.170507        0.836650
Mo        5.63592        1.88524        3.90237        1        1.127822        -0.778585        -0.643350
Mo        2.50697        3.78631        3.87948        1        -0.387321        0.558273        -0.180111
Mo        5.80139        5.61544        3.84621        1        -0.010331        0.431040        -0.450284
Mo        2.41989        7.56181        3.78322        1        0.877078        0.248069        0.055863
Mo        5.73946        9.33557        3.86412        1        -0.944791        0.515116        -1.389516
Mo        9.00026        11.20768        3.90568        1        -0.406690        0.822305        -0.767549
Mo        12.23858        1.86691        4.16955        1        0.259599        0.717246        -0.740353
Mo        8.85733        3.75661        3.96668        1        0.465091        0.485501        0.940083
Mo        12.26318        5.68999        4.14418        1        -0.390199        0.164399        -0.376217
Mo        9.07821        7.45986        3.91788        1        -0.441993        0.951576        0.020181
Mo        12.23260        9.42115        4.13130        1        0.627416        0.155392        -0.862646
Mo        15.52895        11.19649        3.96233        1        -0.195100        0.364664        -0.037755
Mo        18.76482        1.81189        3.94270        1        0.388042        0.114499        0.087182
Mo        15.51583        3.72378        4.12027        1        0.434781        -0.580297        -0.835290
Mo        18.63430        5.64862        3.95243        1        0.370854        -0.152928        -0.534301
Mo        15.42690        7.51194        3.94748        1        0.480925        -0.694300        0.337017
Mo        18.75885        9.33458        3.80623        1        0.269943        -0.032647        -0.184202
Te        1.57134        1.89096        5.60342        2        -0.568995        -0.324906        -0.523638
Te        4.75301        3.76260        5.54459        2        -0.743858        0.436558        0.863919
Te        1.22784        2.08514        2.05554        2        0.691889        -0.667651        0.427539
Te        4.75757        0.01450        2.03699        2        -0.248640        -0.167753        0.284068
Te        1.28941        5.76286        5.58832        2        0.621413        -0.214757        -0.059099
Te        4.73270        7.45674        5.56865        2        -0.930503        0.161850        -0.150184
Te        1.28384        5.65078        2.15404        2        -0.043744        0.051645        0.146905
Te        4.67003        3.73979        2.14695        2        -0.183616        0.208710        -0.320606
Te        1.47367        9.58284        5.46193        2        -0.340573        -0.830777        -0.019078
Te        4.58455        0.03270        5.57656        2        -0.256310        -0.649428        -0.416281
Te        1.47286        9.48172        1.93796        2        -0.693842        -0.691402        0.274222
Te        4.68920        7.45096        2.01476        2        -0.223986        0.093596        0.805196
Te        7.73615        1.65425        5.74600        2        0.443197        0.741191        -0.776652
Te        10.97332        3.82362        5.88793        2        0.269498        -0.320120        -0.776517
Te        7.86577        1.94340        2.22061        2        0.131151        -0.514100        0.055694
Te        11.27935        0.18522        2.24182        2        -0.285303        -0.720187        0.644548
Te        7.83032        5.77320        5.70951        2        0.350180        -0.704822        -0.280616
Te        11.13996        7.54966        5.82100        2        -0.149867        -0.015644        0.088888
Te        8.00637        5.70868        2.15800        2        -0.093226        -0.633128        -0.044762
Te        11.21616        3.90248        2.42130        2        -0.392218        -0.825179        0.052693
Te        7.77002        9.39697        5.49512        2        1.097377        -0.494954        1.242676
Te        11.03960        11.19732        5.72816        2        0.083235        0.628600        0.735279
Te        7.90156        9.36236        2.09321        2        0.444290        -0.139461        0.459862
Te        11.32704        7.65702        2.31058        2        -0.356117        -0.773143        0.024205
Te        14.49066        1.79699        5.80815        2        -0.136663        -0.211513        -0.164016
Te        17.81696        3.68487        5.69310        2        -0.461595        0.053479        0.523660
Te        14.51769        1.95142        2.22143        2        -0.620586        -0.432598        1.103441
Te        17.67375        0.02407        2.15353        2        -0.211643        -0.398780        0.123517
Te        14.42312        5.54340        5.74480        2        0.196350        0.660547        0.890721
Te        17.59553        7.48295        5.66665        2        0.341283        0.390458        -0.129674
Te        14.42807        5.58329        2.38383        2        -0.522647        -0.319928        -0.619849
Te        17.61777        3.70507        2.28748        2        -0.181461        0.066228        -0.149339
Te        14.53802        9.20492        5.76048        2        -0.749418        1.295941        0.351346
Te        17.70806        11.07281        5.59695        2        0.224968        0.566164        0.392114
Te        14.32203        9.40169        2.28829        2        0.065263        0.070403        -0.140113
Te        17.47296        7.45143        2.17322        2        0.635112        0.159882        -0.228740
