54
Lattice="19.166863819 0.000008540 -0.000615361 -0.000005198 11.065518238 0.000045896 0.042448411 0.000094922 30.000000000" Properties=species:S:1:pos:R:3:tags:I:1:forces:R:3 energy=-316.56221215 stress= -8.67266 -8.53104 2.48972 -2.27092 -2.44611 0.31790 pbc="T T T"
Mo        2.30717        0.08302        3.65550        1        -0.089686        -1.265196        1.896132
Mo        5.72812        1.89022        4.20268        1        0.112448        -1.266872        -1.118756
Mo        2.46099        3.49559        3.94964        1        -0.252722        0.625382        1.210283
Mo        5.47307        5.56096        4.17622        1        0.966347        1.122759        -0.078897
Mo        2.60129        7.41920        3.74907        1        -0.916397        -0.034953        1.028728
Mo        5.52936        9.14342        3.99503        1        0.368310        -0.241227        -0.841361
Mo        8.88645        0.03531        3.92325        1        0.066476        1.388960        1.025742
Mo        11.86895        1.75045        3.94208        1        0.857404        0.734309        0.467574
Mo        8.72333        3.86884        4.30037        1        1.305095        -1.214411        -0.870001
Mo        12.26237        5.37979        4.15139        1        -0.919097        1.372315        -0.247831
Mo        8.82868        7.38407        4.19703        1        -0.045303        0.653267        -0.616260
Mo        11.84494        9.35132        3.93368        1        0.804473        0.312917        -2.021174
Mo        15.42774        0.03235        3.46374        1        -2.249258        -0.362269        0.908389
Mo        18.52267        1.80653        3.95265        1        -0.026981        0.223181        -1.360569
Mo        15.21168        3.83911        4.04429        1        0.593976        -0.515481        -1.301986
Mo        18.28299        5.59048        3.91594        1        0.728041        0.588178        1.446079
Mo        15.14962        7.26015        3.65048        1        -1.312437        -0.275941        0.660887
Mo        18.36166        8.99066        3.50482        1        -0.640202        0.919164        0.987092
Te        1.38440        1.76859        5.73664        2        0.032365        -0.373507        -0.315660
Te        4.63187        3.61059        5.85351        2        -1.162442        0.297944        0.794571
Te        1.38745        1.88301        2.02335        2        -0.451333        0.578058        -0.524429
Te        4.63244        11.03866        2.32868        2        0.305375        0.760512        -0.847675
Te        1.56151        5.62780        5.58187        2        -0.867787        -0.306994        -0.102806
Te        4.44278        7.50885        5.87492        2        -0.093853        -0.450401        -0.536286
Te        1.27418        5.39893        2.34771        2        0.829437        0.275865        -1.177652
Te        4.61969        3.67748        2.49574        2        0.596368        -0.277712        -1.715272
Te        1.29351        9.26942        5.36940        2        -0.283633        -0.461726        -0.256172
Te        4.33999        10.95872        5.65554        2        0.101122        0.578840        -0.096193
Te        1.29591        9.00531        1.88150        2        1.076023        0.602865        -0.230141
Te        4.66332        7.28396        2.05966        2        0.169098        0.079840        0.547260
Te        7.78063        1.89943        5.98681        2        0.323139        -0.378963        -0.561316
Te        11.21131        3.61897        5.93076        2        -0.938947        0.029221        -0.290481
Te        7.89348        1.97250        2.36542        2        -0.852600        0.538078        0.247147
Te        10.90682        0.10361        2.10543        2        -0.294029        -0.519486        -0.582549
Te        7.64789        5.54530        6.02033        2        -0.193280        1.107676        0.173183
Te        11.13302        7.54648        5.68335        2        -0.425097        -1.395561        1.147723
Te        7.67994        5.72016        2.50991        2        -0.103229        -1.011155        -0.359919
Te        10.81309        3.73763        2.44834        2        -0.130590        0.251175        -0.092633
Te        7.66068        9.41523        5.58476        2        0.264850        -0.709432        1.656703
Te        10.91594        0.06171        5.78152        2        -0.069529        -0.390865        0.241068
Te        7.80427        9.30447        2.26256        2        -0.264689        -0.960703        0.102598
Te        10.94221        7.31649        2.29865        2        -0.152451        -0.360342        0.662663
Te        14.22782        1.85425        5.41090        2        -0.015394        -1.255061        0.966443
Te        17.55504        3.66335        5.77191        2        -0.737208        0.147145        -0.264911
Te        14.01955        1.89064        2.12312        2        0.162847        0.607141        -0.146686
Te        17.46641        11.01215        1.82541        2        0.710748        0.395859        -0.094192
Te        14.47884        5.60580        5.89326        2        -1.001606        0.349220        -0.679014
Te        17.11947        7.56356        5.44424        2        0.874707        -0.593494        0.449052
Te        13.90103        5.24873        2.06810        2        0.979017        0.806741        0.219600
Te        17.33672        3.75288        2.36679        2        -0.315897        -1.225325        -1.349246
Te        14.11788        9.30173        5.23694        2        1.109119        0.240325        0.822324
Te        17.30668        10.92782        5.30597        2        0.576953        -0.375283        0.855939
Te        14.04733        9.18834        1.89861        2        -0.164826        0.048179        0.550007
Te        17.09753        7.04600        1.89311        2        1.065960        0.596536        -0.338739
