54
Lattice="20.641237959 0.000008540 -0.000615361 -0.000005198 10.639921383 0.000045896 0.042448411 0.000094922 30.000000000" Properties=species:S:1:pos:R:3:tags:I:1:forces:R:3 energy=-310.10483297 stress= -19.75415 -6.03361 -4.22857 -0.34512 0.73596 -0.72328 pbc="T T T"
Mo        2.27155        10.54813        3.94237        1        1.047768        0.699212        -0.019223
Mo        5.81934        1.87523        3.85151        1        2.197130        -3.248063        -0.344702
Mo        2.46692        3.19377        4.19905        1        0.633457        1.600435        -1.442199
Mo        5.97506        5.35602        3.90131        1        0.389897        -0.269368        -0.941361
Mo        2.78167        7.09378        4.22880        1        -0.218820        -0.336759        -1.598644
Mo        6.12231        8.70827        3.71142        1        -0.580292        1.234090        0.787712
Mo        9.67097        0.23942        3.85639        1        -1.108720        -0.928687        -0.505509
Mo        13.02045        2.17951        4.03381        1        -0.398052        -1.267044        0.432296
Mo        9.71129        3.56978        4.00164        1        -1.661327        1.062355        -0.758381
Mo        12.72345        5.66478        4.01903        1        -0.111996        -1.713820        -0.690169
Mo        9.57936        7.35728        3.69395        1        -0.573907        -0.805811        2.216584
Mo        13.04088        8.92595        3.88824        1        -0.977605        1.241252        1.587799
Mo        16.42815        10.59415        3.93737        1        0.334077        0.208480        0.709607
Mo        19.81466        1.74037        3.64701        1        1.925568        -2.424644        2.836538
Mo        16.27048        3.57581        3.92110        1        -0.120289        -0.374997        0.929202
Mo        20.28802        5.17111        3.80730        1        -1.412027        -0.717602        0.696272
Mo        16.46662        6.70946        4.17352        1        0.002916        1.595057        -0.419542
Mo        20.05440        8.69121        3.80761        1        -0.973181        -0.275058        1.328654
Te        1.09542        1.54227        5.92606        2        0.333863        0.528589        -1.506963
Te        4.90177        3.50527        5.58597        2        -0.780615        0.414208        1.956662
Te        1.53772        1.71341        1.98072        2        -0.759535        -0.026397        1.162499
Te        4.78900        10.60584        1.96872        2        -0.051541        -0.076340        1.390336
Te        1.55971        5.21309        5.92764        2        0.171817        -0.212017        -0.839046
Te        5.05149        6.86989        5.80282        2        -0.223370        1.685035        -0.105290
Te        1.85136        5.24471        2.20483        2        -0.195498        -0.243299        1.405791
Te        4.70003        3.48656        2.33853        2        -1.035507        1.489295        -1.810121
Te        1.29063        8.90309        5.82450        2        0.545049        -0.958677        -0.247780
Te        4.63191        10.57469        5.50052        2        0.380459        -0.287196        -0.717796
Te        1.52289        8.68487        2.19208        2        0.402992        -0.245467        -0.085930
Te        4.80803        7.19363        1.97790        2        0.071724        -1.137712        1.178209
Te        8.11242        1.83958        5.44026        2        0.736866        0.306401        0.849952
Te        11.77249        3.83729        5.77378        2        -0.524034        -0.205430        0.356011
Te        8.21959        1.92042        2.08947        2        0.507849        -0.125186        0.685963
Te        12.00502        0.19464        2.18560        2        -0.367676        0.521534        0.711124
Te        8.37417        5.48488        5.73849        2        0.334026        -0.084692        -1.451839
Te        11.59774        7.41141        5.65733        2        -0.249034        0.375841        0.306042
Te        8.24828        5.32172        2.25356        2        0.697036        0.263242        0.338483
Te        11.79189        3.76098        2.12449        2        -0.087764        0.077911        0.912667
Te        8.18140        9.18008        5.50959        2        1.035682        -0.814139        -0.445777
Te        11.95168        0.21551        5.72585        2        -0.276368        0.079765        -0.955825
Te        8.44438        8.98066        1.99372        2        -0.296890        0.893603        0.076174
Te        11.79350        7.35150        2.09435        2        -0.221637        -0.159592        -0.461511
Te        15.51224        1.87464        5.90576        2        -0.611114        -0.623668        -1.148022
Te        18.62273        3.41391        5.44915        2        0.475152        0.541056        0.213187
Te        15.05570        1.78116        2.39859        2        1.104695        -0.185092        -1.469555
Te        18.84885        10.38988        2.12020        2        -1.055036        0.254599        -0.405898
Te        14.83136        5.09594        5.78398        2        1.169596        0.989219        -0.262251
Te        19.08675        6.80692        5.64499        2        -0.830948        0.380288        -0.438148
Te        14.85484        5.40373        2.37627        2        1.293283        -0.372262        -0.661049
Te        18.63010        3.38401        2.21402        2        -1.024619        2.035640        -1.707893
Te        15.32875        8.78968        5.68534        2        -0.081795        -0.321682        -0.056317
Te        18.73381        10.60736        5.60083        2        -0.058781        -0.331780        -1.048543
Te        15.15662        8.73527        2.35630        2        1.721435        -0.392943        -0.605281
Te        18.97244        6.75474        2.13850        2        -0.599687        0.709287        0.095404
