54
Lattice="19.166863819 0.000008540 -0.000615361 -0.000005198 11.065518238 0.000045896 0.042448411 0.000094922 30.000000000" Properties=species:S:1:pos:R:3:tags:I:1:forces:R:3 energy=-319.26069556 stress= -10.75984 -10.37889 0.48768 1.30713 -0.47615 0.21513 pbc="T T T"
Mo        2.29532        0.14094        3.89440        1        0.541654        0.080190        0.442747
Mo        5.41308        1.92561        4.10422        1        1.310092        -0.137902        -0.338520
Mo        2.31044        3.68986        3.99356        1        0.335126        0.426524        -0.265094
Mo        5.50206        5.67884        3.96048        1        0.941883        -0.705447        -1.175124
Mo        2.58348        7.44373        3.91389        1        -0.051277        0.109345        -0.676677
Mo        5.53059        9.11872        3.92254        1        0.607650        0.750857        0.428763
Mo        8.69197        0.11771        4.03188        1        0.455549        0.071448        -1.280968
Mo        11.92761        1.76871        3.88239        1        0.625102        0.466187        -0.146010
Mo        8.64382        3.76251        3.95762        1        0.467367        0.230119        0.254410
Mo        12.10986        5.43009        3.90515        1        -0.394106        0.153980        -0.657322
Mo        8.87870        7.33902        3.88706        1        -0.039731        0.589127        0.509392
Mo        12.05729        9.17494        3.86362        1        0.235473        0.305944        0.941764
Mo        15.38442        10.98970        3.93181        1        -1.090061        -0.350683        0.405953
Mo        18.39432        1.75539        4.02049        1        0.248657        1.164613        -1.319245
Mo        15.24293        3.57595        3.87105        1        -0.021129        -0.034494        -0.893921
Mo        18.56980        5.57215        3.91785        1        -1.483144        -0.213311        -0.239016
Mo        15.26015        7.22429        3.95482        1        0.663398        0.509820        0.003529
Mo        18.46405        9.17919        3.82227        1        -0.430382        -0.115154        0.111246
Te        1.27349        1.90834        5.80131        2        0.140340        -0.275368        -0.152443
Te        4.40176        3.88661        5.72534        2        0.274402        -0.627561        0.367799
Te        1.32598        2.02715        2.11836        2        -0.659982        -0.826841        0.311466
Te        4.49147        0.11929        2.30194        2        0.087501        -0.402881        -0.349573
Te        1.40138        5.60965        5.61781        2        0.208381        0.394347        1.233714
Te        4.54268        7.32520        5.74594        2        -0.001762        0.970381        0.712261
Te        1.59299        5.63332        2.19359        2        -0.990645        -0.315376        -0.346531
Te        4.34729        3.72027        2.21506        2        0.923853        0.001376        0.449494
Te        1.39906        9.27275        5.54754        2        -0.152972        -0.197215        0.838888
Te        4.38862        10.93536        5.73546        2        0.200384        0.556277        -0.306849
Te        1.43917        9.29981        2.15608        2        -0.001684        -0.158391        -0.476806
Te        4.63665        7.43925        1.97693        2        -0.333639        -0.060898        0.836240
Te        7.68535        1.79303        5.84663        2        -0.686342        1.146850        -0.299479
Te        10.86471        3.61618        5.60547        2        0.142981        0.206313        0.122901
Te        7.57986        2.02512        2.23303        2        -0.466412        -0.662818        0.406156
Te        10.75095        11.03035        2.22511        2        0.471624        -0.005959        -0.515080
Te        7.70633        5.67913        5.80434        2        -0.066740        -0.358078        -1.054086
Te        11.07164        7.24164        5.64618        2        -0.170046        0.446282        -0.085190
Te        7.67508        5.63224        2.10169        2        -0.017912        -0.254601        0.773691
Te        10.85936        3.70784        2.09659        2        -0.039450        -0.244385        0.790516
Te        7.91151        9.29843        5.68413        2        -1.144834        -1.082405        0.165000
Te        10.91838        11.03435        5.58957        2        0.318078        -0.192333        0.872372
Te        7.74074        9.33678        2.25207        2        -0.204843        -0.468815        -0.124237
Te        11.08220        7.39023        2.18350        2        -0.486102        -0.776806        -0.582313
Te        14.26484        1.84518        5.65669        2        -0.753045        -0.908572        -0.120788
Te        17.27352        3.72161        5.73304        2        0.705548        -0.186096        -0.708225
Te        14.05027        1.56108        2.14530        2        0.501161        0.862320        0.202512
Te        17.32621        10.98207        2.15615        2        0.795543        0.505909        -0.541951
Te        14.21502        5.27773        5.59859        2        -0.278642        0.918540        1.029502
Te        17.38348        7.46469        5.64520        2        0.347530        -0.803186        0.155229
Te        14.29738        5.52620        2.16089        2        -0.715350        -0.918229        -0.603320
Te        17.35725        3.69632        2.17750        2        0.558607        -0.417251        0.325004
Te        14.27690        9.17018        5.65383        2        -0.500698        -0.113378        0.032763
Te        17.53132        10.94909        5.70152        2        -0.720033        -0.090888        0.284196
Te        14.26686        9.04794        2.18359        2        -0.112454        0.601872        0.093909
Te        17.41973        7.23446        2.11317        2        -0.111819        0.462339        0.169671
