54
Lattice="19.535457354 0.000008540 -0.000615361 -0.000005198 10.639921383 0.000045896 0.042448411 0.000094922 30.000000000" Properties=species:S:1:pos:R:3:tags:I:1:forces:R:3 energy=-317.93693392 stress= -11.28965 -0.93418 2.21430 1.84948 -0.41234 0.17202 pbc="T T T"
Mo        2.42756        0.11037        3.98023        1        0.196101        -0.463825        0.500916
Mo        5.58116        1.69584        3.97106        1        0.790661        1.290672        0.733137
Mo        2.54799        3.77791        4.16668        1        0.168892        -0.378528        -1.344204
Mo        5.85398        5.26533        4.19612        1        0.804379        -0.576514        -0.516017
Mo        2.43010        7.14566        4.13096        1        0.374700        0.591271        -0.706499
Mo        5.60717        9.01206        4.18824        1        0.895759        -0.832413        -0.877672
Mo        9.14523        0.00495        3.95258        1        -1.358759        0.511484        0.422058
Mo        12.51177        1.64151        3.79533        1        -0.657577        0.231104        0.480311
Mo        9.22527        3.55328        3.93547        1        -0.853231        0.812869        0.474019
Mo        12.22974        5.22991        3.91704        1        0.827776        0.202173        0.417745
Mo        8.82960        7.11750        3.96500        1        0.973271        -0.321583        -0.505662
Mo        12.06487        8.73935        3.75217        1        1.420531        0.447129        1.001408
Mo        15.57267        10.61022        3.74207        1        -0.210991        -0.235789        0.567225
Mo        18.87120        1.92494        3.71138        1        0.381697        -0.772104        0.262596
Mo        15.45717        3.38093        3.82430        1        -0.680614        0.028804        -0.534225
Mo        18.61272        5.25829        3.90174        1        0.237254        0.637825        -1.013007
Mo        15.40875        7.19291        3.78354        1        0.901337        -1.135831        -0.479272
Mo        18.70569        8.71760        3.84355        1        0.413457        1.288550        0.305093
Te        1.38020        1.90573        5.71249        2        -0.457622        0.072118        0.127681
Te        4.69300        3.50427        5.91741        2        -0.015144        -0.049895        -0.270615
Te        1.69970        2.06594        2.20926        2        -0.936861        -0.316599        -0.005539
Te        4.50962        0.03204        2.20311        2        0.234767        -0.577981        0.072117
Te        1.05360        5.41374        5.68237        2        0.967187        -0.027160        1.271337
Te        4.68318        6.99496        5.86401        2        -0.594684        0.833746        0.378913
Te        1.47229        5.51136        2.21538        2        -0.485104        -0.512566        0.541102
Te        4.61739        3.71198        2.26983        2        0.438976        -0.452975        0.722051
Te        1.11311        8.91660        5.78358        2        0.834951        0.112747        -0.321318
Te        4.45309        0.04494        5.89519        2        -0.001364        0.211530        -0.082992
Te        1.43324        8.93041        2.22075        2        -0.135088        -0.410818        0.206188
Te        4.78456        7.02722        2.45534        2        -0.871206        0.760606        0.087900
Te        7.95467        1.73943        5.62856        2        -0.242366        0.411778        0.236211
Te        11.34888        3.34790        5.70789        2        0.162355        0.420310        -0.330356
Te        7.92671        1.87963        2.24561        2        -0.275565        -0.419070        -0.018472
Te        11.07602        10.62374        2.17293        2        0.582480        -0.094767        -1.535735
Te        8.21756        5.36751        5.90500        2        -1.142114        -1.008533        -0.600174
Te        10.95527        6.99564        5.61561        2        1.292798        0.357807        0.194080
Te        7.87495        5.44615        2.22826        2        -0.426809        -1.394878        -0.167259
Te        11.36640        3.49237        2.16232        2        -0.655692        -0.513975        -0.759034
Te        8.01402        8.83061        5.72425        2        -0.983364        1.365233        1.057901
Te        11.26158        0.02157        5.62620        2        0.374625        -0.783664        0.144553
Te        7.72680        9.06152        2.34221        2        -0.265261        -0.638357        -0.559213
Te        10.91409        6.89164        2.18199        2        0.283021        0.349662        -0.560123
Te        14.55174        1.67955        5.61828        2        -0.261715        -0.611978        0.301829
Te        17.52467        3.35698        5.50906        2        0.474290        0.841399        1.188818
Te        14.49482        1.48939        1.81964        2        -0.055310        1.095321        0.828884
Te        17.76666        10.61561        2.07234        2        0.217936        0.019267        -0.165911
Te        14.57561        5.36698        5.50289        2        -1.201517        -0.632323        0.724811
Te        17.60496        6.96696        5.63700        2        -0.901915        0.908580        0.264438
Te        14.42075        5.14747        2.07177        2        -0.732406        1.008812        0.119694
Te        17.45438        3.65080        2.16161        2        1.181346        -0.855206        -2.026469
Te        14.29853        8.85887        5.51240        2        -0.171383        0.407078        -0.103928
Te        17.87966        0.18248        5.54339        2        -0.900704        -1.267485        -0.512227
Te        14.36819        8.83605        1.86663        2        -0.526078        -0.121565        0.951405
Te        17.50459        7.01732        2.10423        2        0.609632        0.182548        -0.565499
