54
Lattice="18.429676749 0.000008540 -0.000615361 -0.000005198 12.342308804 0.000045896 0.042448411 0.000094922 30.000000000" Properties=species:S:1:pos:R:3:tags:I:1:forces:R:3 energy=-312.81752067 stress= -12.55942 -25.05774 -4.18093 -0.98950 0.89283 -0.08874 pbc="T T T"
Mo        2.32570        0.09236        4.04482        1        0.048630        -0.151467        -0.609681
Mo        5.33766        2.06981        4.05823        1        -0.045436        0.045324        -0.671383
Mo        2.25369        4.02197        3.99159        1        0.892850        0.593208        -0.154291
Mo        5.31881        6.07443        3.97450        1        -0.491282        0.594686        -0.606950
Mo        2.31265        8.13919        3.77992        1        0.122993        0.722402        -0.147030
Mo        5.38415        10.41133        3.93849        1        -0.044779        -0.076086        -0.053698
Mo        8.45013        0.14682        3.86842        1        0.361746        -1.357207        0.409344
Mo        11.40566        2.00227        3.84667        1        0.625304        -0.120178        0.864431
Mo        8.45016        4.05909        4.17729        1        -0.202741        0.308098        -0.664559
Mo        11.56711        6.14788        3.98912        1        -0.888035        -0.192815        0.134808
Mo        8.46900        8.35639        3.94609        1        -0.424911        -0.477215        0.661196
Mo        11.43508        10.36262        3.85448        1        -0.021119        -0.183410        0.194120
Mo        14.45383        0.00642        3.76058        1        0.377296        0.092815        0.300291
Mo        17.74168        2.12888        4.04853        1        -0.266076        -0.844967        0.379416
Mo        14.60881        4.02728        3.98837        1        0.156416        0.117631        -0.602882
Mo        17.67207        6.09695        3.67550        1        0.163131        -0.134739        0.664580
Mo        14.52278        8.33430        3.84396        1        -0.478262        -0.942880        -0.703131
Mo        17.74318        10.27050        3.86836        1        -0.941743        0.072390        0.970525
Te        1.40543        2.15387        5.85753        2        -0.362363        -0.475414        -0.595388
Te        4.45414        4.11021        5.80096        2        -0.611622        -0.054890        -0.819718
Te        1.28525        2.06342        2.25701        2        0.619226        -0.207362        0.222660
Te        4.48150        0.10690        2.17366        2        -0.522489        -0.052504        1.109194
Te        1.33073        6.24700        5.51161        2        -0.239475        -0.433507        -0.261451
Te        4.37652        8.36982        5.59616        2        0.160424        -0.612235        -0.502375
Te        1.46682        5.96552        2.02099        2        -0.508246        0.354521        0.744813
Te        4.33936        4.04173        2.17146        2        0.328375        -0.077754        1.077991
Te        1.48541        10.20167        5.63480        2        -0.741363        0.144405        -0.530266
Te        4.38241        0.08096        5.81170        2        0.204411        -0.302954        -0.689154
Te        1.32823        10.38721        2.20033        2        0.793151        -0.089896        -0.111709
Te        4.41212        8.14404        2.05334        2        0.251769        0.188961        0.980458
Te        7.43199        1.92683        5.74918        2        0.284973        0.469194        0.223276
Te        10.53689        3.91709        5.81934        2        0.495934        0.517286        -0.485935
Te        7.52218        2.14983        2.38836        2        -0.512266        0.562093        -0.706862
Te        10.53558        12.32389        2.07541        2        -0.238540        0.274409        0.307836
Te        7.30380        6.17078        5.73672        2        0.927986        0.189788        0.074642
Te        10.43431        8.28584        5.80563        2        0.547174        -0.055171        -0.964273
Te        7.56062        6.15042        2.39663        2        -0.096729        -0.147544        -0.040924
Te        10.52547        4.05012        2.29063        2        -0.397265        0.662642        0.288392
Te        7.60635        10.51134        5.68441        2        -0.720727        -0.464429        -0.648916
Te        10.49773        0.02394        5.62528        2        0.323244        0.056304        -0.232498
Te        7.50915        10.34199        2.22349        2        -0.056499        0.167709        0.145741
Te        10.62514        8.27148        2.29904        2        -0.240980        -0.528242        -0.224043
Te        13.59227        1.97694        5.57452        2        -0.258834        0.046174        -0.124302
Te        16.83588        4.20486        5.64506        2        -0.489455        0.014102        -0.264114
Te        13.47588        2.07835        2.08914        2        0.484011        0.015236        0.406865
Te        16.77566        0.10316        2.24294        2        -0.185652        -0.218972        0.085212
Te        13.71858        6.24397        5.56552        2        -0.074842        -0.361806        0.373848
Te        16.59962        8.06375        5.47632        2        0.982784        0.604125        0.311390
Te        13.63532        6.01214        2.18687        2        -0.058098        0.374370        0.348178
Te        16.73170        3.83717        2.19969        2        -0.381098        0.891955        0.003685
Te        13.49067        10.23507        5.50846        2        0.624825        0.652978        0.484141
Te        16.52908        12.33493        5.54351        2        0.657982        -0.182485        0.063832
Te        13.60959        10.34992        2.06150        2        -0.386775        -0.151182        0.163522
Te        16.66741        8.24792        2.18746        2        0.368141        0.157819        -0.580159
