54
Lattice="19.904050889 0.000008540 -0.000615361 -0.000005198 11.491115093 0.000045896 0.042448411 0.000094922 30.000000000" Properties=species:S:1:pos:R:3:tags:I:1:forces:R:3 energy=-310.42766487 stress= -18.06515 -17.49171 -1.68687 0.61910 -2.24457 0.85908 pbc="T T T"
Mo        2.20332        11.29980        3.76418        1        1.537361        0.651927        0.904419
Mo        5.84184        1.90904        3.58850        1        0.206377        -0.789363        0.089059
Mo        2.51736        3.74623        3.94113        1        -0.157943        0.285065        1.209990
Mo        5.85119        5.52986        3.52642        1        -0.989392        0.056682        1.482984
Mo        2.27450        7.50336        3.70331        1        1.306188        1.492897        -1.187562
Mo        5.61843        9.37756        3.45628        1        1.418451        -0.669628        1.013894
Mo        9.05143        11.41128        3.82871        1        1.079186        -0.627708        1.047849
Mo        12.58123        1.93652        4.15356        1        -0.500760        0.504692        -1.287099
Mo        9.35234        3.51603        4.08274        1        -0.991781        1.137578        -0.109263
Mo        12.47117        5.66301        4.06798        1        0.652271        1.170700        0.131901
Mo        9.11089        7.54078        4.23023        1        0.615812        0.260404        -0.361774
Mo        12.65846        9.78897        4.12678        1        -0.385968        0.117323        1.004476
Mo        15.89698        0.21862        4.20379        1        0.635183        -0.451126        -1.486937
Mo        19.24146        2.21060        4.01155        1        -0.397045        0.389566        0.285382
Mo        15.78982        4.17598        3.95470        1        -0.206601        -0.705269        -1.247474
Mo        18.96525        5.81342        3.98675        1        1.143568        1.081965        -2.432637
Mo        15.79528        7.82878        4.14736        1        0.118032        -0.009835        -0.281233
Mo        19.28327        9.53359        3.90256        1        -1.853345        0.365215        0.457389
Te        1.51863        1.93801        5.70635        2        -0.332838        -0.510024        0.061391
Te        4.85304        3.54793        5.51327        2        -0.069471        0.856790        -0.565846
Te        1.44132        1.95133        2.31387        2        -0.682894        -0.197992        -1.395676
Te        4.64260        11.25933        1.89061        2        -0.814444        1.066661        -0.208076
Te        1.37646        5.78532        5.45428        2        -0.167350        -0.811188        1.364970
Te        4.67610        7.51041        5.16153        2        -0.470258        -0.553225        0.285701
Te        1.27419        5.48926        2.17598        2        -0.666080        0.439511        -0.297256
Te        4.31314        3.84212        2.03462        2        1.890534        -0.718768        -0.985763
Te        1.40769        9.32933        5.59114        2        0.772762        0.451706        0.185609
Te        4.69917        11.31573        5.13417        2        -0.477755        0.292990        0.556754
Te        1.11146        9.68868        1.97569        2        0.957713        -1.234927        -0.931617
Te        4.58998        7.35467        1.71501        2        -0.114730        0.304033        0.966644
Te        8.00572        1.56309        5.62668        2        -0.612360        0.925950        -0.205304
Te        11.52849        3.82622        5.71087        2        -0.463654        -0.537126        1.392590
Te        8.34374        1.90242        2.15872        2        -1.012114        -0.400282        -0.474165
Te        11.50940        0.15287        2.29363        2        -0.119380        -0.696336        0.725669
Te        7.96349        5.49827        5.58942        2        -0.241213        -0.326625        0.092443
Te        11.37583        7.55718        6.09748        2        -0.062404        0.246135        -1.633727
Te        8.22543        5.52917        2.30939        2        0.669924        0.243580        -0.093521
Te        11.27451        3.78537        2.21188        2        1.343536        -0.060555        0.814093
Te        7.70088        9.30910        5.79608        2        0.177583        0.424903        -1.498571
Te        11.20539        0.10472        5.84533        2        0.472405        -0.312103        -1.116585
Te        8.06920        9.41013        2.26324        2        0.365212        -0.517710        -0.293745
Te        11.53568        7.84069        2.65316        2        -0.870252        -0.429350        -0.586713
Te        14.88095        2.15275        5.69436        2        -0.428619        0.427842        0.687295
Te        17.89004        4.26792        5.63223        2        -0.046798        -2.130278        1.612557
Te        14.67604        2.11217        2.28185        2        0.398633        -0.164334        0.829115
Te        18.23727        0.21800        2.48710        2        -0.981580        -0.212177        -0.723950
Te        14.82105        5.85425        5.90630        2        -0.748191        0.323073        -0.905573
Te        18.24119        7.83299        5.80730        2        -0.956359        -0.326067        -0.511428
Te        14.48229        6.00183        2.19718        2        0.667807        -0.113919        1.125439
Te        17.90869        4.11086        1.97350        2        -0.040542        -0.371849        1.606894
Te        14.85300        9.82932        5.91335        2        -0.241467        -0.260860        -0.296295
Te        18.28484        0.08089        5.65193        2        -0.087394        0.290617        0.405553
Te        14.86469        9.80739        2.39258        2        -0.276427        0.064074        0.510105
Te        17.87728        7.71220        2.28874        2        0.028161        0.262093        0.273217
