54
Lattice="20.272644424 0.000008540 -0.000615361 -0.000005198 11.703913521 0.000045896 0.042448411 0.000094922 30.000000000" Properties=species:S:1:pos:R:3:tags:I:1:forces:R:3 energy=-308.52744596 stress= -22.05586 -21.79447 -0.39649 -2.77555 -0.99641 -0.52148 pbc="T T T"
Mo        2.55746        0.16628        3.98485        1        -0.244532        -0.825097        0.950565
Mo        6.07307        2.26623        3.97512        1        -0.544715        -0.634791        0.799265
Mo        2.77429        4.17369        3.96307        1        -1.706737        -1.850117        0.084556
Mo        6.02843        6.04087        3.96376        1        0.336982        -0.569486        0.357767
Mo        2.61939        7.76863        3.85946        1        0.486674        0.920188        0.964830
Mo        5.80807        9.80198        4.02057        1        1.290153        1.280097        -1.201156
Mo        9.34973        0.11973        4.04391        1        -0.106938        -0.079615        -0.604462
Mo        12.64900        1.88112        3.92233        1        0.169724        -0.047118        0.098499
Mo        9.24328        3.83625        3.93358        1        0.810490        0.764210        -1.182029
Mo        12.77791        5.97751        3.79232        1        -0.018362        -1.820132        0.066041
Mo        9.40768        7.63251        3.78274        1        -0.063094        1.429847        -0.536716
Mo        12.62795        9.83878        3.74912        1        0.435180        -1.103778        0.243360
Mo        15.90484        11.65903        3.84670        1        1.386600        -2.114013        -0.623488
Mo        19.33156        2.01796        4.04078        1        0.561923        -0.373836        0.362868
Mo        16.02838        3.67768        4.04918        1        0.836472        0.184056        0.192521
Mo        19.37319        5.91235        3.95490        1        -0.134664        -1.257193        -0.469879
Mo        16.17061        7.72587        4.00206        1        -0.891710        -0.829337        -1.054022
Mo        19.47527        9.37423        3.80346        1        -0.201618        1.331361        0.453268
Te        1.41450        2.19069        5.70689        2        0.040328        -0.278192        -0.631888
Te        4.73291        4.14167        5.80368        2        1.290371        0.236534        -0.480889
Te        1.34671        1.91199        2.34491        2        0.055526        0.818024        -0.225155
Te        4.89994        0.21332        2.48079        2        -0.479308        0.068647        -1.231797
Te        1.64490        5.87060        5.68904        2        -0.803720        0.832641        0.063019
Te        4.82014        8.14150        5.64225        2        -0.671079        -2.104523        1.049647
Te        1.29340        5.90309        2.37854        2        0.665904        0.025680        -1.098387
Te        4.84882        4.03978        2.28242        2        0.638701        0.666494        -0.263140
Te        1.55688        9.73014        5.73837        2        -0.349183        -0.145418        -1.171788
Te        4.83209        0.28054        5.62418        2        0.025157        -0.113295        0.427048
Te        1.50148        9.70584        2.27377        2        0.124587        0.308683        -0.145828
Te        4.96439        7.78380        2.19318        2        -0.604767        0.570414        0.056609
Te        8.28375        2.06929        5.70883        2        -0.335110        -0.227952        0.186418
Te        11.57849        3.99034        5.62882        2        0.087168        -0.254300        -0.866948
Te        8.04854        1.90784        2.11784        2        0.778688        0.404111        0.774377
Te        11.53391        0.04066        2.11902        2        -0.330305        0.290728        0.508148
Te        8.60209        5.93535        5.58556        2        -1.610871        -0.788552        0.591179
Te        11.70582        7.74319        5.46401        2        -0.485407        0.921789        0.458705
Te        8.16068        5.88347        2.01283        2        0.037760        -0.325444        1.161551
Te        11.58081        3.85175        2.22916        2        -0.198907        0.220370        0.250956
Te        8.15975        9.56301        5.51188        2        0.378145        0.430363        0.349796
Te        11.60157        11.62078        5.66020        2        -0.144479        0.215559        -0.278997
Te        8.13978        10.02404        2.34645        2        -0.021379        -0.919955        -0.317948
Te        11.54934        7.80371        2.12731        2        0.384833        0.192938        -0.779905
Te        14.87835        1.63960        5.59051        2        -0.419648        1.030411        1.117303
Te        18.29266        4.07359        5.86105        2        -0.035474        -0.723289        -1.167091
Te        14.95040        1.78925        2.29549        2        -0.702569        1.036415        -1.209273
Te        18.31459        11.41841        2.20938        2        -0.071771        0.602911        0.398442
Te        14.85797        5.75150        5.66616        2        0.392803        0.137002        -0.264884
Te        18.33727        7.67407        5.59413        2        -0.012349        0.725510        1.182634
Te        15.12001        5.50322        2.29514        2        -0.279416        1.062217        -0.182758
Te        18.35348        3.73903        2.22077        2        -0.478865        0.538983        0.727297
Te        14.90304        9.72909        5.47116        2        -0.315242        -0.313440        0.467981
Te        18.16373        11.61955        5.49471        2        0.490548        -0.334989        -0.080537
Te        14.97071        9.42341        2.07487        2        -0.225992        0.935486        0.694425
Te        18.11545        7.67311        1.99698        2        0.770210        -0.138959        1.073602
