54
Lattice="18.429676749 0.000008540 -0.000615361 -0.000005198 10.639921383 0.000045896 0.042448411 0.000094922 30.000000000" Properties=species:S:1:pos:R:3:tags:I:1:forces:R:3 energy=-316.67200889 stress= 5.83961 4.46872 6.82796 -3.06057 -0.41777 0.82121 pbc="T T T"
Mo        2.41732        0.07393        3.82180        1        -0.072489        -0.391661        0.741973
Mo        5.66785        1.33977        3.83487        1        -0.614204        1.383771        -1.300637
Mo        2.27378        3.37612        3.88307        1        1.079885        2.224519        0.454475
Mo        5.48862        5.30558        3.78498        1        0.615697        0.855986        0.618149
Mo        2.43496        7.10822        3.99285        1        -0.971080        -1.556456        -0.803138
Mo        5.34920        8.61380        3.64340        1        -1.523436        0.259028        2.254089
Mo        8.60550        10.28879        3.93229        1        -0.825624        1.302132        -0.513419
Mo        11.42317        1.83056        3.84137        1        1.159235        -0.085560        -0.686002
Mo        8.36050        3.43820        4.12397        1        -1.064067        0.454051        -1.519863
Mo        11.62744        5.56508        4.10753        1        -0.317417        -0.353127        -0.808836
Mo        8.44224        6.61219        4.12860        1        -0.070599        2.297236        -1.854068
Mo        11.46545        9.11578        3.89084        1        1.207028        -1.215578        0.492505
Mo        14.73573        0.20702        3.85485        1        -0.591476        -1.869999        0.525951
Mo        17.78168        1.88137        3.87752        1        -1.476160        -0.100550        0.946727
Mo        14.36172        3.77136        3.85275        1        0.540128        -0.661646        1.313270
Mo        17.54573        5.49584        4.12208        1        1.020713        0.491006        -1.203922
Mo        14.50857        7.20791        3.96068        1        1.308012        0.783399        0.541954
Mo        17.73511        8.92783        4.07661        1        1.869288        2.138171        -1.207288
Te        1.37617        1.85594        5.71537        2        -0.369889        -1.322859        0.746110
Te        4.62953        3.39099        5.32783        2        -1.041101        -0.964087        1.950741
Te        1.17784        1.99440        2.00693        2        0.852312        -1.636920        -0.997744
Te        4.45859        10.46163        1.97833        2        -0.285658        0.535298        -0.726926
Te        1.31616        5.32835        5.77123        2        0.226873        -0.332213        -0.119972
Te        4.42651        6.98462        5.63183        2        0.211031        -0.033978        0.777291
Te        1.14353        5.23529        2.32184        2        0.250450        0.951052        -0.383242
Te        4.50498        3.32022        2.28354        2        -0.352410        -0.439701        -1.567664
Te        1.43391        8.84544        5.82306        2        0.176577        0.944653        -0.694335
Te        4.60423        10.45816        5.69593        2        -1.358375        -0.419697        -0.551546
Te        1.54494        8.71276        2.09422        2        -1.576686        1.393828        0.432572
Te        4.19939        6.92842        1.89993        2        0.619816        -0.620895        0.093628
Te        7.45096        1.51403        5.69859        2        1.082844        -0.885847        1.239593
Te        10.42259        3.56729        5.68917        2        1.144704        0.652715        1.183126
Te        7.79810        1.62175        2.07822        2        -1.129874        -0.432691        0.734341
Te        10.48627        0.02584        1.97583        2        0.239222        -0.013033        -0.118948
Te        7.36719        5.22743        6.04287        2        -0.503009        -1.281650        -0.316980
Te        10.47491        7.30562        5.77822        2        0.409978        0.114339        0.625892
Te        7.51789        5.03955        2.10769        2        -0.199302        0.117543        -0.340289
Te        10.42857        3.83379        2.40052        2        0.536665        -0.390180        -1.028209
Te        7.18177        8.51369        5.59701        2        1.561632        0.683229        0.276620
Te        10.62165        0.23699        5.69327        2        -1.005378        -1.452210        1.318263
Te        7.42136        8.35656        2.13252        2        1.233296        0.565222        -0.136853
Te        10.41345        7.15159        2.31267        2        0.559051        0.078835        -0.475122
Te        13.44101        1.91371        5.65427        2        0.708894        0.091988        -0.165750
Te        16.55457        3.72163        5.65706        2        -0.737040        -1.487257        0.786643
Te        13.64170        1.74848        2.11217        2        -1.119205        1.493563        -0.994210
Te        16.85485        0.03787        2.08376        2        -0.299485        0.204254        0.484314
Te        13.65918        5.54602        5.79572        2        -0.351174        -0.660185        1.157259
Te        16.76107        7.39961        5.84921        2        -1.563701        -1.493746        1.284504
Te        13.56916        5.62129        2.09215        2        -1.014451        -0.810621        -0.485805
Te        16.42666        3.84691        2.22458        2        1.214150        -0.634589        -0.398135
Te        13.66634        9.05380        5.67112        2        -0.816066        0.523723        -0.034678
Te        16.58958        0.06770        5.77036        2        0.981626        1.104979        -0.097584
Te        13.47858        8.89314        2.02512        2        0.567782        0.898753        0.836528
Te        16.63920        7.32970        2.41689        2        -0.121707        -0.989643        -2.331591
