54
Lattice="19.904050889 0.000008540 -0.000615361 -0.000005198 11.491115093 0.000045896 0.042448411 0.000094922 30.000000000" Properties=species:S:1:pos:R:3:tags:I:1:forces:R:3 energy=-308.38074737 stress= -16.35824 -16.85690 -0.74480 -1.76704 1.06645 0.75750 pbc="T T T"
Mo        2.43259        11.29531        4.24361        1        0.780700        0.754667        0.901260
Mo        5.96736        1.70596        4.07276        1        -0.323293        0.456485        -0.231289
Mo        2.75888        3.37972        4.40511        1        0.135904        0.546372        0.288362
Mo        5.80525        5.34523        4.10708        1        0.710651        0.955084        0.287654
Mo        2.44679        7.41163        4.55588        1        0.624281        0.453552        0.605217
Mo        5.78004        9.37648        4.25233        1        -0.339980        -0.054897        -1.623426
Mo        9.16944        0.14106        3.91205        1        -0.117843        -1.485456        -0.174198
Mo        12.53800        2.20533        3.61987        1        0.837381        0.394438        -1.166337
Mo        9.44703        4.01126        3.61119        1        -0.833927        0.339888        0.737244
Mo        12.47724        6.15801        3.63330        1        -1.020316        -0.510188        0.342355
Mo        9.03707        7.81518        3.86625        1        0.606530        0.332095        -1.388962
Mo        12.33600        9.47648        3.48347        1        -0.585039        0.219354        1.130455
Mo        15.45078        0.33029        3.61751        1        0.541641        -0.395987        0.547983
Mo        19.37405        1.70183        3.85144        1        -0.242314        1.825796        1.910900
Mo        15.75409        3.79145        3.71870        1        -0.109784        1.457452        -2.010782
Mo        18.82433        5.64675        3.98791        1        0.800316        -0.022286        0.530642
Mo        15.86796        7.99770        3.47320        1        -0.227864        0.031893        2.481074
Mo        19.07435        9.63878        4.11924        1        0.320457        -0.562931        0.767875
Te        1.46690        1.64520        6.04427        2        -0.625182        0.210432        -0.397316
Te        5.27124        3.30942        6.16193        2        -1.200205        0.914960        -1.184569
Te        1.86501        1.64825        2.45242        2        -0.984324        0.578095        -0.445394
Te        4.72148        11.18374        2.37609        2        -0.103362        0.132984        0.596647
Te        1.39132        5.44430        6.05943        2        -0.593006        -0.531877        -0.206567
Te        4.95041        7.22408        5.94200        2        -0.682733        0.449030        0.129261
Te        1.46318        5.40054        2.85030        2        -0.001093        0.152269        -0.584587
Te        4.71617        3.51835        2.44254        2        0.125882        0.008286        0.007013
Te        1.16247        9.70179        6.23998        2        0.168929        -0.749116        -0.995113
Te        4.62179        11.36843        5.68152        2        1.166275        -0.268636        1.484163
Te        1.54315        9.32989        2.89369        2        -0.672689        -0.927375        -2.358934
Te        4.37698        7.59880        2.62256        2        0.836089        -1.136379        -0.061546
Te        8.25044        2.22162        5.53153        2        1.014078        -0.526809        0.064848
Te        11.58262        4.20381        5.34992        2        -0.143685        -0.541421        -0.211676
Te        8.07367        1.90348        2.26029        2        -0.015969        0.552579        -0.844202
Te        11.09819        11.25968        1.87813        2        -0.019331        1.256019        0.047419
Te        8.36409        5.91678        5.52176        2        -0.786383        -1.714320        0.385459
Te        11.15256        7.94951        5.48577        2        1.124062        -0.339137        -0.166920
Te        7.88225        5.86004        2.22147        2        -0.166062        -0.369838        -0.171085
Te        11.62450        4.25724        1.79088        2        -0.642565        -0.769497        0.726170
Te        7.95877        9.57450        5.72106        2        1.029624        0.677635        0.265771
Te        11.65229        0.11271        5.11145        2        -0.735345        0.224938        1.093258
Te        7.98742        9.61779        2.13843        2        -0.795236        0.488471        0.905154
Te        11.08949        7.64939        1.80044        2        -0.165492        0.565847        0.595791
Te        14.63557        2.32375        5.48158        2        -1.092590        -1.667505        0.110042
Te        17.65423        3.75616        5.58542        2        1.287584        -0.040813        -0.188934
Te        14.64189        2.17956        1.60548        2        -0.159179        -0.255499        1.750027
Te        18.34603        11.46207        2.28805        2        -1.336566        -0.716339        -1.597141
Te        14.64463        6.15537        5.28704        2        0.675229        -0.288316        -0.132775
Te        17.89024        7.86270        5.70535        2        -0.774184        -0.880981        -0.588899
Te        14.66867        6.08554        2.04416        2        0.747895        -0.763788        -0.915627
Te        18.11184        3.42456        2.01766        2        -0.009263        1.147800        1.085511
Te        14.40799        9.69376        5.32839        2        0.753673        0.215064        -0.506439
Te        17.65856        0.07320        5.45622        2        0.066349        0.370180        0.199914
Te        14.44090        9.75620        1.96772        2        1.249455        0.434336        -1.424208
Te        18.26408        7.84502        2.21344        2        -0.112228        -0.629665        -0.412062
