54
Lattice="19.174335959 0.000456436 -0.025753600 -0.000245188 11.746062056 0.000007040 0.013560858 0.000001769 30.000000000" Properties=species:S:1:pos:R:3:tags:I:1:forces:R:3 energy=-315.58197850 stress= -9.12681 -12.61910 1.29948 -0.09821 -0.61820 -0.22270 pbc="T T T"
Mo        2.15159        0.22343        3.74258        1        0.114982        1.110464        -0.551127
Mo        4.55247        2.30535        3.99696        1        0.036970        -0.541837        -0.556309
Mo        2.27909        4.07595        3.68022        1        -0.692995        -0.678648        0.916787
Mo        4.44339        5.66975        3.96379        1        0.362920        -0.042901        0.038365
Mo        2.23647        7.59864        3.73322        1        -0.573938        -0.116326        0.131999
Mo        3.91863        9.83979        4.14019        1        0.854226        -0.238432        0.373386
Mo        8.51610        11.53479        3.89104        1        -0.231986        -0.043566        0.745354
Mo        10.78416        1.65364        4.14109        1        0.667514        -0.641696        0.638320
Mo        8.87914        3.89567        3.60663        1        -0.243777        -0.250078        0.843611
Mo        10.90964        6.15655        4.20638        1        -0.842471        -0.448720        -1.202372
Mo        8.38803        7.98498        4.03378        1        0.616613        0.161245        -1.089331
Mo        10.80766        9.61407        4.21361        1        -0.250812        0.467882        -0.745642
Mo        15.13109        11.58653        3.70311        1        -0.411785        -0.245118        -0.162532
Mo        17.23729        2.24005        3.90956        1        0.150664        0.166945        0.124769
Mo        14.86688        3.81553        3.89417        1        0.077524        -0.290288        -0.298576
Mo        17.11939        5.87684        4.16799        1        0.598429        0.225453        -0.482093
Mo        15.07698        8.09539        3.87777        1        -0.067677        -0.919980        -1.292224
Mo        17.39907        9.69804        3.79665        1        0.267502        0.103427        0.314598
Te        0.60780        2.06433        5.23921        2        0.321638        0.008090        -0.277238
Te        3.91992        3.89139        5.96035        2        -0.511054        0.588285        0.123481
Te        5.71681        11.74490        2.82468        2        0.224818        -0.036025        -0.075921
Te        2.86701        2.07506        1.88297        2        -0.098373        0.091281        -0.347813
Te        0.63532        5.80706        5.17986        2        0.113380        0.263878        0.224348
Te        3.89610        7.59172        5.91333        2        -0.537307        0.154149        -0.271918
Te        6.12662        3.91077        2.51909        2        0.518509        0.284466        -0.038071
Te        2.76919        5.93331        1.78891        2        0.419282        -0.451351        -0.657222
Te        0.97634        9.80473        5.09996        2        0.086658        -0.206895        0.033710
Te        3.93328        0.35329        5.80345        2        -0.545060        -0.494335        0.184254
Te        5.69658        7.91045        2.94818        2        -0.088739        -0.056658        -1.011042
Te        2.50395        9.78516        1.77642        2        0.242788        0.078512        1.176177
Te        7.30388        2.07910        5.20021        2        -0.226947        -0.190617        -0.543040
Te        10.33620        3.96809        5.85072        2        0.067029        -0.404458        -0.057963
Te        12.41080        11.60390        2.66237        2        -0.370131        -0.152851        0.123861
Te        9.27494        1.71727        1.99035        2        -0.640425        -0.250659        -0.224845
Te        7.08396        5.78071        5.09521        2        0.482484        -0.446781        0.088348
Te        10.05324        7.78956        6.10024        2        0.275277        0.226305        0.765122
Te        11.99267        3.83632        2.81470        2        0.302074        0.298700        -0.033362
Te        9.13720        5.99594        2.02981        2        0.284724        1.096138        0.388790
Te        6.65124        9.68661        5.20497        2        0.026872        0.812915        0.529548
Te        10.15761        11.52475        6.06790        2        -0.166474        0.179083        -0.126176
Te        12.43489        7.79951        2.66049        2        -0.105897        0.214166        -0.035999
Te        9.12231        9.73476        2.05904        2        0.139514        -0.398787        -0.295140
Te        13.55207        1.73160        5.03481        2        -0.569024        0.215091        0.552941
Te        16.62228        4.01062        5.94750        2        -0.086373        -0.629591        0.497679
Te        18.71745        0.09434        2.41583        2        0.024801        0.386701        0.713816
Te        15.47166        1.92369        1.93952        2        -0.148499        0.294371        -0.419345
Te        13.54589        5.87457        5.16508        2        0.086061        0.643599        0.158037
Te        16.82909        8.03404        5.87436        2        0.282410        -0.250649        0.506638
Te        18.72953        4.06993        2.50302        2        -0.046701        -0.132702        -0.081428
Te        15.48901        5.89590        2.10696        2        -0.356104        0.002383        -0.177230
Te        13.51205        9.68174        5.19338        2        -0.473835        0.867123        0.789280
Te        16.92054        0.06379        5.62178        2        0.191774        -0.187236        0.317956
Te        18.74127        7.69262        2.54395        2        0.379270        0.070748        -0.047505
Te        15.56562        9.77053        1.78478        2        0.064180        -0.238686        -0.186165
