54
Lattice="19.904050889 0.000008540 -0.000615361 -0.000005198 11.491115093 0.000045896 0.042448411 0.000094922 30.000000000" Properties=species:S:1:pos:R:3:tags:I:1:forces:R:3 energy=-313.75557775 stress= -18.72445 -19.23027 -0.49074 -0.27276 0.42136 0.05659 pbc="T T T"
Mo        2.44093        0.14530        3.90728        1        0.491407        -0.156193        0.413416
Mo        5.64649        2.11757        3.90297        1        -0.337648        0.078234        0.933611
Mo        2.57792        4.04534        3.90916        1        -0.607648        -0.178533        0.424453
Mo        5.68682        5.85396        4.09734        1        0.435943        0.117983        -0.487187
Mo        2.59457        7.73583        4.18566        1        -0.670169        -0.158560        -0.344600
Mo        5.88398        9.54726        3.90468        1        -0.056404        0.691249        -0.147857
Mo        8.93305        0.02530        3.73620        1        1.103454        -0.115606        0.822392
Mo        12.45652        1.88806        3.88280        1        -0.801756        0.190204        -1.265228
Mo        9.10551        4.05039        4.15781        1        0.008209        -0.759999        -0.928574
Mo        12.65577        5.63827        3.88058        1        -0.402713        -0.524287        0.369214
Mo        9.27700        7.68089        3.85532        1        -0.729045        -0.344748        0.348060
Mo        12.56727        9.53531        3.87885        1        0.287215        -0.615265        0.385886
Mo        15.79631        11.26626        3.77996        1        0.148843        0.737830        -1.102530
Mo        19.15152        1.67581        4.02277        1        -0.096457        1.611327        -1.370556
Mo        15.85134        3.75058        3.68786        1        -0.076423        -0.376726        1.081043
Mo        19.31735        5.60469        4.04905        1        -1.144300        0.512693        0.353804
Mo        15.90058        7.47144        3.87809        1        -0.688001        0.403714        0.395274
Mo        18.97624        9.55831        3.90144        1        0.812850        -0.720145        2.027656
Te        1.42761        2.01595        5.60206        2        0.265680        0.109338        0.458159
Te        4.47545        4.04135        5.86899        2        0.928896        -0.544423        -0.884335
Te        1.42743        2.17125        2.20397        2        0.096979        -0.754885        0.175585
Te        4.59191        0.09502        2.18903        2        0.482571        -0.042720        0.117912
Te        1.50370        5.76849        5.83813        2        -0.079902        0.125449        -0.273786
Te        4.90045        7.82816        5.78319        2        -0.643261        0.098269        0.363946
Te        1.35594        5.89938        2.25214        2        1.036157        0.121730        0.100019
Te        4.74683        4.12384        2.19810        2        -0.338523        -0.506204        0.055669
Te        1.47062        9.70230        5.78515        2        -0.591913        0.149051        -0.366142
Te        4.68526        0.02810        5.56004        2        0.084424        0.215766        -0.000685
Te        1.34767        9.60896        2.47434        2        0.436235        -0.263333        -1.070797
Te        4.56640        7.76100        2.32569        2        0.463195        -0.312007        -0.244600
Te        7.79783        2.00579        5.67148        2        0.421723        -0.042234        -0.207778
Te        11.40048        3.82786        5.72787        2        0.295224        -0.077957        -0.670517
Te        7.92494        2.19407        2.41879        2        0.103546        -0.040181        -1.000662
Te        11.34347        11.29118        2.16040        2        -0.269629        0.903485        -0.014817
Te        7.93454        5.92143        5.74401        2        0.440123        0.193898        -0.037468
Te        11.47082        7.48325        5.54462        2        0.251859        0.736504        0.345931
Te        7.88234        5.82236        2.29626        2        0.424911        -0.011420        0.380448
Te        11.22296        3.83955        2.11296        2        0.357637        0.053741        1.254906
Te        8.16669        9.59331        5.55117        2        -0.214780        0.091274        0.024991
Te        11.26187        0.05430        5.48027        2        -0.166620        -0.511891        0.080626
Te        8.07889        9.45514        2.09200        2        -0.287131        0.404740        -0.019382
Te        11.59380        7.55345        2.24910        2        -0.502790        0.102784        -0.629309
Te        14.64483        1.74835        5.41214        2        0.586505        0.304237        0.259662
Te        17.98189        3.67780        5.53966        2        -0.063275        -0.191719        0.397388
Te        14.65249        1.76378        2.02407        2        0.050703        0.085046        0.553500
Te        18.19635        11.35548        2.14871        2        -1.011729        0.404393        -0.520919
Te        14.86464        5.65711        5.69242        2        -0.269579        -0.522822        -0.914130
Te        17.94125        7.54107        5.72388        2        0.658371        0.015450        -0.285446
Te        14.80119        5.68086        2.13844        2        -0.186738        -0.148463        -0.571359
Te        18.19293        3.72607        2.19748        2        -0.085178        -0.282353        0.289528
Te        14.83205        9.44417        5.54466        2        -0.518267        -0.121862        0.047161
Te        17.81769        11.42929        5.55811        2        0.307332        -0.480990        1.021067
Te        14.76411        9.32310        2.00840        2        -0.055620        0.299486        0.815684
Te        18.15473        7.47163        2.37524        2        -0.057518        0.051785        -0.987557
