54
Lattice="19.173937585 0.000456147 -0.025753600 -0.000245476 10.515591813 0.000007040 0.013560576 0.000001770 30.000000000" Properties=species:S:1:pos:R:3:tags:I:1:forces:R:3 energy=-319.48243640 stress= -0.95819 -0.62327 0.76764 -0.07224 -1.00488 -0.01685 pbc="T T T"
Mo        2.10574        0.08706        3.76419        1        1.546032        -0.952489        0.307969
Mo        4.54262        1.66914        3.96001        1        0.205539        -0.498703        -0.127605
Mo        2.32689        3.35867        3.73580        1        -1.083992        0.242663        -0.070066
Mo        4.47267        5.36143        4.07440        1        -0.547726        0.674362        0.204646
Mo        2.19858        7.17386        3.83824        1        0.572555        -1.011870        0.681545
Mo        4.48794        8.63289        4.17273        1        -1.080602        0.631351        -0.744164
Mo        8.49276        10.33782        3.93519        1        0.532373        -0.217012        -0.583774
Mo        10.71908        1.57272        3.98011        1        0.357466        0.887090        -0.195778
Mo        8.52831        3.52616        3.77364        1        0.223861        0.008996        -0.995553
Mo        10.87568        5.37267        3.88157        1        -0.675382        -0.163977        -0.148717
Mo        8.44683        7.02569        3.73923        1        1.099876        -0.375523        -0.211219
Mo        10.81825        8.87941        3.87527        1        -0.109065        -0.277279        1.209202
Mo        14.85302        0.14277        3.78339        1        0.892453        -0.120296        0.990619
Mo        17.21591        1.71745        4.14382        1        0.603477        -0.352772        0.323420
Mo        14.90138        3.61352        3.84816        1        -0.648496        -0.512243        -0.636107
Mo        17.28699        5.08041        4.05087        1        0.278595        0.809431        -0.454777
Mo        14.97145        7.15027        3.78200        1        -1.029657        -0.589115        -1.409383
Mo        17.17108        8.80826        4.10333        1        0.836312        0.937176        -0.851262
Te        0.67061        1.75319        5.43253        2        -0.081999        0.096197        0.014902
Te        3.95885        3.44672        5.81531        2        -0.266600        0.000336        1.502976
Te        6.13398        10.32682        2.64705        2        -0.694477        0.423216        -0.800735
Te        2.92657        1.64101        1.74131        2        -0.027586        0.346250        0.015080
Te        0.75292        5.13881        5.33165        2        -0.432388        0.191858        -0.046848
Te        3.77593        7.02358        6.27008        2        -0.114753        -0.405305        -1.580825
Te        5.93323        3.61279        2.52474        2        0.886260        -0.530705        -0.459386
Te        2.86679        5.32971        1.93436        2        -0.202856        -0.346093        -0.356851
Te        0.69684        8.79798        5.27197        2        -1.100711        0.183165        1.149900
Te        3.86276        10.50713        5.94784        2        -0.457647        0.371709        0.276996
Te        5.98681        7.12134        2.43198        2        0.119534        -0.683416        0.063533
Te        3.05057        8.74689        1.82572        2        -0.619064        0.349162        0.613825
Te        7.12607        1.71916        5.39985        2        -1.044268        0.136955        0.151365
Te        10.25901        3.43539        5.83225        2        -0.058403        0.931544        0.027151
Te        12.31502        0.15617        2.26523        2        0.444385        -0.318276        0.240742
Te        8.80847        1.55276        1.86819        2        0.923248        0.655452        0.419995
Te        6.94019        5.21570        5.27585        2        0.376873        0.352181        0.560815
Te        10.19615        7.07239        5.83569        2        -0.122467        -0.024707        -0.051014
Te        12.43340        3.36772        2.49894        2        -0.177856        0.783482        -0.154635
Te        9.18098        5.19526        1.68691        2        -0.096804        0.218195        1.045559
Te        6.86296        8.65104        5.54160        2        1.028693        -0.139078        -0.034747
Te        10.19418        0.05331        6.05623        2        0.230410        -0.897840        -0.307517
Te        12.33759        7.23472        2.31772        2        0.647657        -0.952530        -0.130248
Te        9.11082        8.70665        1.74255        2        0.035246        0.223149        0.640538
Te        13.39645        1.81281        5.50194        2        -0.549684        -0.232603        -0.664212
Te        16.40079        3.48846        5.95860        2        0.719484        -0.002417        1.542952
Te        18.78071        10.51126        2.53910        2        -0.055257        0.159413        -0.337289
Te        15.77236        1.87492        1.96760        2        -0.577220        0.067857        -0.827231
Te        13.23813        5.33743        5.37465        2        0.414698        0.133212        -0.452153
Te        16.49691        7.02549        5.85722        2        0.601328        -1.071062        1.700675
Te        18.90483        3.33336        2.52975        2        -0.141996        0.462340        -0.197902
Te        15.65601        5.32397        1.85707        2        -0.074448        0.036332        0.373895
Te        13.38287        8.82782        5.21285        2        -0.966592        0.067272        0.529520
Te        16.63897        10.42176        6.16193        2        -0.490305        0.679020        -0.925429
Te        18.82719        7.01754        2.68323        2        -0.021287        -0.064793        -0.762035
Te        15.63083        8.93067        1.85685        2        -0.007746        -0.328924        -0.075473
