54
Lattice="20.324373841 0.000456147 -0.025753600 -0.000245476 10.927967962 0.000007040 0.013560576 0.000001770 30.000000000" Properties=species:S:1:pos:R:3:tags:I:1:forces:R:3 energy=-313.76876203 stress= -11.42357 -8.44707 0.32172 0.32581 0.63296 -0.49085 pbc="T T T"
Mo        2.17896        0.44563        3.86861        1        0.307069        -1.114419        0.207854
Mo        4.71447        2.20793        3.98749        1        0.873488        -0.006153        0.472292
Mo        2.09621        3.88663        3.88971        1        1.550185        -0.159777        -1.047157
Mo        4.73679        5.56935        3.99842        1        0.961484        0.606749        0.221362
Mo        2.19531        7.34144        3.74677        1        0.278853        -0.553347        0.491935
Mo        4.55848        8.81474        3.92732        1        -0.985795        1.421470        -0.376300
Mo        8.93632        10.86649        3.72851        1        0.297434        0.151274        0.195957
Mo        11.43102        1.56151        4.19464        1        1.536784        -2.180510        -1.853986
Mo        9.20367        3.23183        3.73341        1        -0.639437        0.358182        -0.938997
Mo        11.68268        4.77083        4.01523        1        -1.052191        1.534471        1.159375
Mo        9.17312        6.58548        3.54562        1        0.935115        -0.264372        0.270133
Mo        11.50407        9.32046        4.04501        1        -0.706427        -0.575429        -0.147372
Mo        15.98978        0.01383        3.77290        1        -0.823212        0.930488        1.363942
Mo        18.35816        2.02554        3.97514        1        -0.299619        0.018718        1.140146
Mo        16.01611        3.58861        3.85911        1        -0.685942        0.281448        1.480608
Mo        18.30941        5.64829        4.19138        1        -0.817488        0.023476        -0.205541
Mo        15.76411        7.61276        4.08024        1        0.998264        -0.250109        -0.240868
Mo        18.29767        9.37811        3.82318        1        0.422201        -0.310178        0.650509
Te        0.56648        2.07911        5.36120        2        -0.005444        -0.061052        0.334321
Te        4.01950        3.92973        5.86071        2        -0.742953        -0.968782        1.468974
Te        6.21734        0.11198        2.65978        2        -0.612332        -0.054238        -0.191916
Te        3.10054        1.95797        2.01676        2        -0.754503        1.039235        -1.740471
Te        0.61457        5.55515        5.40889        2        -0.221691        0.652346        0.193989
Te        3.90802        7.24123        5.97121        2        -0.326025        0.289607        -0.409185
Te        6.45354        3.75070        2.51511        2        -0.182239        -0.562455        -0.181615
Te        3.28975        5.50310        1.92420        2        -2.118694        0.107052        -0.982639
Te        0.67827        9.25170        5.23360        2        -0.180681        0.110921        -0.293644
Te        3.94202        0.32012        5.78048        2        0.502539        -0.947831        0.190988
Te        6.01703        7.42809        2.27581        2        0.404233        -0.896530        -0.650611
Te        2.66810        9.24712        1.87488        2        0.716042        0.260411        1.020007
Te        7.36615        1.65218        5.29575        2        -0.005775        0.310808        -0.281857
Te        10.63793        3.12171        5.93456        2        -0.359874        2.460957        1.996175
Te        13.14872        10.89888        2.61730        2        0.172540        0.079135        -0.398389
Te        9.99940        1.44838        1.77210        2        -0.183632        0.089518        0.868821
Te        7.49503        5.17868        4.97486        2        0.020085        0.364134        0.302608
Te        10.86181        6.95067        5.58507        2        -0.239030        0.116800        -0.249248
Te        13.37587        3.38907        2.75455        2        0.872795        -0.989045        -0.803430
Te        10.38307        4.78183        1.67867        2        -1.110114        0.833356        0.935223
Te        7.28709        8.79168        4.52164        2        1.248521        -0.517932        0.850902
Te        10.39867        10.71605        6.12716        2        0.239108        -0.040045        -1.518641
Te        13.15338        7.29221        3.02776        2        -0.272387        -0.528635        -0.145518
Te        9.69958        8.68864        1.88686        2        0.421957        0.916181        0.894627
Te        14.23052        1.59167        5.63915        2        0.300820        0.200983        -0.712216
Te        17.60050        3.79673        6.08457        2        0.153729        -0.052431        -0.897307
Te        20.09710        0.25887        2.63760        2        -0.937234        0.029943        -0.578782
Te        16.61736        1.88874        1.96600        2        -0.064121        -0.253850        -1.327394
Te        14.30083        5.45695        5.38379        2        0.206078        -0.350949        -0.444439
Te        17.88153        7.71636        5.95981        2        -0.648086        -0.469385        -0.495723
Te        19.77314        3.91760        2.61903        2        1.007287        0.189604        -0.632308
Te        16.53268        5.69411        2.10243        2        -0.118506        -0.321710        0.980735
Te        14.08430        9.35532        5.40095        2        0.130396        0.016141        0.014416
Te        17.77290        0.18895        5.82630        2        -0.215266        -0.024718        0.360119
Te        19.79478        7.52404        2.43327        2        0.340845        -0.610846        0.122210
Te        16.30331        9.12536        1.92830        2        0.363823        -0.320405        -0.408604
