54
Lattice="20.707852593 0.000456147 -0.025753600 -0.000245476 10.309403738 0.000007040 0.013560576 0.000001770 30.000000000" Properties=species:S:1:pos:R:3:tags:I:1:forces:R:3 energy=-313.79580771 stress= -16.46687 -4.50908 -2.20477 0.82905 -1.52486 0.42485 pbc="T T T"
Mo        2.48329        0.13769        3.87926        1        -1.002146        -0.627110        -0.363168
Mo        4.95271        1.73002        4.29338        1        0.111980        0.834244        -1.583118
Mo        2.22335        3.40337        3.61213        1        1.113747        0.518608        1.017469
Mo        4.90823        5.20733        3.99879        1        -0.250829        0.440139        -0.656054
Mo        2.14352        6.86950        3.86826        1        0.854610        -0.383013        0.716945
Mo        4.74501        8.65649        4.19688        1        1.176747        -0.986895        1.386714
Mo        9.25283        10.09963        4.28654        1        -0.241438        0.137084        -0.623751
Mo        11.76220        1.52156        4.10897        1        0.392900        -0.979552        -0.310270
Mo        9.15931        3.16739        4.14866        1        1.378587        1.723150        -0.785845
Mo        11.76101        5.39992        3.67932        1        -0.142178        0.242909        1.477730
Mo        9.16206        6.50396        4.17484        1        0.290983        1.132754        -1.464760
Mo        11.74287        8.67373        4.23436        1        -0.426484        -0.134630        0.368330
Mo        16.18136        0.11263        3.76017        1        0.322667        -1.026997        0.433684
Mo        18.75162        1.69361        3.81416        1        -1.516114        0.374738        -0.284436
Mo        16.03501        3.47094        3.59963        1        -0.513664        0.029014        0.691198
Mo        18.67989        5.07152        3.64530        1        -0.897761        -0.595092        -0.643532
Mo        15.98986        7.17499        3.58281        1        1.107819        -0.305244        -0.373712
Mo        18.68945        8.75152        3.71088        1        -0.086317        -0.533372        0.570590
Te        0.65341        1.74959        5.12106        2        -0.716342        0.124767        0.692177
Te        3.92441        3.71696        5.82388        2        -0.919635        -1.865647        0.927525
Te        6.65074        10.07294        2.84068        2        0.277836        0.893981        0.089854
Te        3.58299        1.64557        2.00899        2        -0.540733        0.449456        -0.466471
Te        0.43275        4.96751        5.31805        2        0.217205        0.381446        -1.006325
Te        3.97754        6.82677        6.06740        2        -0.382373        0.547885        -0.919052
Te        6.66735        3.30097        2.68931        2        -0.189226        0.092735        0.157688
Te        3.12702        5.17812        1.86620        2        0.027476        0.451559        0.021623
Te        0.36859        8.52453        5.35208        2        0.624257        0.277845        -0.570622
Te        4.00099        0.13005        6.06810        2        -0.276760        -0.780762        1.290646
Te        6.61701        6.86858        2.72570        2        0.127823        -0.254564        -0.397689
Te        3.27380        8.60615        2.09940        2        -0.882949        -0.065620        -1.150160
Te        7.54483        1.80985        5.59412        2        -0.687010        -1.290723        0.938023
Te        11.47205        3.39598        5.80663        2        -0.939919        1.282863        0.349012
Te        13.56057        10.22234        2.51524        2        -0.366052        0.742929        0.547747
Te        9.86692        1.54068        2.20595        2        -0.001308        -0.613303        -0.003988
Te        7.31772        5.16766        5.66687        2        0.175457        -0.907879        -0.150164
Te        11.07569        6.72877        6.09985        2        0.260460        0.133257        -1.013119
Te        13.26359        3.49140        2.26972        2        0.041454        -0.470468        0.371783
Te        9.69051        4.97000        2.02503        2        -0.182871        -0.179008        0.217255
Te        7.46061        8.19506        5.58370        2        0.026886        1.836013        0.590435
Te        10.94902        0.11893        6.46576        2        0.438518        -0.607185        -1.945763
Te        13.31095        7.30867        2.14196        2        -0.039738        -0.712922        0.882277
Te        9.83650        8.46890        2.18725        2        0.236317        -0.206219        1.179760
Te        14.59196        1.84499        5.35401        2        -0.290071        -0.683289        -0.311518
Te        17.71268        3.37548        5.58734        2        0.886208        0.637456        0.848558
Te        20.37214        0.26985        2.29031        2        0.748229        -1.154719        -0.342647
Te        16.74294        1.80686        1.78236        2        0.757549        -0.827113        -0.744338
Te        14.25487        5.33647        4.77207        2        0.266768        -0.171599        0.646081
Te        17.91783        6.76010        5.46505        2        -0.179508        1.222692        0.954305
Te        20.21764        3.50749        2.01469        2        0.559264        -0.162248        0.642499
Te        16.56997        5.21330        1.73541        2        0.723663        0.594028        -0.685197
Te        14.57537        8.46864        5.54204        2        -0.225980        0.771213        -0.697653
Te        18.22883        10.28309        5.93004        2        -0.812593        0.180107        -1.469218
Te        20.49845        7.10033        2.31006        2        -0.320431        -0.489723        -0.022029
Te        16.96024        8.59621        1.55554        2        -0.123524        0.957852        0.979596
