54
Lattice="20.324373841 0.000456147 -0.025753600 -0.000245476 10.309403738 0.000007040 0.013560576 0.000001770 30.000000000" Properties=species:S:1:pos:R:3:tags:I:1:forces:R:3 energy=-319.37618439 stress= -16.19897 -5.43728 -1.33391 0.90763 -0.44606 -0.27858 pbc="T T T"
Mo        2.36212        0.07213        3.87814        1        -0.067540        -0.309060        0.510433
Mo        4.77304        1.79637        3.95495        1        -0.066698        -0.684116        -0.961359
Mo        2.28640        3.45639        3.75893        1        0.094223        0.359291        0.711646
Mo        4.70068        5.28613        3.96278        1        0.486258        -0.716800        0.413399
Mo        2.33115        6.95223        3.97212        1        -0.712134        -0.584191        -0.719373
Mo        4.77352        8.52476        4.06340        1        -0.236175        1.276948        0.286549
Mo        9.02899        10.29367        3.80616        1        -0.010107        -0.086946        0.681272
Mo        11.48135        1.75123        3.99328        1        -0.038048        -0.890698        -0.460231
Mo        8.95422        3.39120        3.85231        1        0.316008        0.775794        -1.008506
Mo        11.44617        5.09620        3.87737        1        0.620797        0.488820        0.853826
Mo        8.94611        6.86426        3.84909        1        0.613658        -0.266185        -0.151670
Mo        11.47451        8.57419        3.92405        1        0.527605        -0.494752        1.292643
Mo        15.74477        0.03394        3.92273        1        -0.052339        -0.649078        -0.186673
Mo        18.44774        1.67995        4.02840        1        -1.036404        -0.042542        0.146922
Mo        15.79757        3.41170        3.81140        1        0.215771        -0.040263        -0.137879
Mo        18.35365        5.13416        3.85487        1        0.117214        0.003738        0.298985
Mo        15.75993        6.83698        3.78551        1        0.520731        0.444985        1.103892
Mo        18.21270        8.59147        4.05985        1        0.944143        0.629057        -1.418825
Te        0.79219        1.65735        5.48494        2        -0.571290        0.567681        -0.185996
Te        4.10200        3.48981        5.84657        2        -0.468210        0.155070        0.424554
Te        6.49118        10.25426        2.48142        2        -0.269749        0.302432        0.126189
Te        2.97588        1.75629        1.84345        2        0.301749        -0.240097        0.124280
Te        0.54611        5.17018        5.32810        2        0.185249        -0.659318        -0.070200
Te        4.06713        6.91705        6.05557        2        0.016512        -0.297143        0.025030
Te        6.41549        3.55508        2.26955        2        -0.199323        -0.244757        0.946714
Te        2.98520        5.30964        1.87748        2        -0.268890        -0.375716        0.188192
Te        0.60692        8.48833        5.43461        2        -0.036544        0.828572        0.247900
Te        4.12103        0.05030        5.98896        2        -0.012979        0.147505        -0.513113
Te        6.31224        6.96645        2.49953        2        0.942487        -0.387820        -0.650997
Te        2.97812        8.59507        2.00046        2        0.204956        0.241744        -0.537226
Te        7.27579        1.75850        5.25856        2        0.261969        -0.194217        0.398812
Te        10.82860        3.39319        5.87290        2        -0.539353        0.511625        0.721688
Te        13.15332        0.12564        2.50631        2        0.331373        -0.664007        -0.226951
Te        9.78879        1.71291        1.84672        2        -0.220628        0.111164        0.403320
Te        7.26762        5.23562        5.45695        2        0.178330        -0.394585        -0.617414
Te        10.74221        6.74245        5.96860        2        0.092650        0.423590        -1.265547
Te        13.25844        3.43181        2.44196        2        -0.351533        0.027490        -0.092132
Te        9.68951        5.15758        1.81678        2        -0.273166        -0.149984        0.642213
Te        7.34561        8.53867        5.44847        2        0.143245        0.464641        -0.213203
Te        10.86004        10.19954        5.97034        2        -0.376596        0.532460        -0.689315
Te        13.22038        6.89098        2.45899        2        -0.318139        -0.141608        -0.195641
Te        9.77157        8.56319        1.89833        2        -0.380821        0.015107        -0.494823
Te        14.02131        1.76088        5.36124        2        0.419634        -0.064069        0.185307
Te        17.61783        3.50320        5.83153        2        -0.083231        -0.350558        0.437955
Te        20.09291        0.00222        2.61947        2        -0.105506        -0.398279        -0.477885
Te        16.64640        1.55052        1.93106        2        0.070429        1.042512        0.251536
Te        14.11338        5.12553        5.39085        2        -0.005572        -0.066583        -0.366941
Te        17.72985        6.87512        5.86874        2        -0.979696        -1.073434        0.549936
Te        20.05008        3.29333        2.30901        2        -0.231007        0.484887        0.604446
Te        16.51581        5.16132        1.87524        2        0.012527        -0.484984        -0.602793
Te        14.06761        8.48796        5.39276        2        0.017087        0.312137        -0.338167
Te        17.47053        10.26605        6.00986        2        0.290808        0.562652        -0.176448
Te        20.03759        6.87099        2.53079        2        0.007379        0.424846        -0.422785
Te        16.51681        8.63576        1.88507        2        -0.044947        -0.190696        0.598138
