54
Lattice="19.174335959 0.000456436 -0.025753600 -0.000245188 11.539990792 0.000007040 0.013560858 0.000001769 30.000000000" Properties=species:S:1:pos:R:3:tags:I:1:forces:R:3 energy=-314.23825947 stress= -4.62352 -12.44614 0.57135 -0.24133 -0.39326 0.81699 pbc="T T T"
Mo        2.22823        0.29910        3.82464        1        -1.036309        0.461371        -0.527876
Mo        4.62747        1.78793        4.04947        1        -0.267813        0.824429        -1.984618
Mo        2.32427        3.63135        3.87284        1        -0.232658        -0.174668        -0.094566
Mo        4.44205        5.76387        4.07900        1        -0.430994        -0.233160        0.134097
Mo        2.10737        7.45163        3.85135        1        -0.091352        -0.006202        -0.324507
Mo        4.34767        9.81144        3.95681        1        0.105863        -0.034691        0.521269
Mo        8.53075        11.21145        3.62662        1        -0.158259        0.921511        0.246149
Mo        10.50547        2.05686        4.13439        1        -0.208661        -1.174444        0.053410
Mo        8.55247        4.18983        3.78102        1        -0.900975        -0.368956        -1.501389
Mo        10.74423        5.53590        3.71005        1        0.966953        0.443969        2.270897
Mo        8.51829        7.79068        3.63462        1        1.027897        -0.180271        0.663844
Mo        10.87340        9.33733        3.91246        1        -0.057207        0.966643        -0.527587
Mo        15.04439        0.21800        3.76606        1        -1.722666        -0.598264        -0.924540
Mo        17.22798        2.03113        4.14956        1        -0.421684        -0.868260        0.529839
Mo        14.82450        3.57965        4.01675        1        0.590867        0.489223        -0.062757
Mo        17.25758        5.55487        4.22163        1        -0.182785        -1.525747        0.182404
Mo        15.05446        8.02080        3.74503        1        0.553029        -0.623142        1.165476
Mo        17.31061        9.94065        3.93104        1        -0.340590        -0.107199        1.108799
Te        0.75146        1.93317        5.60386        2        -0.110225        -0.018180        -0.654148
Te        4.17295        3.73491        5.90186        2        -0.365756        0.182545        0.111956
Te        6.06034        0.04430        2.41028        2        -0.382422        -0.620016        0.344980
Te        2.93235        1.80034        1.71852        2        0.109044        0.703953        1.345900
Te        0.85337        5.51216        5.50554        2        -0.491935        0.177375        -0.293307
Te        3.52440        7.75753        5.99318        2        1.208698        0.152195        -0.397326
Te        5.87541        3.93668        2.48314        2        0.780960        -0.084295        0.398185
Te        2.70499        5.55590        1.98686        2        0.273737        0.379376        -0.027629
Te        0.64972        9.86554        5.01701        2        0.642200        -0.590234        0.031859
Te        3.87443        0.03622        5.84871        2        0.368540        -0.066792        1.737448
Te        5.88903        7.78071        2.92179        2        -0.239289        0.077479        -0.559476
Te        2.41097        9.76607        2.10705        2        0.439576        -0.802940        0.028618
Te        7.36316        1.96436        5.17663        2        -0.283610        -0.400353        -0.274055
Te        10.20420        3.96362        5.97236        2        0.188792        0.390746        -0.056309
Te        12.06289        0.18014        2.54955        2        0.595327        -0.653631        0.070831
Te        9.14630        1.93787        1.81603        2        -0.302011        0.159891        0.935496
Te        7.08165        5.90909        5.25325        2        -0.234027        -0.039068        0.309035
Te        10.42867        7.55318        5.74367        2        -0.964064        -0.923070        -0.170209
Te        12.30977        3.47491        2.75873        2        0.195065        0.988162        -0.883730
Te        9.11016        5.90594        1.65614        2        -0.573477        -0.067728        0.143605
Te        6.98998        9.60785        5.36977        2        0.187952        0.216073        -0.964935
Te        10.08831        11.30506        5.70496        2        0.381008        0.181241        0.628275
Te        12.32240        7.43475        2.57860        2        0.947031        0.954241        -0.862081
Te        9.44959        9.71684        1.70233        2        -0.533094        -0.951285        -0.518041
Te        13.15729        1.66723        5.33578        2        0.242476        0.802021        0.353176
Te        16.57152        3.67570        6.17254        2        -0.165084        0.739427        -0.324330
Te        18.68891        0.25707        2.57371        2        1.003780        0.308451        -0.535736
Te        15.52341        2.13734        1.95030        2        0.457409        -0.587897        -0.276237
Te        13.51671        5.86665        4.88952        2        -0.236844        -0.202312        0.534658
Te        17.11064        7.82510        5.66131        2        -1.157375        0.124855        0.250479
Te        18.77727        3.74545        2.71785        2        0.547217        0.479359        -0.421010
Te        15.56480        5.73866        2.14068        2        -0.084653        -0.237381        0.569834
Te        13.39708        9.75847        5.17472        2        0.401940        -0.686914        -0.170863
Te        16.44998        0.03285        5.93005        2        0.907251        0.037906        0.504864
Te        18.77766        7.44518        2.88063        2        -0.582595        0.676430        -0.306862
Te        15.64531        9.73235        1.92436        2        -0.329284        0.968382        -1.521282
