54
Lattice="18.429676749 0.000008540 -0.000615361 -0.000005198 10.639921383 0.000045896 0.042448411 0.000094922 30.000000000" Properties=species:S:1:pos:R:3:tags:I:1:forces:R:3 energy=-321.27082745 stress= 1.22256 -0.08080 -1.57122 -0.40679 -1.48666 -0.37392 pbc="T T T"
Mo        2.29816        10.49368        3.90357        1        0.012120        0.020707        -0.589003
Mo        5.36171        1.73055        3.91880        1        0.479845        0.227107        0.325365
Mo        2.30796        3.44813        4.09343        1        0.077891        -0.003481        -0.632365
Mo        5.49641        5.16207        3.94917        1        -0.615343        0.264397        -0.097723
Mo        2.44036        6.89330        4.05061        1        -0.313024        0.847988        0.252624
Mo        5.39892        8.83077        3.83048        1        0.358556        -0.411307        -0.069821
Mo        8.28696        0.06909        3.76219        1        1.269073        0.399421        -0.617279
Mo        11.52485        1.88231        3.90024        1        -0.984133        0.103214        0.617619
Mo        8.49716        3.60347        3.96590        1        0.554812        -0.492690        0.300016
Mo        11.55250        5.28759        4.00151        1        -0.252807        0.128125        -0.492839
Mo        8.56748        7.09490        3.72870        1        -0.500294        -0.043618        1.275976
Mo        11.67664        8.92761        3.80716        1        -0.291070        -0.905773        0.270457
Mo        14.55561        0.14715        3.87540        1        -0.455134        -0.894580        -0.688097
Mo        17.64682        1.91483        3.91871        1        -0.654504        -0.676210        0.668903
Mo        14.72644        3.67832        4.04158        1        -0.613325        0.038508        -0.295786
Mo        17.70398        5.20262        4.05695        1        -0.204541        0.638163        0.020108
Mo        14.64476        7.20233        3.95197        1        -0.800307        0.080597        0.420238
Mo        17.74858        8.94368        3.92796        1        -0.529532        -0.634774        0.274200
Te        1.20640        1.57509        5.65202        2        0.301070        0.336557        1.134669
Te        4.42900        3.49526        5.86284        2        -0.164578        -0.375520        -0.516467
Te        1.25197        1.63891        2.13650        2        0.387412        0.738376        0.206541
Te        4.37721        10.62838        2.07328        2        -0.361169        -0.263819        -0.020098
Te        1.29685        5.23307        5.94753        2        0.392305        -0.126383        -0.442486
Te        4.69433        6.98325        5.71152        2        -1.294656        0.548069        0.180420
Te        1.28462        5.23627        2.32647        2        0.251861        -0.471005        -0.790290
Te        4.25186        3.41146        2.18962        2        0.075033        0.528735        -0.077361
Te        1.38679        8.74671        5.79427        2        -0.292600        0.003593        -0.269613
Te        4.25974        10.55660        5.64549        2        1.122551        -0.019066        0.547844
Te        1.32551        8.66295        2.19089        2        0.322504        -0.032073        -0.349601
Te        4.36059        6.91215        2.09447        2        0.337620        0.145090        0.557153
Te        7.45780        1.84141        5.71764        2        -0.329997        -0.463250        -0.259491
Te        10.56467        3.56674        5.97757        2        -0.277778        -0.227277        -1.509185
Te        7.37939        1.89620        1.93901        2        -0.065960        -0.268211        1.066403
Te        10.50875        0.07943        2.02643        2        -0.067665        0.002220        0.472164
Te        7.53982        5.47317        5.78039        2        0.314772        -0.580733        -0.830393
Te        10.55319        7.08566        5.71684        2        -0.077250        0.856249        -0.741064
Te        7.40283        5.13577        2.11170        2        0.461604        1.245481        -0.599128
Te        10.47964        3.62331        2.10276        2        0.177601        -0.101852        0.297582
Te        7.53953        8.95209        5.55664        2        -0.694432        -0.811393        0.215609
Te        10.37596        10.56597        5.48513        2        0.598566        0.741390        0.510101
Te        7.45085        8.83402        1.96244        2        -0.311883        -0.005975        -0.041614
Te        10.68255        7.08719        2.03788        2        -0.094924        -0.052028        0.231725
Te        13.58021        1.90225        5.66803        2        -0.236521        -0.300324        0.735922
Te        16.66973        3.58187        5.94412        2        0.020527        -0.410136        -0.280386
Te        13.50210        1.98131        2.15379        2        0.853946        -0.071799        -0.261512
Te        16.63233        0.22244        2.11020        2        0.097978        -0.949985        -0.023651
Te        13.54119        5.50070        5.81558        2        0.701871        -0.443402        -0.160422
Te        16.75704        7.07923        5.74810        2        -0.352383        0.619268        -0.040993
Te        13.62675        5.35120        2.22687        2        -0.037583        0.297385        -0.140634
Te        16.62004        3.61823        2.12880        2        0.285109        0.261862        -0.225727
Te        13.67053        8.96153        5.75710        2        -0.630242        0.310790        -0.406090
Te        16.50994        0.01808        5.61142        2        1.141728        0.585251        0.815598
Te        13.71290        8.95913        1.97014        2        -0.103508        -0.018847        0.669166
Te        16.64130        7.06763        2.27001        2        1.023879        0.079892        -0.619356
