54
Lattice="18.429676749 0.000008540 -0.000615361 -0.000005198 11.065518238 0.000045896 0.042448411 0.000094922 30.000000000" Properties=species:S:1:pos:R:3:tags:I:1:forces:R:3 energy=-319.49609941 stress= -1.25032 -8.10558 -0.11854 -0.28177 -0.19809 0.03472 pbc="T T T"
Mo        2.25773        11.00122        3.95757        1        0.009739        0.439150        0.134254
Mo        5.46478        1.76638        3.95985        1        -0.850581        0.562152        0.656055
Mo        2.40583        3.64544        3.95937        1        -0.360704        -0.521973        0.483800
Mo        5.39682        5.61863        4.05929        1        -0.382794        0.670918        0.200986
Mo        2.14840        7.50468        4.08798        1        0.871445        -0.457371        -1.457146
Mo        5.16629        9.24382        4.06512        1        1.485519        0.260324        0.772736
Mo        8.61413        0.17803        3.95571        1        -0.670103        -0.655127        -0.559464
Mo        11.49128        1.91872        4.01322        1        -0.673948        -0.105555        -0.514795
Mo        8.36345        4.00349        3.91611        1        0.159926        -0.566810        -0.058129
Mo        11.55113        5.57976        3.82668        1        0.411527        0.303115        -0.053109
Mo        8.40981        7.69001        4.01275        1        1.134084        -1.922401        -1.108094
Mo        11.60180        9.31450        3.95813        1        0.534579        -1.412026        -1.393537
Mo        14.65143        10.86376        3.88592        1        0.029418        -0.055178        0.024208
Mo        17.62152        1.72000        3.74557        1        0.113061        0.624882        0.793288
Mo        14.62235        3.54156        3.91019        1        -0.302929        0.682370        -1.545568
Mo        17.79450        5.37658        3.85771        1        -0.565412        0.584561        -1.201039
Mo        14.70441        7.08845        3.86911        1        -0.678230        -0.148611        -0.430842
Mo        17.72592        9.14689        3.84468        1        0.654188        -0.237855        0.390047
Te        1.14321        1.78267        5.67085        2        0.488861        0.282776        -0.248982
Te        4.53522        3.68223        5.78851        2        -0.391272        -0.410333        -0.261033
Te        1.38043        1.79433        2.12269        2        -0.106020        0.187911        0.170286
Te        4.31422        10.97805        2.18613        2        0.267683        0.571533        0.170114
Te        1.38602        5.47313        5.61534        2        -0.718079        -0.254192        1.418645
Te        4.18405        7.33074        5.91198        2        0.510050        0.488603        -0.461642
Te        1.54330        5.50769        2.17243        2        -0.935487        0.100486        0.103792
Te        4.40594        3.76655        2.29508        2        0.915402        -0.457337        -0.650800
Te        1.21388        9.28161        5.85724        2        -0.332688        0.079009        -0.400572
Te        4.23829        0.05361        5.83425        2        0.468545        -0.077226        -0.269945
Te        1.42113        9.31403        1.98475        2        -0.886863        -0.700529        1.031772
Te        4.16990        7.44790        2.31788        2        0.895035        -0.316365        -0.101010
Te        7.69453        1.97887        5.60156        2        -1.107463        0.251227        1.044855
Te        10.40840        3.93459        5.63797        2        0.504421        -0.509154        0.515885
Te        7.33587        2.10122        2.10743        2        1.117506        -0.613106        0.190095
Te        10.58915        0.12218        2.17645        2        0.039001        -0.219260        -0.377693
Te        7.49272        5.90217        5.85108        2        -0.339982        -0.707823        -0.502673
Te        10.60995        7.39404        5.72042        2        -0.200612        0.407151        -0.563737
Te        7.38133        5.80773        2.21138        2        -0.119157        0.558904        -0.223946
Te        10.45533        3.77632        2.15779        2        -0.118212        -0.122759        -0.098634
Te        7.56418        9.37553        5.77450        2        -1.237148        1.142048        0.403678
Te        10.71685        10.98135        5.72544        2        -0.854813        1.300244        0.989436
Te        7.30293        9.45400        2.29377        2        0.112242        0.017321        -0.122223
Te        10.53310        7.57736        2.12031        2        -0.355104        -0.255472        0.512350
Te        13.64222        1.75781        5.57465        2        0.103808        -0.649488        1.433458
Te        16.66731        3.67345        5.52896        2        0.539652        -0.807401        1.053074
Te        13.49349        1.70740        2.25413        2        0.599941        -0.184395        -0.794737
Te        16.75008        10.85568        2.09197        2        -0.893888        0.403560        -0.747234
Te        13.52482        5.24965        5.72383        2        0.461321        0.927623        -0.558447
Te        16.67840        7.33361        5.61681        2        0.696762        -0.700046        0.018004
Te        13.66528        5.24542        1.98401        2        -0.384456        0.824853        0.794545
Te        16.56521        3.47748        1.92921        2        0.625777        0.447548        0.759647
Te        13.62955        8.95654        5.69650        2        0.709599        0.338269        -0.315156
Te        16.69097        11.03403        5.65043        2        -0.160915        -0.387325        -0.218228
Te        13.75203        8.94625        2.13342        2        -0.536324        0.520835        0.130838
Te        16.83576        7.13088        1.97358        2        -0.317597        0.444894        1.023774
