54
Lattice="18.429676749 0.000008540 -0.000615361 -0.000005198 13.193502514 0.000045896 0.042448411 0.000094922 30.000000000" Properties=species:S:1:pos:R:3:tags:I:1:forces:R:3 energy=-303.58489539 stress= -13.04197 -19.59049 -2.15192 0.49897 -0.33236 0.77797 pbc="T T T"
Mo        2.31257        13.09938        4.04696        1        -0.427590        0.418913        -0.217375
Mo        5.57121        2.29505        3.82045        1        0.031098        0.513821        0.463008
Mo        2.57643        3.36451        3.98770        1        0.334197        0.349383        -2.288662
Mo        4.73385        5.72733        3.74664        1        -0.041697        0.991647        0.022111
Mo        2.39420        9.26100        4.56387        1        0.140166        1.287630        -0.539160
Mo        5.65868        11.19373        4.09295        1        -0.966435        0.490545        0.139878
Mo        8.60396        0.28217        3.93282        1        0.412001        -0.094219        -0.741518
Mo        11.42116        2.69990        3.86237        1        0.206661        -0.078615        -0.306628
Mo        8.54385        4.24437        3.65945        1        -0.718905        0.580932        0.408291
Mo        11.41952        6.40583        3.73295        1        -0.627860        0.232493        0.518206
Mo        8.26133        8.59988        3.77829        1        -0.272102        0.514578        -0.655391
Mo        10.93424        10.83063        3.84973        1        0.142082        -0.678807        -0.551984
Mo        12.94541        13.10521        3.87453        1        0.074646        0.796845        0.270070
Mo        0.04458        3.67430        3.72603        1        0.202520        -0.203004        0.242982
Mo        14.63743        4.51617        3.59069        1        0.289918        0.951621        1.174276
Mo        17.62002        6.68771        3.92815        1        -0.159212        0.331606        0.909080
Mo        14.68821        8.69105        4.04899        1        -0.390446        -0.158188        -0.780040
Mo        17.62181        10.07185        4.14615        1        -0.520691        0.154210        0.350954
Te        1.77113        1.82835        5.90908        2        -0.458763        -0.177574        0.800703
Te        4.37901        4.09591        5.75300        2        0.852493        -0.302155        0.773533
Te        1.44295        1.69058        2.02739        2        0.409971        0.321390        0.270421
Te        4.53520        0.14456        2.33402        2        0.035804        -0.540324        0.212575
Te        1.45722        7.15108        5.63813        2        -0.251667        -0.175347        -0.084296
Te        4.41509        9.72082        6.16492        2        0.303095        0.268677        0.224515
Te        1.61831        5.62347        2.67908        2        0.127751        0.872008        -0.142943
Te        4.32217        3.98674        1.89744        2        0.540185        -1.316804        -0.363295
Te        1.19763        11.28187        6.03667        2        -0.336278        -0.303484        -1.251926
Te        4.60234        0.36866        5.58400        2        0.421718        -0.904630        -0.042611
Te        1.20779        10.90064        2.44879        2        0.784430        -0.294762        0.980710
Te        4.76452        8.73045        3.01303        2        -0.211426        0.022924        -0.067038
Te        7.78216        2.40271        5.59145        2        -0.635815        -0.432342        -0.530598
Te        10.34140        4.74937        5.66552        2        0.532644        -0.731825        -0.750531
Te        7.60429        2.21316        2.03226        2        0.304554        -0.401774        0.332387
Te        10.90553        0.44423        2.12408        2        -0.571907        -0.087083        0.885168
Te        7.13861        6.21464        5.16917        2        0.029665        0.559927        0.222813
Te        10.38848        8.51793        5.36100        2        0.057323        -0.222451        0.487193
Te        7.10640        6.23194        2.13634        2        0.289607        -0.022424        0.068278
Te        10.51869        4.44730        1.86257        2        0.183545        0.245150        0.558642
Te        7.98486        11.02860        5.47661        2        0.178130        0.072398        0.314690
Te        10.76642        0.61574        5.58775        2        0.596262        -0.420862        -0.297240
Te        7.65686        11.34974        2.30091        2        0.474966        -0.573413        -0.434064
Te        10.48256        8.55983        2.11748        2        -0.737079        0.291622        0.227020
Te        13.65334        2.59254        5.49881        2        -0.172965        -0.424070        -0.671455
Te        16.74661        4.54661        5.55327        2        -0.442122        0.683249        -0.424326
Te        13.55069        2.50637        2.09258        2        0.244716        -0.311252        0.381493
Te        15.64133        11.83020        3.91424        2        0.402554        -0.265912        0.456703
Te        13.58033        6.39604        5.55918        2        -0.070070        0.293135        -1.014029
Te        16.52783        8.33716        5.96898        2        0.414565        0.076128        -0.104539
Te        13.50778        6.80961        2.16105        2        1.117120        -0.422157        -0.030928
Te        16.85518        4.96811        1.97866        2        -0.908523        -0.364506        -0.680707
Te        13.10457        10.68560        5.49127        2        -0.333439        0.301566        0.538840
Te        17.86382        1.18271        4.23075        2        -0.370267        -1.279292        0.275720
Te        13.28287        10.78611        2.20449        2        -0.726483        -0.080669        0.012118
Te        16.66897        8.59995        2.10216        2        0.195938        -0.320272        0.437487
