54
Lattice="19.166863819 0.000008540 -0.000615361 -0.000005198 11.065518238 0.000045896 0.042448411 0.000094922 30.000000000" Properties=species:S:1:pos:R:3:tags:I:1:forces:R:3 energy=-316.42180980 stress= -6.78285 -7.73410 5.65622 0.17857 2.29975 0.20755 pbc="T T T"
Mo        2.59371        10.97219        3.73664        1        -0.988876        0.627756        -0.457106
Mo        5.51100        2.00255        3.95984        1        1.802411        0.095947        0.580484
Mo        2.48207        3.77196        3.94947        1        -1.428438        -0.647672        1.337311
Mo        5.53223        5.58336        4.09008        1        -0.577865        -0.067311        -0.897144
Mo        2.39484        7.56202        4.08278        1        0.710786        0.970512        0.429806
Mo        5.76281        9.15744        3.88488        1        -1.281916        0.789894        -0.706501
Mo        8.72069        0.04159        4.09188        1        -0.876120        -0.023347        -0.908751
Mo        12.13694        1.96590        4.03216        1        -0.620948        -0.503339        -1.004014
Mo        9.03893        3.75024        4.09868        1        -0.782457        -1.123568        0.206585
Mo        12.01117        5.39683        3.97006        1        -1.553780        0.057387        1.871630
Mo        8.86885        7.51822        4.30122        1        -0.683936        -0.956122        -1.898319
Mo        12.06603        9.11965        3.67988        1        -0.020607        -0.329791        1.990161
Mo        15.08808        10.88627        3.58811        1        0.836804        0.826405        1.461601
Mo        18.51109        1.71478        3.61977        1        -1.028543        0.294443        0.262828
Mo        15.14275        3.68135        4.02059        1        0.465819        -0.566309        0.443354
Mo        18.40441        5.54264        4.02204        1        -0.414951        -0.098276        -2.176175
Mo        15.21892        7.23327        3.82630        1        0.493373        1.489417        0.283197
Mo        18.38956        9.23198        3.75743        1        -0.593064        -0.002992        -0.666726
Te        1.33244        1.73902        5.45456        2        0.461570        -0.016330        0.281786
Te        4.34291        3.69156        5.80242        2        0.904193        0.397783        0.465586
Te        1.67159        1.90155        2.06723        2        -0.858793        -0.240292        -0.195461
Te        4.90193        0.10777        2.11919        2        -0.698931        -0.616077        -0.272856
Te        1.18010        5.63709        5.80272        2        1.335481        -0.068725        0.524061
Te        4.56770        7.61000        5.77972        2        -0.275920        -0.981302        0.111273
Te        1.50436        5.74632        2.55305        2        -1.137339        -1.034986        -2.931272
Te        4.42037        3.68702        2.23846        2        1.397302        1.329167        -1.089768
Te        1.20995        9.47740        5.56408        2        0.297856        -0.345730        0.687850
Te        4.61363        11.04741        5.43598        2        -0.156438        -0.068732        1.679358
Te        1.38513        9.13605        1.99931        2        0.114296        0.406941        0.531705
Te        4.43056        7.53851        2.18035        2        0.499684        -1.049535        0.502656
Te        7.59487        1.95800        5.95894        2        0.494765        -0.259121        -1.357856
Te        11.04493        3.50391        5.97413        2        0.180996        0.904264        -0.607621
Te        7.84731        2.02107        2.34084        2        -0.406903        -0.217509        0.219172
Te        10.90242        0.12325        2.28716        2        -0.071233        -0.201118        -0.368224
Te        7.71807        5.41222        5.74588        2        -0.002492        1.008867        1.120452
Te        11.02725        7.28096        5.76493        2        0.850057        0.644394        0.187500
Te        7.90635        5.73509        2.51106        2        -1.084240        -0.843119        -0.376192
Te        10.97852        3.62362        2.20306        2        0.096000        0.168195        -0.252339
Te        7.56440        9.20418        5.77530        2        0.946736        1.093911        1.722288
Te        10.98922        11.05535        5.47904        2        0.508935        -0.639086        1.171542
Te        7.77204        9.14377        2.18831        2        1.119059        0.469173        0.435129
Te        10.69586        7.17190        2.31802        2        1.196145        0.688462        -0.657417
Te        14.23499        1.70506        5.66551        2        0.198407        -0.134935        0.123340
Te        17.47903        3.58525        5.48541        2        -0.476969        -0.954421        0.994078
Te        14.22511        1.87311        2.15325        2        -0.921200        0.376710        -0.579531
Te        17.27670        11.04770        1.81271        2        0.309246        -0.453350        0.704173
Te        14.13649        5.66705        5.67745        2        0.008138        -1.039084        0.868910
Te        17.29025        7.37886        5.54546        2        0.219988        0.662683        0.849782
Te        14.01942        5.41673        2.36713        2        0.565000        -0.211010        -2.678909
Te        17.10073        3.60586        2.14437        2        1.252700        0.600806        -0.148859
Te        14.21666        9.17326        5.54958        2        -0.723255        -0.242177        -0.563918
Te        17.09032        11.03129        5.40188        2        1.234546        0.086691        -0.273589
Te        14.19455        8.95960        1.99890        2        -0.616697        -0.038020        -1.005949
Te        17.42145        7.24176        2.07643        2        -0.205299        -0.024347        0.028619
