54
Lattice="19.174335959 0.000456436 -0.025753600 -0.000245188 11.746062056 0.000007040 0.013560858 0.000001769 30.000000000" Properties=species:S:1:pos:R:3:tags:I:1:forces:R:3 energy=-313.61674719 stress= -5.61842 -13.85437 -0.33995 -1.07119 -0.33773 -0.27062 pbc="T T T"
Mo        2.11011        11.70089        3.85596        1        0.349158        -0.541842        -0.184344
Mo        4.46742        1.73565        4.02417        1        -0.454001        -0.371882        0.470073
Mo        2.14122        3.55276        3.69677        1        1.257433        -0.228430        -0.608883
Mo        4.89625        5.25718        3.70481        1        -0.530722        -0.771818        0.560850
Mo        1.92685        8.19073        3.65626        1        0.109222        0.473369        -0.313891
Mo        4.42484        9.94161        3.86477        1        -0.233225        0.005181        1.638476
Mo        8.57786        0.14308        3.60433        1        1.884779        -0.201081        1.168282
Mo        10.96787        2.28653        4.16930        1        -1.212303        -0.035061        -0.502436
Mo        8.40931        3.91907        3.94755        1        0.512570        -0.291197        0.185176
Mo        10.75106        6.04608        4.09443        1        -0.189088        0.086961        -0.058370
Mo        8.49500        7.94805        3.67814        1        0.726772        0.861038        1.642007
Mo        11.03879        9.56783        3.80894        1        -1.241037        -0.130009        0.409306
Mo        14.92683        0.24307        3.90866        1        -0.797513        0.231571        0.623396
Mo        17.13400        2.04592        4.24122        1        0.757613        0.239964        -0.577669
Mo        14.89714        3.92611        4.07654        1        0.687739        0.078797        -1.666928
Mo        17.28648        5.65271        3.98790        1        -0.384451        0.156566        -0.619108
Mo        15.00578        7.61760        3.59958        1        1.413953        -0.309005        0.348566
Mo        17.04980        10.11754        4.28341        1        0.715246        -1.306349        -1.415534
Te        0.60074        2.08264        5.24818        2        -0.166877        -0.709847        1.327147
Te        3.89911        3.82627        5.72148        2        0.174952        -0.481178        0.419272
Te        6.15128        11.48753        2.55784        2        -0.797668        0.848344        -0.675342
Te        2.71660        1.61746        1.91634        2        0.522421        0.696686        -0.753484
Te        0.83329        5.76168        4.66983        2        -0.609785        0.666520        0.553654
Te        3.75883        7.79379        5.43283        2        0.184004        0.158759        0.259083
Te        6.10400        3.34713        2.46808        2        -0.241575        0.047580        -1.064777
Te        2.71429        5.76392        2.13676        2        0.405965        0.105782        -0.111373
Te        0.52333        9.82093        5.31242        2        -0.043247        0.177372        0.207699
Te        3.66104        11.70524        6.04269        2        0.678247        -0.155036        -1.045327
Te        5.83332        7.58376        2.87546        2        0.364936        1.236581        -0.701348
Te        2.83104        9.82222        1.67579        2        -0.552565        0.247065        0.981487
Te        7.08153        1.87918        5.29763        2        -0.221152        -0.265901        0.164439
Te        10.23651        4.00164        6.02174        2        -0.245895        0.698036        0.210086
Te        12.20704        0.08701        2.81049        2        1.077323        0.724156        -0.095879
Te        9.36663        2.24462        1.93635        2        0.072698        -0.244542        0.389458
Te        7.13222        5.90881        5.45231        2        -0.243454        -0.024685        -0.481777
Te        10.18197        8.07558        5.88092        2        -0.145343        -0.478182        -0.574314
Te        12.43816        4.18077        2.90049        2        -0.200840        -0.725159        -0.778156
Te        8.81473        5.94157        2.06708        2        0.907186        -0.799978        -0.350868
Te        7.07229        9.83715        5.21483        2        -0.080678        0.230426        -0.385769
Te        10.46540        11.73078        5.64193        2        -0.562600        -0.037575        -0.398207
Te        12.46977        7.65727        2.38325        2        -0.301371        0.209672        0.254475
Te        9.28569        9.88936        1.79843        2        -0.266478        -0.386119        0.039431
Te        13.52313        2.16648        5.67281        2        -0.618819        -0.387733        -0.466302
Te        16.64535        4.05364        6.05379        2        0.513091        -0.245931        0.585133
Te        18.79157        0.15989        2.76679        2        -1.360798        -0.558897        -0.368478
Te        15.48926        2.03217        2.11864        2        -0.000984        0.459390        -0.655457
Te        13.59892        6.03023        5.30735        2        -1.031828        0.223871        0.530349
Te        16.64513        7.75461        5.85969        2        -0.050132        0.130214        -1.075726
Te        18.69475        3.73984        2.46491        2        -0.159908        0.010007        0.073309
Te        15.61506        5.55043        1.77287        2        0.012030        0.575056        1.357297
Te        13.53468        9.78600        4.94476        2        0.327382        -0.670030        0.007859
Te        16.47062        0.11444        6.10278        2        0.096869        0.779254        1.041641
Te        18.47653        8.03784        2.55082        2        -0.301210        -0.138216        0.625736
Te        15.58390        9.93048        2.09795        2        -0.509678        0.153621        -0.158612
