54
Lattice="18.429676749 0.000008540 -0.000615361 -0.000005198 13.619099370 0.000045896 0.042448411 0.000094922 30.000000000" Properties=species:S:1:pos:R:3:tags:I:1:forces:R:3 energy=-299.85653410 stress= -17.84715 -32.45821 2.24519 0.39466 -0.77279 -0.01935 pbc="T T T"
Mo        2.13400        13.55646        3.89791        1        0.067387        -0.320901        -0.207266
Mo        5.47317        2.26157        3.81673        1        -1.065771        0.140462        0.106403
Mo        2.25508        4.39929        4.01962        1        0.448110        0.217326        -0.545961
Mo        5.24082        6.83950        3.90561        1        0.424673        0.222401        -0.077132
Mo        2.46210        8.94087        3.86139        1        -1.198888        0.587347        0.797388
Mo        5.47457        11.41338        3.82940        1        -0.743643        0.235613        0.168151
Mo        8.41014        0.06753        3.89411        1        0.456992        0.177632        0.043066
Mo        11.44522        2.30607        3.97647        1        0.023632        0.115278        -0.117927
Mo        8.14993        4.63494        3.57579        1        0.503462        0.072978        0.067732
Mo        11.51017        6.83205        3.70991        1        0.084601        0.055218        0.350633
Mo        8.27995        9.20124        3.90088        1        -0.084999        0.092100        0.037100
Mo        11.43066        11.41448        4.17420        1        0.303470        -0.248537        -0.549577
Mo        14.37952        13.52064        4.16747        1        0.207292        0.278234        -0.317300
Mo        17.41887        2.26022        3.83292        1        0.166963        -0.179652        0.929785
Mo        14.43010        4.58199        3.86435        1        0.358121        -0.177884        0.751849
Mo        17.75389        6.69007        4.07412        1        -0.534270        0.684765        0.254504
Mo        14.58832        9.05139        4.24290        1        -0.226804        -0.067070        -0.866563
Mo        17.79421        11.20807        3.95550        1        -0.672146        0.105157        0.149593
Te        1.35180        2.07282        5.45040        2        -0.734712        0.463788        0.446800
Te        4.59025        4.46227        5.51991        2        -0.286367        0.020280        0.031349
Te        1.03433        2.25820        2.20667        2        0.825984        -0.008310        -0.354951
Te        4.33772        0.06091        2.32996        2        0.323661        -0.131753        -1.072226
Te        1.57110        6.70411        5.62446        2        -0.011488        -0.038083        0.092919
Te        4.72883        9.22510        5.47568        2        -0.554628        -0.414961        0.212011
Te        1.38808        6.68165        2.37111        2        0.431292        -0.142482        -0.371152
Te        4.42606        4.40075        2.26428        2        -0.179467        0.233570        -0.003423
Te        1.56870        11.20070        5.51159        2        -0.121980        0.117453        0.105870
Te        4.39315        0.06884        5.40230        2        0.355853        -0.203811        0.787851
Te        1.41976        11.13736        2.16324        2        -0.130888        0.106665        0.239189
Te        4.39263        9.15458        2.18966        2        0.975357        -0.158480        -0.687012
Te        7.51421        2.36462        5.48371        2        0.317730        -0.164241        0.342160
Te        10.30305        4.66802        5.20616        2        0.453233        0.011838        1.161457
Te        7.59623        2.23200        2.21267        2        0.042903        0.017530        -0.840139
Te        10.78972        0.02049        2.41311        2        -0.546080        -0.202644        -0.333971
Te        7.47834        6.92962        5.51567        2        -0.378045        -0.246119        -0.199471
Te        10.43644        8.96178        5.51502        2        0.361356        0.141394        0.440024
Te        7.30514        7.12967        2.22256        2        0.190026        -0.684479        -0.352783
Te        10.61020        4.55566        2.14909        2        -0.333604        0.147875        -0.332123
Te        7.56888        11.56965        5.52516        2        -0.046934        -0.290901        0.253813
Te        10.57562        0.21493        5.60898        2        -0.272906        -0.481420        0.403554
Te        7.51654        11.43356        2.16850        2        0.467133        0.142477        -0.298447
Te        10.55781        9.13543        2.34103        2        0.036546        0.247022        -0.281370
Te        13.54771        2.31184        5.68889        2        0.095753        0.247199        0.177346
Te        16.72587        4.56562        5.59231        2        -0.367997        -0.262902        -0.063745
Te        13.62972        2.18336        2.44137        2        0.227198        0.144249        -0.544579
Te        16.55592        13.56091        2.38390        2        -0.011116        -0.217767        0.082820
Te        13.53647        6.58756        5.64016        2        -0.221397        0.612033        -0.396544
Te        16.77688        9.09004        5.75072        2        0.487770        -0.170674        -0.117635
Te        13.79697        7.03548        2.25406        2        -0.277077        -0.358311        0.393381
Te        16.62655        4.62092        2.37305        2        0.349994        -0.100747        -0.654150
Te        13.49654        11.23668        5.92419        2        0.086863        0.110568        -0.433167
Te        16.62762        13.43274        5.61874        2        0.447869        0.135510        0.188194
Te        13.68089        11.38491        2.50399        2        -0.424212        -0.503135        0.416425
Te        16.79349        9.02462        2.38942        2        -0.236882        -0.085459        0.576658
