54
Lattice="18.429676749 0.000008540 -0.000615361 -0.000005198 11.703913521 0.000045896 0.042448411 0.000094922 30.000000000" Properties=species:S:1:pos:R:3:tags:I:1:forces:R:3 energy=-318.09768360 stress= -7.18440 -18.89027 -2.68137 -0.90019 0.52863 -0.10618 pbc="T T T"
Mo        2.35156        0.04333        4.14180        1        0.022380        -0.557687        -0.124171
Mo        5.44308        1.93008        3.81086        1        -0.840898        0.264937        -0.498237
Mo        2.31651        3.94008        3.99477        1        0.121206        -0.357099        -0.767405
Mo        5.27343        5.91938        3.86947        1        0.998110        -0.968932        0.259267
Mo        2.49034        7.88560        3.86557        1        -0.441136        -0.280443        0.485674
Mo        5.43331        9.70585        3.89482        1        -0.091343        0.300722        -0.257895
Mo        8.34678        0.05181        3.64278        1        0.527671        0.353469        0.725171
Mo        11.56648        1.90814        3.85170        1        -0.604110        0.403746        -0.325841
Mo        8.44701        3.90005        3.88410        1        -0.117670        -0.780090        0.281425
Mo        11.44757        5.78918        3.87376        1        -0.664150        0.126413        0.318133
Mo        8.29141        7.78958        3.82277        1        0.847029        0.475093        0.304813
Mo        11.47171        9.70960        3.83162        1        -0.074000        0.152400        0.264975
Mo        14.56610        11.62081        4.02400        1        0.134155        0.214409        0.298341
Mo        17.69752        1.98178        4.02028        1        0.003104        -0.032958        0.210297
Mo        14.63549        3.87019        4.05204        1        -0.610640        0.504261        0.697303
Mo        17.75605        6.00854        4.06919        1        -0.581890        -1.096978        -0.665922
Mo        14.56736        7.67816        3.97587        1        -0.189582        0.676833        -0.189155
Mo        17.73700        9.79837        4.03307        1        -0.915691        -0.428784        -0.052756
Te        1.41255        2.10596        5.87098        2        -0.344425        -0.530059        -0.620885
Te        4.46513        3.87801        5.61887        2        0.069768        0.029782        -0.100408
Te        1.36087        1.85056        2.34911        2        -0.054145        0.529263        -0.282056
Te        4.32161        11.60835        2.18006        2        0.139008        0.354245        0.591629
Te        1.48805        5.97034        5.60601        2        0.061463        0.121388        0.939759
Te        4.46705        7.79610        5.66635        2        0.166126        0.460766        0.183405
Te        1.40337        5.95303        2.22224        2        -0.271249        -0.222843        0.116856
Te        4.32481        3.93699        2.11514        2        -0.077903        -0.207697        0.400149
Te        1.36766        9.59970        5.82612        2        0.254433        0.724482        -0.536171
Te        4.56446        0.04487        5.72471        2        -0.345421        -0.334613        -0.517511
Te        1.39972        9.81319        2.32137        2        -0.187705        0.409717        -0.294918
Te        4.52757        7.76688        2.04662        2        -0.440605        0.621407        0.107475
Te        7.38906        1.82967        5.57305        2        0.942165        0.675869        -0.150148
Te        10.53512        3.80698        5.66693        2        -0.195625        0.130647        -0.506045
Te        7.42430        2.09277        1.88511        2        -0.023113        -0.236385        1.055842
Te        10.43741        0.02232        1.94067        2        0.930681        -0.112934        0.635303
Te        7.38716        5.95875        5.65077        2        0.045164        -0.687201        -0.422192
Te        10.36530        7.85851        5.63325        2        0.293332        -0.337089        -0.640083
Te        7.42157        5.70171        2.16978        2        -0.244956        0.757072        -0.309504
Te        10.56917        3.86694        2.08656        2        -0.141993        -0.140357        0.439037
Te        7.56313        9.91270        5.55501        2        -0.394778        -0.557329        -0.201530
Te        10.45242        0.01728        5.48303        2        -0.010052        -0.192448        -0.269266
Te        7.46069        9.76809        2.01360        2        -0.487671        -0.333816        0.081619
Te        10.43248        7.71850        2.14402        2        0.251315        0.170680        -0.098118
Te        13.53821        1.91748        5.71083        2        0.247926        -0.188675        0.207483
Te        16.76923        3.83006        5.79359        2        -0.178584        0.901798        -0.005037
Te        13.81152        1.97324        2.31574        2        -0.547474        -0.471071        -0.651574
Te        16.63062        0.04085        2.27254        2        0.592449        -0.272665        0.193484
Te        13.40210        5.85689        5.66944        2        0.812017        -0.340263        0.574162
Te        16.60267        7.83962        5.73176        2        0.442180        0.152964        0.323503
Te        13.58452        5.70162        2.23991        2        0.296444        0.327434        -0.184297
Te        16.65804        4.05881        2.35032        2        1.009197        -0.366832        -0.227816
Te        13.51438        9.65659        5.79923        2        -0.136617        -0.015456        -1.031195
Te        16.66837        0.08230        5.77471        2        0.201198        -0.483591        -0.232215
Te        13.68639        9.65839        2.23902        2        -0.264905        0.056679        0.001943
Te        16.71207        7.73406        2.21639        2        0.032251        0.641529        0.449042
