54
Lattice="18.798270284 0.000008540 -0.000615361 -0.000005198 10.852719811 0.000045896 0.042448411 0.000094922 30.000000000" Properties=species:S:1:pos:R:3:tags:I:1:forces:R:3 energy=-315.86957341 stress= -3.00385 -2.81749 4.02111 2.14439 1.95419 0.02006 pbc="T T T"
Mo        2.26895        0.30654        4.09079        1        1.280959        -0.835164        1.221922
Mo        5.73735        1.64517        3.78059        1        -2.104944        0.278479        0.574494
Mo        2.19828        3.78363        4.05684        1        0.595142        -0.787833        -0.832368
Mo        5.54679        5.78298        3.91205        1        0.007498        -1.492551        -0.217332
Mo        2.41555        7.25565        4.25744        1        -0.216146        -0.032109        -1.372725
Mo        5.29468        8.92787        3.94730        1        1.065185        2.491957        0.891765
Mo        8.65571        10.76271        3.92000        1        -0.088509        0.676354        0.724811
Mo        11.72527        1.70571        3.96525        1        0.714893        0.879515        -1.450134
Mo        8.50443        3.55949        3.66929        1        1.566046        1.547983        0.440042
Mo        12.05413        5.58531        3.71120        1        -1.181034        -0.213844        -0.034102
Mo        8.73140        7.04938        3.70321        1        -0.306146        -1.428004        0.591256
Mo        11.98139        8.93278        3.94123        1        -2.967023        -0.184527        -0.654005
Mo        14.88967        0.14684        4.08990        1        0.659215        -0.771338        -1.078440
Mo        18.05363        1.73394        3.88779        1        0.006771        -0.234481        1.670348
Mo        14.86945        3.55626        3.76265        1        -0.213732        1.053836        2.632056
Mo        18.17987        5.50675        4.02864        1        0.151171        -0.155349        -0.329702
Mo        15.07513        7.15810        3.89677        1        -4.416914        -0.820328        -1.657538
Mo        17.92678        8.92736        4.04286        1        1.167695        -0.097634        0.366688
Te        1.25573        2.06850        6.01181        2        -0.091634        -0.723532        -1.280490
Te        4.59956        3.67006        5.52131        2        -0.210923        -0.157078        -0.135187
Te        1.21552        1.89391        2.25283        2        1.153130        0.643822        -1.213100
Te        4.18145        10.66139        2.07120        2        0.877646        1.443707        0.863206
Te        1.45185        5.42473        5.98512        2        -0.975572        0.642851        0.136637
Te        4.41548        7.46629        5.95205        2        0.607531        -1.177901        0.418835
Te        1.40004        5.69221        2.17568        2        0.006565        -0.661439        0.792449
Te        4.43049        3.74704        2.29972        2        -0.050382        -0.222408        0.105564
Te        1.19920        9.15492        5.94458        2        0.462950        0.028470        -0.655755
Te        4.59559        0.05954        5.72808        2        -0.473643        0.360467        -0.377218
Te        1.36145        9.15365        2.55491        2        -0.333837        -0.465253        -0.708238
Te        4.31995        7.40277        2.20607        2        -0.825541        -1.419843        -1.457977
Te        7.80523        1.82526        5.49435        2        -0.867990        -0.261276        1.890183
Te        10.87223        3.80223        5.35688        2        -1.252801        -0.582445        0.384206
Te        7.68891        1.69650        2.04560        2        -0.000142        -0.900176        -1.671777
Te        10.67090        10.76212        2.30006        2        1.402798        -0.320609        -1.614748
Te        7.50309        5.24954        5.61135        2        1.129836        0.725426        -0.195279
Te        10.62608        6.97805        5.64424        2        0.891147        1.171159        -0.459145
Te        7.56173        5.18834        1.77208        2        -0.426981        1.584886        0.964952
Te        10.72072        3.85252        1.90083        2        0.351037        -1.009560        1.119315
Te        7.58290        8.78534        5.49853        2        0.101511        0.243011        0.712879
Te        10.66677        10.72175        5.70857        2        0.688685        -0.230003        0.287205
Te        7.55811        9.02892        2.33653        2        -0.946017        -0.796640        -2.067689
Te        10.81444        7.31423        1.95323        2        0.503655        0.037922        0.147363
Te        13.65283        1.87154        5.82699        2        0.859607        -0.061038        -0.434954
Te        17.01168        3.52246        5.57646        2        -0.602632        0.410849        0.364105
Te        13.87157        1.91555        2.05861        2        -0.713907        -1.855112        0.159741
Te        17.10354        10.66241        2.20755        2        -1.022546        1.112557        -0.222216
Te        13.82122        5.34162        5.81451        2        0.680699        0.148254        -1.511726
Te        16.76370        7.06877        5.61305        2        2.861197        0.351565        4.164377
Te        14.02839        5.24642        1.87777        2        0.126293        1.361929        0.431814
Te        17.09633        3.75420        2.21114        2        0.206314        -0.759534        -0.233113
Te        13.80716        8.97855        5.73464        2        1.555392        0.162624        0.592881
Te        17.11947        10.68025        5.71398        2        -1.482833        1.821133        1.282572
Te        14.09093        9.10693        2.26086        2        -0.415172        0.178842        -0.288566
Te        17.07597        7.24805        2.23792        2        0.454410        -0.723141        -1.786582
