54
Lattice="19.557416337 0.000456147 -0.025753600 -0.000245476 10.515591813 0.000007040 0.013560576 0.000001770 30.000000000" Properties=species:S:1:pos:R:3:tags:I:1:forces:R:3 energy=-320.94064995 stress= -8.20891 -5.35348 -1.20967 1.61745 -1.12057 -0.52485 pbc="T T T"
Mo        2.19818        0.00175        3.58503        1        0.246541        -0.036889        0.264155
Mo        4.55118        1.76839        4.00152        1        0.224410        0.140814        -0.707037
Mo        2.23117        3.52627        3.81343        1        -0.229889        -0.482367        0.480387
Mo        4.54522        5.20437        4.00517        1        0.379888        -0.528166        -0.339208
Mo        2.18423        7.03595        3.73097        1        -0.277296        -0.381096        0.319998
Mo        4.53255        8.73079        3.89796        1        -0.141826        0.403728        0.176486
Mo        8.66382        10.47796        3.86742        1        -0.070774        0.576208        -0.145540
Mo        11.05208        1.83977        4.08816        1        0.361003        -0.750061        -0.213154
Mo        8.82983        3.61007        3.91170        1        -0.643546        -0.826718        -0.155478
Mo        11.15759        5.23212        4.18226        1        -0.577077        0.558962        -0.198083
Mo        8.64980        7.04897        3.94165        1        0.469872        -0.198998        -0.742629
Mo        11.06243        8.88302        3.94299        1        0.249105        -0.576822        0.395167
Mo        15.23587        0.08680        3.82343        1        -0.151015        -0.453675        -1.027341
Mo        17.63640        1.65621        3.90232        1        0.188592        0.328790        0.317327
Mo        15.25758        3.55760        3.90819        1        -0.019986        -0.344840        -0.149273
Mo        17.57673        5.21534        4.08717        1        0.510048        0.040798        -0.317186
Mo        15.22741        6.97617        3.89180        1        -0.181708        -0.016750        -0.239468
Mo        17.57057        8.77015        3.94030        1        -0.189682        -0.464512        0.009229
Te        0.63079        1.60253        5.26109        2        -0.186802        0.230505        -0.159902
Te        3.87767        3.38131        6.01170        2        0.003993        0.880817        -0.406541
Te        6.11763        0.02932        2.53374        2        0.562858        0.148408        -0.671329
Te        3.00197        1.90239        1.72283        2        -0.222431        -0.744294        0.734519
Te        0.63998        5.21173        5.39847        2        -0.168256        0.165876        -0.162998
Te        3.96044        6.98871        5.79444        2        -0.501232        0.265579        1.299068
Te        6.29958        3.63580        2.51590        2        -0.159899        -0.493776        0.054668
Te        2.83105        5.19985        1.86756        2        0.297582        0.487845        -0.423708
Te        0.57876        8.70278        5.26827        2        -0.033201        0.424723        -0.211022
Te        3.77427        0.00541        5.82442        2        -0.115607        -0.554900        -0.025647
Te        6.19003        7.08520        2.46903        2        0.156145        -0.630650        -0.014021
Te        2.88858        8.63911        1.70861        2        -0.041085        0.556786        0.036473
Te        7.06609        1.61709        5.40312        2        -0.060990        0.878690        -0.002878
Te        10.48925        3.43051        6.08489        2        -0.264370        0.721519        0.510593
Te        12.59364        0.20068        2.41656        2        0.454992        -0.601506        0.169743
Te        9.38534        1.75141        1.94223        2        -0.075057        0.355725        0.266131
Te        7.11711        5.19165        5.41277        2        -0.201439        0.333834        0.238917
Te        10.39715        7.15128        6.01011        2        0.189676        -0.445724        -0.289634
Te        12.81650        3.60895        2.57756        2        -0.654358        -0.193071        0.140907
Te        9.50460        5.28712        1.95185        2        -0.083994        0.340487        0.593989
Te        7.03127        8.80987        5.41925        2        -0.249625        -0.406355        0.000415
Te        10.29869        10.45352        5.98465        2        0.493360        0.646905        -0.078853
Te        12.60729        6.94387        2.48455        2        0.457329        0.337078        0.302513
Te        9.22019        8.80527        1.92763        2        0.372792        -0.567165        -0.356922
Te        13.63301        1.77575        5.37458        2        -0.037531        -0.093438        0.244768
Te        16.97332        3.32331        5.94694        2        0.288940        0.478989        0.240619
Te        19.16247        10.48310        2.23575        2        0.001946        0.014780        0.378729
Te        15.90650        1.82446        1.83793        2        -0.206065        -0.231719        0.308202
Te        13.75502        5.33215        5.65141        2        -0.333246        -0.351420        -0.720561
Te        16.92843        6.99370        6.00236        2        0.226800        0.230413        -0.292839
Te        19.26807        3.54333        2.51647        2        -0.284187        -0.071518        -0.249253
Te        15.89925        5.22929        1.93221        2        0.123827        0.246019        0.033816
Te        13.63060        8.80751        5.27672        2        -0.427149        0.151829        0.198860
Te        17.00617        10.49529        5.91602        2        -0.135868        -0.084418        -0.070258
Te        19.12042        7.04788        2.41754        2        0.261385        -0.467270        0.043202
Te        15.69925        8.62113        1.83704        2        0.407344        1.044388        0.595685
