54
Lattice="19.166863819 0.000008540 -0.000615361 -0.000005198 11.065518238 0.000045896 0.042448411 0.000094922 30.000000000" Properties=species:S:1:pos:R:3:tags:I:1:forces:R:3 energy=-319.91754264 stress= -11.79048 -11.01114 -2.03976 1.14165 -0.04754 -0.28659 pbc="T T T"
Mo        2.44219        11.05219        4.06367        1        -0.230619        0.103493        -0.814206
Mo        5.63249        1.88450        4.11142        1        0.678788        -0.533802        -1.560903
Mo        2.55063        3.67228        4.09238        1        -0.514099        -0.076291        -0.598041
Mo        5.59245        5.59957        3.86356        1        0.929514        -0.364819        0.454812
Mo        2.43107        7.39232        3.78001        1        0.660832        -0.632579        0.206264
Mo        5.69049        9.19015        3.80169        1        -1.012768        0.466236        0.293867
Mo        8.70530        0.06129        3.80997        1        1.217133        0.349147        0.611529
Mo        12.04307        1.86364        4.04615        1        0.402076        -0.123865        -0.526704
Mo        8.80390        3.68351        3.89031        1        0.571503        0.391603        0.924053
Mo        11.88296        5.62124        4.09973        1        0.027843        -0.232435        -0.949725
Mo        8.75937        7.44097        3.82854        1        0.280133        -0.213397        0.083707
Mo        11.96544        9.16425        3.91952        1        0.246926        0.337147        -0.188155
Mo        15.15912        11.02445        3.85674        1        0.132588        0.401943        -0.673053
Mo        18.52886        1.81688        3.95711        1        -0.623441        -0.283119        1.223140
Mo        15.20250        3.75903        3.97034        1        -0.288438        -1.064789        0.319397
Mo        18.26159        5.56031        4.04883        1        1.268644        -0.908464        -0.288532
Mo        15.16957        7.43354        3.92383        1        -0.433452        -0.698482        -0.725203
Mo        18.43728        8.99759        3.72093        1        -0.308581        0.997789        0.432449
Te        1.47325        1.88214        5.92552        2        -0.239387        -0.344708        -0.836624
Te        4.73873        3.73625        5.73552        2        -0.643745        0.717010        0.805490
Te        1.37711        1.88005        2.31212        2        1.212079        -0.106495        -0.439454
Te        4.59624        0.14524        2.18519        2        -0.289849        -0.430632        0.797033
Te        1.37817        5.64218        5.67538        2        -0.063552        -0.329612        -0.026276
Te        4.53381        7.37386        5.58788        2        0.016507        0.436470        -0.036448
Te        1.33996        5.38342        2.23735        2        -0.154726        0.286317        0.338200
Te        4.66685        3.68697        2.25333        2        -0.810622        -0.335794        -0.165318
Te        1.27841        9.00623        5.55540        2        0.148457        0.946538        0.544900
Te        4.56079        10.98688        5.77614        2        0.356809        -0.192449        -0.516255
Te        1.53273        9.25869        2.05600        2        -0.590845        0.190985        0.203359
Te        4.54694        7.34136        2.01056        2        0.156661        0.277421        0.253854
Te        7.79426        1.84402        5.75774        2        0.108619        0.042483        -0.308163
Te        10.90413        3.71718        5.77583        2        -0.125385        -0.286450        -0.068597
Te        7.72923        1.99730        2.17467        2        -0.638822        -0.707236        -0.311300
Te        10.97122        0.04185        2.19515        2        -0.065389        0.065400        0.263730
Te        7.80537        5.55431        5.66452        2        -0.501803        0.286588        -0.625448
Te        10.77374        7.48327        5.77041        2        0.129248        -0.093208        -0.345629
Te        7.71698        5.49518        2.07234        2        0.178076        0.371897        0.488139
Te        11.05556        3.66096        2.26060        2        -0.564597        0.410017        0.143457
Te        7.77928        9.30266        5.51249        2        -0.481000        -0.338110        0.885963
Te        10.93294        11.01789        5.68349        2        -0.412694        0.238860        -0.345487
Te        7.74416        9.32656        2.01428        2        -0.022680        -0.408336        -0.102458
Te        10.87824        7.40984        2.15269        2        0.195535        -0.411362        0.051853
Te        14.25825        1.81098        5.72768        2        -0.273962        0.080374        -0.379200
Te        17.40378        3.53634        5.73396        2        -0.442408        0.656935        0.329182
Te        14.13301        1.92315        2.09504        2        0.064628        -0.141134        1.045360
Te        17.46078        0.08267        2.08419        2        -0.439430        -0.758617        0.487709
Te        14.08759        5.59986        5.74805        2        0.171631        0.061242        -0.156442
Te        17.21120        7.38546        5.68106        2        0.403035        0.345576        0.364236
Te        13.92935        5.50972        2.27401        2        0.635914        0.464678        0.047525
Te        17.37842        3.67410        2.34547        2        -0.272380        -0.055718        -0.937822
Te        14.10791        9.21921        5.63545        2        -0.081973        0.281013        0.245529
Te        17.33951        10.88461        5.52927        2        0.342806        0.023372        -0.218641
Te        14.07034        9.17307        2.03831        2        0.146778        0.192088        0.727351
Te        17.26239        7.13530        2.12986        2        -0.184625        0.653983        -0.455373
