54
Lattice="20.707852593 0.000456147 -0.025753600 -0.000245476 10.309403738 0.000007040 0.013560576 0.000001770 30.000000000" Properties=species:S:1:pos:R:3:tags:I:1:forces:R:3 energy=-317.55668830 stress= -18.99145 -4.86183 -0.93072 0.93657 -0.27478 -0.44300 pbc="T T T"
Mo        2.36697        0.02611        3.82984        1        -0.547150        -0.262357        -0.220453
Mo        4.90873        1.77439        4.00187        1        -0.095903        -1.252334        -0.519312
Mo        2.28300        3.50056        3.69185        1        0.384732        0.175659        0.711450
Mo        5.04228        5.21342        3.86048        1        -0.433794        -0.091494        -0.039328
Mo        2.30211        6.80040        3.65477        1        -0.108504        0.364121        -0.212637
Mo        4.78012        8.57846        3.94403        1        0.713974        0.831878        -0.125270
Mo        9.26257        10.30416        3.82411        1        -0.487298        -0.139426        0.900085
Mo        11.83686        1.68550        4.06990        1        -0.463112        0.338718        0.433993
Mo        9.24757        3.23199        3.92705        1        0.117844        -0.106244        0.731892
Mo        11.68942        5.17946        3.94197        1        -0.162830        -0.263673        0.912629
Mo        9.23265        7.12177        3.90777        1        -0.183084        -0.359106        -0.397216
Mo        11.63974        8.66420        3.99722        1        0.932429        -1.057385        -0.163105
Mo        16.02309        0.01648        3.96495        1        0.840075        -0.045084        -1.044644
Mo        18.57187        1.68045        4.05799        1        0.441243        0.142008        -0.819982
Mo        16.12177        3.42474        3.97509        1        -0.604324        -0.167851        -0.108257
Mo        18.59247        5.31265        3.92104        1        0.327611        -0.669198        -0.024722
Mo        16.09901        6.76869        3.94010        1        -0.798729        0.877503        0.421871
Mo        18.68369        8.47572        3.98805        1        -0.626436        0.245321        -0.061433
Te        0.59261        1.72642        5.27209        2        0.291659        0.018388        0.021526
Te        4.16143        3.50534        5.76407        2        -0.642690        0.429841        0.721330
Te        6.64940        0.13146        2.43853        2        -0.237428        -0.281542        0.139294
Te        3.16887        1.73192        1.88051        2        0.074590        0.003262        -0.042795
Te        0.55224        5.10147        5.29658        2        0.194322        0.440071        -0.356182
Te        3.93408        6.85871        5.74188        2        0.350873        -0.440458        0.663162
Te        6.75379        3.43391        2.51279        2        -0.361987        -0.284917        -0.022191
Te        3.32080        5.21829        1.75380        2        -0.320661        -0.546714        0.139508
Te        0.62751        8.44339        5.17789        2        -0.089773        0.090344        0.322841
Te        4.00885        10.25049        5.95526        2        0.378772        0.546722        -0.605009
Te        6.63176        7.02128        2.48901        2        0.214047        -0.044057        -0.050476
Te        3.15132        8.65492        1.81679        2        -0.332951        -0.153177        0.143780
Te        7.50839        1.68884        5.44281        2        0.114063        -0.153990        -0.098516
Te        10.98472        3.40033        6.02672        2        0.165537        0.172956        -0.708903
Te        13.37460        10.27419        2.49297        2        0.528533        0.209509        0.007002
Te        10.15423        1.64521        1.99977        2        -0.037705        0.586491        -1.083917
Te        7.67203        5.15496        5.31257        2        -0.385088        0.299880        -0.013788
Te        11.11687        6.82303        5.98884        2        -0.409725        0.439775        -0.608200
Te        13.43338        3.53287        2.62248        2        0.416675        -0.861463        -0.321329
Te        9.64199        5.07836        2.06490        2        0.748035        0.900421        -0.249153
Te        7.40117        8.65033        5.28622        2        0.271704        0.095142        0.200459
Te        11.05539        10.26901        5.99253        2        -0.475318        0.255165        0.090895
Te        13.36443        6.83099        2.32613        2        -0.198588        0.340515        0.728205
Te        10.03621        8.66544        1.80332        2        -0.196443        -0.467578        0.471169
Te        14.37243        1.71265        5.53199        2        0.246918        0.111491        -0.432725
Te        18.03290        3.55548        5.89760        2        -0.230985        -0.390022        0.320682
Te        20.35075        10.20179        2.64782        2        0.064314        0.540743        -0.378138
Te        16.85896        1.81926        1.91066        2        -0.285395        -0.790306        1.086541
Te        14.18779        5.18212        5.48259        2        0.677224        0.023895        -0.406637
Te        17.86357        6.88964        5.99322        2        0.163668        -0.168128        -0.092710
Te        20.35100        3.39344        2.46307        2        -0.376857        0.181191        -0.050439
Te        16.57247        5.13862        1.99359        2        0.769085        -0.329311        -0.699275
Te        14.40116        8.56118        5.32534        2        -0.516905        -0.054388        0.434854
Te        17.91730        10.24774        5.97327        2        -0.068593        0.055460        -0.101771
Te        20.26830        6.82386        2.26758        2        0.071598        -0.113054        0.299631
Te        16.74989        8.48546        2.00900        2        0.172457        0.785112        0.153937
