54
Lattice="18.429676749 0.000008540 -0.000615361 -0.000005198 13.193502514 0.000045896 0.042448411 0.000094922 30.000000000" Properties=species:S:1:pos:R:3:tags:I:1:forces:R:3 energy=-305.18967406 stress= -18.47853 -30.12644 -0.79068 0.14620 -0.47700 -0.11657 pbc="T T T"
Mo        2.25490        0.08785        3.88135        1        -0.096198        -0.152476        0.417699
Mo        5.46906        2.25581        3.91667        1        -0.880073        0.000900        0.512979
Mo        2.28193        4.40455        4.06864        1        0.082649        -0.315953        -0.896143
Mo        5.26815        6.40872        3.87872        1        0.459710        0.776227        0.699081
Mo        2.30592        8.69635        3.92447        1        -0.081052        0.299986        0.436393
Mo        5.19729        11.06946        3.80439        1        0.281002        -0.417806        0.703938
Mo        8.31792        0.00584        3.95440        1        -0.139685        0.644710        0.651690
Mo        11.52221        2.22464        3.83046        1        0.827452        -0.072650        0.770329
Mo        8.62157        4.39391        3.96761        1        -0.634511        -0.093026        0.244522
Mo        11.46950        6.75591        4.05391        1        0.034415        -1.143708        -0.412024
Mo        8.20236        8.68497        3.82213        1        -0.370682        0.008041        0.543981
Mo        11.16557        11.07464        4.00571        1        1.086064        -0.568356        0.397513
Mo        14.65795        13.13317        3.82367        1        -0.076852        -0.156577        0.394145
Mo        17.54203        2.24399        3.89151        1        0.856491        -0.113014        -0.511465
Mo        14.63233        4.42041        3.86412        1        -0.075726        0.067310        -0.263613
Mo        17.56628        6.58196        4.01142        1        1.035410        0.010423        -0.715222
Mo        14.46001        8.86596        3.85968        1        0.958497        -0.563292        0.392879
Mo        17.70336        11.00467        3.95812        1        -0.100929        -0.381182        -0.408579
Te        1.28834        2.23654        5.60254        2        -0.029680        -0.070785        -0.022983
Te        4.49397        4.30198        5.61224        2        -0.191296        0.043614        0.331733
Te        1.40152        2.25453        2.25989        2        -0.512021        0.102285        0.283300
Te        4.36168        0.14767        2.17956        2        0.319454        -0.081730        -0.018348
Te        1.45444        6.55191        5.64156        2        -0.515411        0.203659        -0.072844
Te        4.46022        8.79703        5.60864        2        -0.177036        -0.116227        -0.411177
Te        1.35442        6.53337        2.27629        2        -0.181060        0.085011        0.531809
Te        4.41424        4.37158        2.26711        2        -0.329452        -0.361623        -0.151987
Te        1.23840        10.97772        5.75908        2        0.714994        -0.069788        -0.400140
Te        4.44561        0.03480        5.51078        2        -0.065255        0.202062        0.020293
Te        1.50196        10.96964        2.36967        2        -0.195179        0.000783        -0.144307
Te        4.42118        8.68027        2.24828        2        -0.041837        0.032499        -0.150783
Te        7.55711        2.40086        5.72111        2        0.046218        -0.496221        -0.601602
Te        10.82551        4.44933        5.66411        2        -0.450102        -0.119162        -0.317542
Te        7.54368        2.29577        2.29302        2        0.616961        -0.154417        -0.306638
Te        10.49542        0.06026        2.39413        2        0.007129        -0.124164        -0.987139
Te        7.39977        6.36545        5.63449        2        0.117436        0.409005        -0.494624
Te        10.23053        8.70012        5.56634        2        0.411515        0.543891        0.615119
Te        7.42258        6.43847        2.23626        2        0.399747        -0.013229        -0.004131
Te        10.77753        4.37838        2.29060        2        -0.301965        0.419062        -0.118775
Te        7.29890        11.03317        5.58642        2        0.127577        -0.079440        -0.282876
Te        10.47417        0.18379        5.65650        2        -0.062430        -0.409601        -0.027057
Te        7.43625        10.99431        2.30972        2        0.119417        0.163657        -0.539158
Te        10.41964        8.71263        2.30330        2        -0.017590        0.410045        -0.421483
Te        13.91080        2.13156        5.44876        2        -0.666811        0.096796        -0.143464
Te        16.73533        4.37958        5.58901        2        -0.272418        0.180634        0.083275
Te        13.75677        2.13572        2.16234        2        -0.115727        0.079505        0.210197
Te        16.81704        13.10981        2.18850        2        -0.077088        0.079237        0.084784
Te        13.72311        6.65226        5.55016        2        -0.053534        0.095372        0.066074
Te        16.69559        8.71074        5.58625        2        -0.356699        0.575192        -0.085116
Te        13.48975        6.73054        2.19215        2        0.426765        -0.007750        0.269353
Te        16.77753        4.54681        2.16636        2        -0.372993        -0.313445        0.369921
Te        13.49812        10.97154        5.60787        2        -0.130555        0.202748        -0.340358
Te        16.88426        13.16087        5.53331        2        -0.791108        0.169109        0.058715
Te        13.43408        10.87973        2.32418        2        -0.250236        0.724651        -0.319336
Te        16.76791        8.88556        2.22878        2        -0.434741        -0.207278        0.453502
