54
Lattice="19.166863819 0.000008540 -0.000615361 -0.000005198 11.065518238 0.000045896 0.042448411 0.000094922 30.000000000" Properties=species:S:1:pos:R:3:tags:I:1:forces:R:3 energy=-319.92521643 stress= -11.63853 -11.31287 -1.69734 1.63965 -0.32133 -0.23387 pbc="T T T"
Mo        2.34073        11.02424        3.82556        1        0.687740        0.364372        0.600857
Mo        5.60545        1.91272        3.80416        1        0.959396        -0.765930        0.078142
Mo        2.46840        3.67841        3.82499        1        0.054358        -0.206831        0.535854
Mo        5.52265        5.54370        4.00679        1        1.029508        -0.361523        -0.728072
Mo        2.38951        7.50408        4.01679        1        0.339744        -0.970370        -0.323243
Mo        5.67631        9.22177        3.83025        1        -0.802164        0.142487        -0.003833
Mo        8.91009        0.07733        3.93860        1        -1.189585        -0.323952        -0.098463
Mo        11.97274        1.83473        3.85339        1        -0.083536        0.929048        0.256967
Mo        8.79284        3.75085        3.96234        1        0.657665        -0.632948        0.369419
Mo        12.08266        5.55948        3.92699        1        -0.429368        0.539195        0.815960
Mo        8.72052        7.39214        4.05773        1        1.336446        0.489611        -0.346205
Mo        11.93400        9.29511        3.94770        1        0.567550        0.242754        0.600394
Mo        15.30518        0.06100        4.08817        1        -0.960449        -0.686063        -0.957925
Mo        18.31579        1.74063        3.80107        1        0.154319        0.151647        0.346277
Mo        15.11332        3.65262        3.79738        1        0.106476        0.086109        0.170233
Mo        18.46676        5.40463        3.85498        1        -0.382108        -0.633718        0.590410
Mo        15.23664        7.38989        4.01964        1        0.128640        -0.514502        0.321357
Mo        18.43542        9.11095        4.03475        1        0.281185        0.506131        0.451193
Te        1.18813        1.77656        5.59233        2        0.944562        0.348417        -0.360457
Te        4.58213        3.50693        5.67905        2        -0.573443        0.924191        -0.068802
Te        1.29744        1.88292        2.12355        2        0.281334        -0.341635        -0.392684
Te        4.64294        11.05860        1.99485        2        -0.601612        0.092749        0.733536
Te        1.35738        5.34274        5.67171        2        0.329824        0.751278        -0.250633
Te        4.60899        7.39095        5.68338        2        -0.445448        0.564067        0.225996
Te        1.43101        5.64059        2.13309        2        0.035779        -0.249600        0.330860
Te        4.65159        3.80670        2.09221        2        -0.520929        -0.250291        -0.007121
Te        1.46386        9.29694        5.87254        2        -0.484666        -0.092644        -0.911414
Te        4.56769        0.01914        5.52110        2        -0.282258        -0.002394        -0.096751
Te        1.28635        9.20568        2.17962        2        -0.045330        -0.250577        -0.144529
Te        4.50641        7.41124        2.12297        2        -0.058239        -0.190491        0.708030
Te        7.79540        1.86508        5.72570        2        -0.422270        0.140865        -0.666558
Te        11.08738        3.77683        5.79468        2        -0.641154        -0.341890        -1.063967
Te        7.81917        1.82201        2.11957        2        -0.153165        0.631890        0.368826
Te        10.88456        0.13864        2.13240        2        0.449021        -0.980357        -0.582584
Te        7.75310        5.50108        5.73225        2        -0.630910        0.145593        0.497206
Te        10.94879        7.38733        5.75284        2        -0.066074        0.067550        -0.399917
Te        7.78617        5.63073        2.30034        2        -0.842460        -0.373517        -0.576863
Te        10.87280        3.80353        2.21438        2        0.385524        -0.201055        -0.201701
Te        7.66991        9.33143        5.63057        2        0.405613        -0.005236        0.764346
Te        10.94806        0.09539        5.66967        2        0.135209        -0.190113        0.569083
Te        7.81702        9.21206        2.19432        2        0.226448        0.171738        -0.188620
Te        10.91355        7.47250        2.25583        2        -0.251460        -0.442807        -0.039915
Te        13.97552        1.83845        5.61635        2        0.879745        0.475532        0.443434
Te        17.21003        3.52839        5.56477        2        0.276373        0.444445        -0.207012
Te        14.09343        1.74681        2.03950        2        0.285517        0.134890        0.843889
Te        17.32021        10.82030        2.21269        2        -0.088292        0.404151        -0.071441
Te        14.24907        5.51423        5.71036        2        -0.362847        -0.266696        -0.281019
Te        17.50455        7.16571        5.74468        2        -0.532997        0.331915        -0.209659
Te        14.10796        5.65500        2.15430        2        0.376784        -0.179726        -0.106428
Te        17.34599        3.56804        2.04250        2        -0.480239        0.380853        0.148194
Te        14.12613        9.17471        5.82431        2        0.032262        0.526199        -0.633832
Te        17.41353        0.11101        5.77392        2        -0.064541        -1.026244        -0.022054
Te        14.18448        9.30437        2.35338        2        -0.146913        -0.123651        -0.231774
Te        17.31682        7.23899        2.28661        2        0.191483        0.633718        -0.588748
