54
Lattice="18.429676749 0.000008540 -0.000615361 -0.000005198 11.065518238 0.000045896 0.042448411 0.000094922 30.000000000" Properties=species:S:1:pos:R:3:tags:I:1:forces:R:3 energy=-314.72905412 stress= 0.47594 -7.21722 -1.01697 -0.92017 2.29141 -0.39700 pbc="T T T"
Mo        2.37227        0.05752        4.12981        1        -1.034678        -0.010188        1.328702
Mo        5.19444        1.72465        3.86688        1        1.035197        -0.279206        0.864008
Mo        2.29181        3.78535        4.13413        1        -1.116089        -0.886835        -1.227570
Mo        5.14110        5.39136        3.81770        1        2.721601        0.413149        0.810676
Mo        2.24704        7.14303        4.20818        1        0.469806        -0.114074        -0.276072
Mo        5.27096        9.21300        3.86545        1        0.056388        0.983587        1.305606
Mo        8.72616        0.11830        3.90037        1        -3.435688        -0.975667        -3.143178
Mo        11.67870        1.79445        3.80856        1        1.457319        1.794855        -1.305257
Mo        8.50646        3.80081        3.54994        1        -0.628961        0.121460        -0.670849
Mo        11.60069        5.79396        3.82483        1        -0.250934        -1.641954        -0.609756
Mo        8.30711        7.48572        3.72971        1        1.044028        -0.311926        1.304322
Mo        11.54941        9.21966        3.85583        1        0.621360        -0.203837        0.524616
Mo        14.85016        0.09738        3.85119        1        0.251272        0.279824        1.918693
Mo        17.87535        1.87075        3.82217        1        -2.765250        -0.963828        1.838386
Mo        14.52031        3.50150        3.85317        1        -0.104431        1.746111        1.479602
Mo        17.74912        5.63558        4.06932        1        -1.647602        -0.871547        -1.097849
Mo        14.77240        7.32657        3.92795        1        -0.979306        -1.657909        1.481667
Mo        17.37543        9.33948        4.23274        1        1.510159        -1.925285        -1.956665
Te        1.15577        1.86564        5.91039        2        1.122344        0.132206        -0.542044
Te        4.33383        3.67555        5.72242        2        0.883735        -0.448975        0.579834
Te        1.43817        1.87910        2.27579        2        0.676813        0.386323        -0.657691
Te        3.90485        10.87728        2.03545        2        2.436479        0.352984        0.345027
Te        1.00837        5.39866        6.03321        2        1.816430        0.234131        0.123731
Te        4.35125        7.28830        5.85871        2        0.393320        -0.013231        -0.730241
Te        1.25830        5.55987        2.28995        2        0.544978        -0.215307        -0.574062
Te        4.32333        3.41966        2.06346        2        -0.854476        1.376327        0.121375
Te        1.08651        8.93208        5.88517        2        0.569088        1.389104        0.284073
Te        4.40572        0.07112        5.89615        2        0.079821        -0.622962        -0.760166
Te        1.37475        9.15270        2.63228        2        -1.517416        -0.426968        -0.353829
Te        4.30711        7.33550        2.23511        2        -1.061811        -0.068307        -0.546394
Te        7.89921        2.01166        5.52433        2        -2.343668        0.108047        0.231466
Te        10.40123        3.80428        5.33474        2        1.784614        0.195984        0.746561
Te        7.27707        1.74452        2.06964        2        0.763842        0.353950        0.135519
Te        10.83741        11.00930        2.00349        2        -1.086807        0.338559        -0.366360
Te        7.53654        5.63878        5.50265        2        -1.211096        -0.950842        -0.704413
Te        10.44043        7.42107        5.63513        2        -0.297545        0.517782        -0.215690
Te        7.32715        5.65993        1.82857        2        -0.363397        -0.343374        1.016900
Te        10.79260        3.69075        1.85957        2        -0.602022        0.471803        1.074030
Te        7.33535        9.30107        5.71011        2        0.702031        0.134534        -1.054298
Te        10.64292        0.15346        5.36961        2        1.910003        -1.669685        5.052179
Te        7.51723        9.42885        2.13769        2        -1.110117        0.201621        -0.415020
Te        10.40460        7.51044        2.07309        2        0.594375        -0.129076        -0.607265
Te        13.73396        1.86203        5.85026        2        -0.820492        -0.612762        -1.253079
Te        16.67477        3.59087        5.82275        2        -0.363206        0.285923        -1.720101
Te        13.73666        1.64635        2.04710        2        0.023715        0.789768        -0.655561
Te        17.01380        10.92934        1.93149        2        -0.914734        0.831276        1.567658
Te        13.47849        5.48771        5.79656        2        0.494555        -0.048568        -1.228238
Te        16.54195        7.13249        5.85083        2        0.255607        1.404955        0.966214
Te        13.73243        5.64582        2.12795        2        -0.392758        -0.711546        -0.265767
Te        16.59365        3.79629        2.22979        2        1.213262        -0.302890        -0.051900
Te        13.78502        9.14732        5.65196        2        -0.714165        0.939716        -0.123844
Te        16.73921        0.17212        5.87845        2        -0.341803        0.467739        -0.299602
Te        13.82398        9.19280        2.38025        2        -0.668782        0.457633        -1.866536
Te        16.67334        7.51631        2.16712        2        1.163236        -0.316847        0.155063
