54
Lattice="19.940895089 0.000456147 -0.025753600 -0.000245476 10.309403738 0.000007040 0.013560576 0.000001770 30.000000000" Properties=species:S:1:pos:R:3:tags:I:1:forces:R:3 energy=-320.31154391 stress= -11.29711 -2.91224 -0.26765 -0.41026 -1.39590 -0.01527 pbc="T T T"
Mo        2.28613        10.30244        3.84379        1        -0.752491        -0.275094        -0.988975
Mo        4.73562        1.72927        3.89438        1        -0.750775        -0.375813        0.081143
Mo        2.14073        3.51376        3.64491        1        0.353375        -0.411271        0.587733
Mo        4.68650        5.14281        3.69422        1        -0.597331        0.414490        0.523923
Mo        2.11634        6.83115        3.73060        1        1.002891        0.522882        -0.108786
Mo        4.58839        8.59263        3.98355        1        0.796982        0.513403        -1.768652
Mo        8.89233        10.24054        3.82050        1        0.332834        0.328220        1.241900
Mo        11.33883        1.68016        4.10245        1        -0.063638        0.031239        -0.341410
Mo        8.92037        3.42058        3.75019        1        -0.194908        -0.216428        0.265317
Mo        11.27408        5.10636        3.97051        1        0.707054        0.044702        0.407205
Mo        8.85067        6.86888        3.80511        1        0.454539        -0.111053        0.141372
Mo        11.32975        8.47624        4.10112        1        0.061356        0.838110        0.515503
Mo        15.49876        0.03325        4.04976        1        0.122055        -0.022152        0.396842
Mo        17.94227        1.64833        4.14690        1        -0.439123        0.914172        -0.676137
Mo        15.48156        3.51217        3.86386        1        0.204336        0.077212        0.476109
Mo        17.94917        5.17849        3.96882        1        -0.417261        -0.087904        0.011331
Mo        15.54591        6.86191        3.88328        1        -0.309313        0.241773        1.014875
Mo        17.96860        8.61146        4.13600        1        0.310559        0.008405        -0.541769
Te        0.61119        1.68352        5.36951        2        0.112468        0.431544        0.046465
Te        3.97408        3.48724        5.70370        2        -0.343840        0.229001        0.346337
Te        6.30479        10.21720        2.53521        2        0.699958        0.299625        -0.592254
Te        2.89443        1.70255        1.82339        2        0.214884        -0.247516        -0.071382
Te        0.56091        5.11155        5.34877        2        -0.079477        -0.044950        -0.366297
Te        3.95872        6.88667        5.71779        2        -0.370000        -1.589348        1.351977
Te        6.21806        3.38549        2.27545        2        0.838741        -0.141488        -0.333360
Te        2.86376        5.15811        1.62068        2        -0.192768        0.036290        0.585898
Te        0.66526        8.54079        5.49476        2        0.022333        0.104256        -0.425006
Te        3.95956        10.28181        5.89972        2        0.328747        0.750756        0.547800
Te        6.32577        6.93737        2.31732        2        0.137613        0.075903        0.065907
Te        2.99116        8.51755        1.74370        2        -0.309121        0.573657        0.978878
Te        7.30729        1.86743        5.36158        2        -0.422943        -0.676896        -0.252858
Te        10.57357        3.42787        5.94421        2        -0.261083        0.154511        0.158340
Te        12.98514        0.00322        2.68722        2        0.338139        -0.303334        -0.381272
Te        9.74133        1.65535        1.91162        2        -0.202428        -0.049569        -0.155087
Te        7.12667        5.18115        5.10820        2        -0.055487        -0.191358        0.498072
Te        10.63199        6.78238        6.03818        2        -0.517635        -0.084945        -0.590495
Te        13.02729        3.36764        2.38655        2        -0.638271        0.319378        0.704106
Te        9.63658        5.09359        1.83362        2        -0.167964        0.598511        -0.226627
Te        7.22205        8.61161        5.40900        2        0.060094        -0.148707        -0.310085
Te        10.64093        10.29212        6.11462        2        -0.335431        -0.294570        -1.108186
Te        12.96989        6.83454        2.53927        2        0.036938        0.150459        -0.187078
Te        9.81223        8.55821        1.93668        2        -0.596133        -0.069487        -0.533713
Te        13.87391        1.85052        5.49887        2        -0.109811        -0.455284        0.041728
Te        17.09208        3.56302        6.02336        2        0.718522        -0.539005        -0.531442
Te        19.60942        0.07674        2.53941        2        -0.096964        -0.226899        -0.006519
Te        16.06104        1.73291        2.03949        2        0.815056        -0.422993        -0.281696
Te        13.88780        5.11538        5.47362        2        -0.382836        0.268408        -0.314460
Te        17.27174        6.89317        6.01101        2        -0.053815        -0.461463        0.001222
Te        19.42812        3.43407        2.33172        2        0.207731        0.104980        0.529553
Te        16.04547        5.26120        1.89656        2        0.728822        -0.612368        -0.353523
Te        13.83834        8.50262        5.42531        2        0.204068        0.177989        0.418152
Te        17.38785        10.23803        6.12032        2        -0.488658        0.681210        0.320805
Te        19.61780        7.09631        2.47744        2        -0.600616        -0.820508        -0.232939
Te        16.25120        8.68325        2.07751        2        -0.055109        0.015015        -0.594383
