54
Lattice="18.429676749 0.000008540 -0.000615361 -0.000005198 10.852719811 0.000045896 0.042448411 0.000094922 30.000000000" Properties=species:S:1:pos:R:3:tags:I:1:forces:R:3 energy=-320.82834298 stress= 0.40148 -1.68302 3.62394 0.01906 0.12994 0.30099 pbc="T T T"
Mo        2.29593        10.76759        3.95703        1        0.554020        1.144508        -0.288362
Mo        5.43058        1.90684        3.95744        1        -0.004243        0.618527        -0.338267
Mo        2.27486        3.51208        4.16755        1        0.784164        0.360369        0.577852
Mo        5.26897        5.43698        4.13961        1        0.889617        0.485088        -1.401227
Mo        2.38355        7.29459        4.15855        1        0.198318        -0.560104        -0.185238
Mo        5.47692        9.15361        3.78500        1        0.174757        -0.182059        1.097401
Mo        8.53318        0.16424        3.75944        1        -0.435970        -0.484786        -0.133710
Mo        11.67354        1.80966        3.80911        1        -0.627500        -0.478861        0.354484
Mo        8.46574        3.69074        3.93710        1        0.432884        -0.570793        0.885782
Mo        11.59279        5.31574        3.99456        1        0.719026        1.482612        -0.616254
Mo        8.42647        7.28073        3.86338        1        -0.016672        -0.961530        0.379690
Mo        11.38701        9.08181        3.68429        1        0.281117        -0.430854        0.538057
Mo        14.55665        10.78382        3.73548        1        -0.223855        -0.108323        0.677703
Mo        17.68817        1.64821        3.87250        1        0.016679        1.732130        0.833357
Mo        14.60263        3.54381        3.99889        1        0.599695        -0.292388        -0.368254
Mo        17.49425        5.50757        4.09945        1        1.186228        0.078054        0.061614
Mo        14.71924        7.19554        3.80194        1        -0.845492        -0.110696        0.491917
Mo        17.70018        8.88436        3.90094        1        -0.775253        0.698699        0.415164
Te        1.24089        1.72386        5.87247        2        -0.169093        -0.579220        -0.298367
Te        4.47780        3.65310        5.93639        2        -0.661869        -0.711812        -0.211043
Te        1.34590        1.83454        2.30882        2        0.181475        -0.534411        -1.322152
Te        4.45036        0.09507        2.06185        2        -0.524461        0.210981        0.337192
Te        1.30490        5.43445        5.85464        2        -0.609386        0.170502        0.279733
Te        4.57049        7.40693        5.86291        2        -0.617568        0.181209        -0.322255
Te        1.28075        5.33859        2.47707        2        -0.199574        0.786266        -0.318495
Te        4.14470        3.71578        2.25976        2        1.047186        -0.156765        0.214246
Te        1.28679        9.11973        5.75536        2        -0.425346        -0.536852        0.955081
Te        4.43888        0.06051        5.59151        2        -0.051839        -0.325483        0.722845
Te        1.37883        8.87219        2.26084        2        -0.059505        0.414840        -0.945633
Te        4.34545        7.32926        2.30462        2        -0.113083        -1.102470        -0.765249
Te        7.58689        1.81206        5.73562        2        -0.504970        0.199498        -0.442700
Te        10.61372        3.50933        5.68393        2        -0.262374        0.077161        0.405054
Te        7.40538        2.07174        2.07053        2        0.018467        -0.795199        0.033323
Te        10.53719        0.21352        1.90091        2        0.089449        -0.516483        0.187502
Te        7.46919        5.49894        5.75127        2        0.078378        -0.018825        0.053650
Te        10.48136        7.25942        5.59386        2        0.359767        0.045518        0.272167
Te        7.37125        5.39583        2.22083        2        -0.859273        0.540656        -0.231209
Te        10.56543        3.67332        2.23156        2        -0.214779        -0.369584        -1.294712
Te        7.48299        9.14199        5.53307        2        0.423382        0.541181        0.592150
Te        10.53959        0.00079        5.55186        2        0.070610        0.154212        -0.017841
Te        7.57261        8.98780        2.01219        2        -0.443392        1.093310        -0.247454
Te        10.43474        7.05411        2.11267        2        0.606203        0.171221        -0.356029
Te        13.55767        1.60331        5.70893        2        0.545738        0.411423        -0.113086
Te        16.65461        3.54011        5.68948        2        0.129288        -0.584667        0.894581
Te        13.81281        1.90758        2.11613        2        -1.092247        -0.596354        -1.257844
Te        16.67198        10.80276        2.04044        2        0.347610        -0.735958        -0.147691
Te        13.74392        5.35850        5.69265        2        -0.771723        0.769585        0.378862
Te        16.44895        7.39915        5.90771        2        0.919906        -0.540721        -0.801597
Te        13.72464        5.32047        2.08177        2        -0.712173        0.212347        0.493461
Te        16.69911        3.65028        2.24871        2        0.055385        -0.262752        -0.172848
Te        13.47120        8.93965        5.50060        2        -0.076713        0.400982        -0.266287
Te        16.55040        10.81378        5.51149        2        0.104777        -0.879935        1.054897
Te        13.47499        8.93483        1.98816        2        0.576988        0.103683        -0.170969
Te        16.76718        7.11641        2.05966        2        -0.138967        0.353475        -0.128450
