54
Lattice="19.557416337 0.000456147 -0.025753600 -0.000245476 10.515591813 0.000007040 0.013560576 0.000001770 30.000000000" Properties=species:S:1:pos:R:3:tags:I:1:forces:R:3 energy=-317.42424713 stress= -4.46869 -2.58283 0.54544 -2.34866 0.83669 1.02882 pbc="T T T"
Mo        2.14094        10.32259        4.01767        1        0.711724        -0.003523        -0.901390
Mo        4.48241        1.93356        3.80033        1        1.417736        0.427423        2.148924
Mo        2.10099        3.65594        3.96253        1        -0.144083        -0.359019        -0.622633
Mo        4.42820        5.18264        3.99572        1        0.938582        0.116789        0.841776
Mo        2.20316        6.86921        3.79034        1        0.129292        0.844455        1.448165
Mo        4.45124        8.58612        4.18195        1        -0.652682        -0.231878        -2.067327
Mo        8.66355        10.46760        3.61259        1        0.154138        -0.033441        0.526626
Mo        11.07948        1.82198        4.04013        1        -0.556184        -0.622030        -0.425172
Mo        8.88584        3.50333        3.76625        1        -0.377814        0.595121        0.596415
Mo        11.24093        5.56796        3.87451        1        -1.171875        -0.272919        -1.689751
Mo        8.75130        7.07820        3.86449        1        -1.213492        -1.268199        -0.306423
Mo        11.08614        8.74037        3.84554        1        0.233065        -0.048039        1.067133
Mo        15.25456        0.05432        3.78038        1        0.314819        0.109447        0.824877
Mo        17.65531        1.74269        3.99207        1        -1.331989        -0.045814        -0.972900
Mo        15.23392        3.44661        3.74917        1        0.291377        0.709902        -0.159493
Mo        17.61590        5.22526        3.97356        1        -0.423908        0.472033        0.533522
Mo        15.41913        7.05721        3.84084        1        -1.322056        -1.017747        0.842035
Mo        17.66453        8.53260        4.19904        1        -0.201647        1.320740        -1.411198
Te        0.41898        1.62245        5.35332        2        1.252791        1.023539        1.052618
Te        3.93686        3.49144        5.97647        2        -0.332501        -0.431032        -0.106410
Te        6.07549        10.46082        2.65715        2        -0.528404        -0.210423        -0.571342
Te        2.54451        1.73791        2.12953        2        -0.194992        -0.027456        -1.352237
Te        0.40874        5.48190        5.48699        2        0.922680        -1.049160        -0.068260
Te        3.91870        6.80072        6.11353        2        -0.484871        0.547963        -0.515505
Te        6.33702        3.61271        2.34331        2        -0.670857        -0.307884        0.274287
Te        2.84205        5.24172        1.79548        2        -0.143343        -0.574539        0.339675
Te        0.64582        8.76877        5.59880        2        -0.218379        -0.898935        0.084330
Te        4.06611        0.14937        5.85471        2        -0.189241        -0.095938        0.488261
Te        5.99882        6.82110        2.59479        2        1.039809        1.096865        -0.837138
Te        2.67378        8.75339        1.85765        2        0.678239        -0.062835        1.035235
Te        7.11523        1.97847        5.21196        2        -0.173748        -0.757223        -0.135710
Te        10.74815        3.90796        5.81041        2        -1.536055        -2.391085        0.871670
Te        12.68414        10.45701        2.45692        2        0.223241        0.675210        -0.308731
Te        9.50106        1.77540        1.79199        2        -0.023248        -0.375043        0.027432
Te        7.14124        5.28261        5.54643        2        0.125518        -0.132199        -0.721281
Te        10.44568        7.04959        5.89767        2        0.088258        0.997268        0.462232
Te        12.66158        3.45174        2.49919        2        0.450569        0.386742        -0.688671
Te        9.45242        5.31562        1.88647        2        -0.185890        -0.014029        -0.410771
Te        6.89487        8.69864        5.28372        2        1.443392        0.267996        0.548998
Te        10.20241        10.42644        5.78173        2        0.395199        0.476317        0.274278
Te        12.93599        7.05247        2.35043        2        -0.328122        0.087493        0.128453
Te        9.35647        8.50456        1.75303        2        0.026324        1.607373        -0.253954
Te        13.57979        1.87096        5.32409        2        0.309202        -0.675655        0.267569
Te        16.97965        3.47622        5.88376        2        -0.432315        0.004050        0.349430
Te        19.28535        10.47896        2.67256        2        -0.541742        -0.800526        -0.659588
Te        15.97799        1.77776        1.75651        2        -0.037354        -0.170852        0.702768
Te        13.37574        5.19105        5.29387        2        3.126651        0.904124        0.423417
Te        16.89809        6.91097        6.13638        2        -0.126014        -0.340535        -0.505114
Te        19.26178        3.50977        2.39957        2        -0.338354        0.230540        0.437567
Te        16.01139        5.31444        1.76860        2        -0.328499        -0.276967        0.890573
Te        13.65594        8.85619        5.40149        2        -0.086951        -0.375126        -0.427324
Te        16.97141        10.50663        5.97264        2        -0.410815        -0.099686        -0.365456
Te        19.30978        6.91213        2.50585        2        -0.755940        0.501117        -0.196112
Te        15.84014        8.75806        1.96549        2        1.170418        0.554743        -0.774373
