54
Lattice="19.173937585 0.000456147 -0.025753600 -0.000245476 10.927967962 0.000007040 0.013560576 0.000001770 30.000000000" Properties=species:S:1:pos:R:3:tags:I:1:forces:R:3 energy=-318.06798232 stress= -4.46503 -7.22906 -0.78651 1.47943 -1.16350 -0.51986 pbc="T T T"
Mo        2.15280        10.81425        3.77987        1        -0.000479        0.830540        -0.249669
Mo        4.50160        1.92653        4.21074        1        -0.697980        -0.987624        -0.978629
Mo        2.08944        3.54410        3.87141        1        0.654520        -0.762909        0.897321
Mo        4.41693        5.40142        4.32455        1        0.882012        -0.476188        -1.410714
Mo        2.16657        7.18495        3.76782        1        -0.276775        0.180838        0.410321
Mo        4.43038        9.19010        4.12505        1        0.294544        -0.905605        -1.271624
Mo        8.62680        0.10337        3.64766        1        0.153291        0.213338        0.490051
Mo        10.94700        2.16522        4.09603        1        -1.462033        1.129493        -0.543225
Mo        8.51226        3.63956        4.14503        1        0.200572        0.742000        -0.778593
Mo        10.92842        5.47317        4.18151        1        -0.660617        -0.536884        -0.115862
Mo        8.54015        7.26921        4.04702        1        0.270166        0.728204        1.114661
Mo        10.83089        8.97274        4.09967        1        0.752126        -0.429102        -0.868012
Mo        14.93217        0.25916        3.63664        1        -0.128456        0.940486        -0.061267
Mo        17.24053        1.84939        3.84007        1        -0.538305        -0.212403        -0.281395
Mo        14.98329        3.67817        3.67787        1        -0.583886        0.046814        -0.687450
Mo        17.25619        5.34469        3.72996        1        0.001122        0.907361        1.006065
Mo        15.03632        7.04117        3.69552        1        -0.519209        -0.232859        0.627522
Mo        17.09743        8.98284        3.82186        1        0.942515        0.003267        0.726501
Te        0.41614        1.64857        5.23494        2        0.651058        0.185805        0.078040
Te        3.77176        3.61347        6.19720        2        -0.355909        -0.221285        -0.405321
Te        6.11206        10.90392        2.62713        2        -0.741895        0.396684        -0.207924
Te        2.95644        1.86269        1.88118        2        -0.258864        -0.806329        1.179400
Te        0.51727        5.36140        5.21955        2        -0.165748        0.331216        0.220907
Te        3.72660        7.30084        5.96782        2        -0.371383        0.324624        0.806876
Te        6.04368        3.61384        2.52522        2        -0.103033        0.286518        1.148236
Te        2.95646        5.20772        2.08864        2        0.173011        1.249489        -1.016002
Te        0.42110        9.07611        5.18415        2        0.385861        -0.139895        -0.218149
Te        3.85830        10.78296        6.05595        2        -0.795029        1.489124        0.167266
Te        6.06844        7.34560        2.68610        2        -0.256043        -0.563996        0.126386
Te        2.84466        9.00447        1.92021        2        0.130986        0.132648        -0.366762
Te        6.99054        1.85486        5.45164        2        0.050998        -0.564206        0.404047
Te        10.26635        3.74244        6.21074        2        0.154695        -0.186000        -0.282384
Te        12.21737        0.14546        2.71550        2        0.272932        -0.115879        -0.109049
Te        9.17317        2.19007        1.91004        2        0.114079        -1.010263        0.793487
Te        7.05400        5.62872        5.72224        2        -0.524121        -0.620813        -0.252831
Te        10.57671        7.25665        6.03209        2        -0.990964        0.580736        1.504139
Te        12.24253        3.84526        2.38245        2        0.909322        -0.518706        -0.072229
Te        8.99708        5.47841        2.27835        2        0.350455        -0.357307        -1.524175
Te        6.86039        9.09914        5.46383        2        0.958822        0.454004        -0.125734
Te        10.26670        0.13246        5.66953        2        0.114416        -0.369246        1.456174
Te        12.35856        7.17390        2.60634        2        0.533223        0.259774        -0.355505
Te        9.29265        8.97087        1.96362        2        -0.730609        0.331581        -0.132844
Te        13.45601        2.01090        5.33065        2        0.069288        -0.398767        -0.128049
Te        16.63905        3.69933        5.77186        2        0.335005        -0.545834        0.078273
Te        18.70796        10.83625        2.07638        2        0.225862        0.089832        1.260604
Te        15.61367        1.96441        1.61503        2        -0.080883        -0.260024        0.623635
Te        13.51771        5.37581        5.46287        2        0.167390        0.353133        -0.441852
Te        16.79816        7.16145        5.91651        2        -0.380116        -0.022115        -1.568684
Te        18.83059        3.68145        2.30789        2        0.604415        -0.807129        -0.383741
Te        15.37312        5.44583        1.65445        2        0.720809        -0.239060        -0.264053
Te        13.64551        9.10364        4.82273        2        -0.686558        -0.037830        0.516167
Te        16.45084        10.81727        5.80299        2        0.664607        0.447326        -0.700069
Te        18.92127        7.17727        2.17816        2        -0.420214        0.155595        0.696945
Te        15.35733        9.16529        1.87004        2        0.016219        -0.429714        -0.551882
