54
Lattice="20.272644424 0.000008540 -0.000615361 -0.000005198 11.703913521 0.000045896 0.042448411 0.000094922 30.000000000" Properties=species:S:1:pos:R:3:tags:I:1:forces:R:3 energy=-306.77230682 stress= -20.59165 -19.45304 0.91594 -1.36760 1.25614 0.31499 pbc="T T T"
Mo        2.53667        11.42227        3.66877        1        1.605269        0.510626        3.468754
Mo        6.05881        1.80750        3.48551        1        0.088195        -0.087375        1.033915
Mo        2.48532        3.54299        3.44964        1        1.609900        1.127576        1.075978
Mo        5.73456        5.83021        3.69562        1        0.381702        -0.244467        -0.329681
Mo        2.52325        7.57793        3.87087        1        -1.128960        -0.199633        -1.552019
Mo        6.07286        9.68675        3.82360        1        -1.461912        -0.282828        -0.967074
Mo        9.40016        0.15492        4.08454        1        -0.524407        -0.015659        -1.566670
Mo        12.54448        2.17716        4.18183        1        0.749887        0.940211        -0.472972
Mo        9.46684        4.13872        3.95677        1        -1.402126        -0.652862        -0.556104
Mo        12.58733        5.89352        4.00607        1        0.423826        1.059437        0.923284
Mo        9.29774        8.06072        4.08334        1        0.310706        -2.048493        -0.896684
Mo        12.64383        9.82520        4.51026        1        0.382885        1.077712        -1.038450
Mo        16.15978        0.22494        4.25646        1        -0.450672        -0.731113        0.651225
Mo        19.59197        1.92693        4.02823        1        -0.283393        -0.690253        -0.162662
Mo        16.15226        3.94618        3.78176        1        0.078673        0.822601        0.119390
Mo        19.41680        5.40596        3.72938        1        1.543854        2.557048        -1.866403
Mo        16.05147        8.02087        4.05075        1        0.379086        -1.398324        0.805518
Mo        19.48363        9.64490        4.15267        1        0.684228        0.257737        -0.393314
Te        1.70790        1.89898        5.52385        2        -0.455748        -0.483290        -0.373019
Te        4.89896        3.76451        5.18394        2        -0.822322        -0.721075        0.058982
Te        1.46588        1.49080        2.19430        2        -1.666599        0.971450        -2.148454
Te        4.70422        11.29268        1.99742        2        0.949946        0.649351        0.105504
Te        1.50563        5.40741        5.35529        2        -0.222153        0.166733        -0.691718
Te        4.54299        7.72026        5.46287        2        1.809024        -0.018790        0.692281
Te        1.29042        5.52792        1.74621        2        0.133386        -0.001415        1.382957
Te        4.90736        3.58791        1.82748        2        -0.436565        0.729372        -0.085393
Te        1.57675        9.49250        5.64589        2        -0.229726        0.305348        -0.199590
Te        4.77518        0.12703        5.45330        2        0.575963        -0.791125        -0.984708
Te        1.37963        9.63564        2.27014        2        -1.126753        -1.632077        -1.056047
Te        4.76352        7.68080        2.07527        2        -0.377866        0.665544        -0.188205
Te        8.05805        2.14876        5.57250        2        0.174864        -0.138446        -0.715254
Te        11.44644        4.14735        5.79039        2        0.194698        -0.007514        0.316363
Te        8.67787        2.07214        2.14439        2        -0.782821        -0.195634        0.536462
Te        11.81309        0.13934        2.62492        2        -0.700459        -0.791483        -0.187937
Te        7.86483        5.85062        5.38800        2        0.653917        0.739269        1.388858
Te        11.41426        7.93031        6.04779        2        0.041874        -0.382547        -0.792284
Te        8.09978        6.11215        2.26283        2        0.614663        -0.037029        -0.157749
Te        11.47845        4.30050        2.18051        2        0.645845        -0.971039        0.045085
Te        8.09481        9.83879        5.47830        2        0.016483        1.153648        2.229128
Te        11.21718        0.52915        5.98964        2        1.215739        -0.946227        0.277056
Te        8.55574        9.75838        2.10623        2        -0.784636        0.814241        0.701477
Te        11.55894        8.01901        2.54694        2        0.577344        0.277446        0.158032
Te        15.03158        2.43541        5.64407        2        -0.520325        -1.155315        1.081406
Te        18.42521        3.93003        5.49177        2        -1.006389        -1.461228        1.680664
Te        14.89467        1.89662        2.43983        2        -0.277367        0.339482        -0.373659
Te        18.23522        11.65875        2.59008        2        0.666725        -0.005779        -0.738523
Te        14.91263        5.78798        5.70388        2        0.268117        0.662186        -0.729337
Te        18.64023        7.41277        5.50631        2        -0.987044        0.463801        0.546563
Te        14.93161        6.03755        2.31250        2        -0.110248        0.087200        0.264229
Te        18.29971        3.59961        2.02850        2        0.041527        -0.179991        0.181550
Te        15.05430        9.91925        5.95728        2        -0.010026        -0.092354        0.001529
Te        18.61471        11.65500        5.89612        2        -0.392000        0.463099        -0.258769
Te        14.99765        9.98937        2.58712        2        -0.758189        0.225367        0.027490
Te        18.21719        8.02330        2.31803        2        0.090499        -0.717250        -0.248108
