54
Lattice="18.798270284 0.000008540 -0.000615361 -0.000005198 10.852719811 0.000045896 0.042448411 0.000094922 30.000000000" Properties=species:S:1:pos:R:3:tags:I:1:forces:R:3 energy=-321.26639225 stress= -6.84957 -6.27001 -2.77388 -1.98152 1.43558 0.05314 pbc="T T T"
Mo        2.41038        10.72770        4.02897        1        -0.777630        0.146848        -0.225940
Mo        5.53433        1.81075        4.03399        1        -0.432586        -0.347253        0.023796
Mo        2.27949        3.61558        3.86638        1        1.139544        0.162412        0.660448
Mo        5.62429        5.57118        3.90053        1        -0.321119        -1.351201        -0.790298
Mo        2.39128        7.12046        3.89174        1        -0.653467        0.318345        0.003393
Mo        5.47387        8.94721        3.98008        1        0.380580        0.980496        -0.533003
Mo        8.70856        0.01212        3.92411        1        -0.467020        0.456032        0.928838
Mo        11.82948        1.84776        3.93154        1        -0.600164        0.076328        0.314851
Mo        8.53143        3.78654        3.95349        1        1.034337        -0.375508        0.027766
Mo        11.84618        5.57109        3.83955        1        0.449672        0.047556        0.004802
Mo        8.60704        7.26071        3.85247        1        -0.101131        -0.034210        0.448308
Mo        11.68966        9.12567        3.89553        1        0.517679        0.022899        0.606331
Mo        14.91398        10.82022        3.95412        1        0.552391        -0.664137        0.727796
Mo        18.06908        1.80627        4.04079        1        -0.165101        -1.090142        -0.463106
Mo        14.91084        3.64248        3.99457        1        -0.432056        -0.011258        -0.682194
Mo        18.01049        5.34262        3.82232        1        0.112073        0.538936        0.549635
Mo        14.86828        7.14759        3.86788        1        0.536643        0.410852        -0.211210
Mo        18.09154        8.91732        3.83657        1        0.620122        0.777956        0.692386
Te        1.47182        1.81133        5.75622        2        -0.601915        -0.108526        -0.081327
Te        4.43864        3.76521        5.70008        2        -0.059329        -0.376728        -0.516541
Te        1.31064        1.65781        2.22638        2        0.088526        0.231467        -0.063019
Te        4.45601        10.84158        2.30583        2        0.292427        0.020216        -0.647555
Te        1.18750        5.49363        5.65279        2        0.516104        -0.974754        0.090966
Te        4.47327        7.15815        5.63760        2        -0.590359        0.173024        1.355646
Te        1.32363        5.31647        2.00469        2        -0.136641        0.224102        0.345913
Te        4.58894        3.62623        2.22866        2        -0.596429        0.022285        -0.018158
Te        1.38223        8.88135        5.81478        2        -0.312666        0.156661        -0.984581
Te        4.44839        10.68694        5.78284        2        0.380940        0.775490        0.258104
Te        1.43484        8.95287        2.08495        2        -0.272951        0.214033        0.528874
Te        4.40712        7.21338        2.16908        2        0.659807        0.162437        -1.047598
Te        7.59030        1.87469        5.73734        2        0.449422        -0.016134        0.046069
Te        10.76592        3.86839        5.72253        2        -0.255427        -0.762574        -0.836860
Te        7.62345        1.80270        2.22977        2        -0.207196        0.453982        -0.125446
Te        10.75476        0.05068        2.10361        2        -0.047509        0.409025        0.056733
Te        7.49830        5.61000        5.75846        2        0.970725        -0.436102        0.031743
Te        10.68186        7.23063        5.60903        2        -0.010319        0.681202        0.287225
Te        7.68179        5.45828        1.97608        2        -0.374889        0.218078        0.606226
Te        10.85327        3.71363        2.19031        2        -0.999768        -0.299398        0.015026
Te        7.53274        9.07840        5.79144        2        0.660036        -0.151202        -0.811584
Te        10.70087        0.16824        5.77467        2        0.287041        -0.614569        -0.402505
Te        7.57488        9.12601        2.18172        2        -0.231535        -0.277698        -0.239002
Te        10.68729        7.39969        2.04492        2        0.160419        -0.488451        0.295493
Te        13.85940        1.78346        5.72796        2        0.291481        0.220620        0.127917
Te        17.03573        3.62780        5.76042        2        -0.261363        0.034204        -0.115833
Te        13.92931        1.70693        2.19933        2        -0.205957        0.781181        -0.159890
Te        16.97316        10.81878        2.12516        2        0.420832        0.094429        0.723811
Te        13.88042        5.55180        5.74469        2        -0.278730        -0.770622        -0.279941
Te        16.97000        7.22528        5.63740        2        -0.034936        -0.514543        -0.270903
Te        13.84882        5.36228        1.88818        2        0.352494        0.197987        1.544133
Te        16.93952        3.49401        2.17718        2        0.188536        0.033042        -0.095729
Te        13.76707        9.03847        5.74919        2        0.262895        -0.172051        -0.787836
Te        17.12595        10.64299        5.74325        2        -0.510392        0.767883        -0.535016
Te        13.90937        8.98845        2.17600        2        -0.603386        0.387976        -0.099080
Te        17.07237        7.19688        2.08350        2        -0.789221        -0.366101        -0.318168
