54
Lattice="19.904050889 0.000008540 -0.000615361 -0.000005198 11.491115093 0.000045896 0.042448411 0.000094922 30.000000000" Properties=species:S:1:pos:R:3:tags:I:1:forces:R:3 energy=-313.82347745 stress= -17.86747 -17.22388 3.68686 0.00569 -0.62190 -0.45951 pbc="T T T"
Mo        2.47298        0.06812        3.65127        1        -0.245080        0.166030        0.730901
Mo        5.58115        1.75650        3.80335        1        1.339765        0.661593        0.867900
Mo        2.55747        3.99455        3.86512        1        1.027396        -1.031711        0.374433
Mo        5.75908        5.79678        4.10818        1        0.415908        -0.858048        -1.107926
Mo        2.51194        7.79503        3.92682        1        0.169955        -0.309884        -1.111472
Mo        5.85247        9.58980        3.73930        1        -0.004798        0.381527        0.679701
Mo        9.21020        0.06605        3.92947        1        -0.237611        -0.274025        0.469246
Mo        12.60385        1.85275        3.97891        1        0.329189        -0.440858        -0.887741
Mo        9.04775        3.71255        4.08062        1        0.424466        0.437675        0.370190
Mo        12.34593        5.62388        3.98938        1        -0.079605        0.230456        0.096928
Mo        9.15439        7.62987        4.20717        1        0.373770        0.930054        -0.090520
Mo        12.58228        9.50308        4.18434        1        -1.302066        -0.377571        -1.770819
Mo        15.82332        0.05342        3.80076        1        -0.005897        -0.347932        0.665249
Mo        19.17021        1.88921        3.88381        1        -0.542758        0.419210        0.670162
Mo        15.79054        3.88020        4.01766        1        0.533183        -0.103781        0.897275
Mo        19.17337        5.80467        3.84128        1        1.178292        -0.707694        0.734596
Mo        15.84217        7.56926        3.90413        1        -0.275324        0.125933        -1.019434
Mo        18.99860        9.66905        3.74678        1        -0.618049        -0.649719        0.665045
Te        1.60773        1.94405        5.53428        2        -0.669214        0.029026        -0.144586
Te        4.72040        3.61533        5.71953        2        -0.269606        0.692708        -0.785143
Te        1.36254        2.17267        2.18770        2        0.215260        -0.408653        -0.815596
Te        4.61337        11.45416        2.00997        2        0.421570        -0.239989        -0.454718
Te        1.62982        5.81163        5.62617        2        -0.908374        0.456201        0.071904
Te        4.71677        7.80855        5.59099        2        -0.084711        0.173013        0.360816
Te        1.57076        5.81316        2.15567        2        -0.549934        0.590683        -0.174122
Te        4.79586        3.87372        2.12550        2        -0.182456        0.161618        0.804762
Te        1.23664        9.75786        5.32032        2        0.494556        -0.039310        1.441915
Te        4.50266        11.28194        5.50929        2        0.434301        0.520709        -0.288991
Te        1.26293        9.67735        2.05205        2        0.326492        -0.397007        -0.368469
Te        4.77685        7.66691        2.18314        2        -0.186382        -0.380453        0.042250
Te        7.91217        1.92789        5.74242        2        -0.398808        -0.684945        -0.290653
Te        11.38282        3.56107        5.60707        2        -0.312173        0.807687        1.064655
Te        8.03116        1.88211        2.31890        2        -0.632594        0.171067        -0.598931
Te        11.40801        11.38129        2.32723        2        0.660923        0.070026        -0.284000
Te        7.91890        5.83249        5.83019        2        0.155178        -0.708105        0.424334
Te        11.49294        7.59936        5.91164        2        -0.485121        -0.280205        -0.318273
Te        8.17981        5.75140        2.53496        2        -0.983014        -0.013782        -0.880743
Te        11.19181        3.58410        2.31291        2        0.499941        0.585955        -0.247065
Te        8.06591        9.73375        5.59205        2        -0.571771        -0.203843        0.492208
Te        11.46001        11.46700        5.60514        2        -0.203223        0.281608        1.254542
Te        8.24471        9.55426        2.22819        2        -0.313057        -0.143069        0.241209
Te        11.22545        7.67589        2.48491        2        0.773697        -0.289055        -0.480899
Te        14.85419        1.92228        5.68445        2        -0.315054        -0.203237        -0.030119
Te        18.24249        3.89908        5.58922        2        -0.638091        -0.282736        0.163499
Te        14.89119        2.05737        2.21484        2        -0.998686        -0.326958        -0.300682
Te        17.96443        0.08026        2.13706        2        0.091723        0.177348        -0.633704
Te        14.54530        5.87033        5.63944        2        0.500339        -0.734822        0.581417
Te        17.98435        7.58967        5.56198        2        0.475144        0.495771        0.246827
Te        14.59627        5.62323        2.37186        2        -0.370800        0.486539        -1.145949
Te        17.88123        3.88094        2.24771        2        0.749813        -0.108653        -0.184669
Te        14.84810        9.51458        5.48022        2        0.672796        0.505636        1.540200
Te        17.93283        11.48675        5.65964        2        0.308557        0.097162        -0.755730
Te        14.51614        9.46793        2.17928        2        0.703904        0.155489        0.225617
Te        18.11225        7.54928        2.18668        2        -0.886560        0.707036        -1.007707
