54
Lattice="18.429676749 0.000008540 -0.000615361 -0.000005198 11.491115093 0.000045896 0.042448411 0.000094922 30.000000000" Properties=species:S:1:pos:R:3:tags:I:1:forces:R:3 energy=-315.73756234 stress= -6.79431 -14.82007 -5.68755 1.96847 0.13955 0.46456 pbc="T T T"
Mo        2.18279        11.49005        3.93404        1        0.953462        0.324538        0.594353
Mo        5.47384        1.91758        4.33343        1        -0.242857        0.394862        -0.965780
Mo        2.46831        3.63919        3.89120        1        -1.643700        0.275598        1.413320
Mo        5.43989        5.68448        3.95474        1        1.212316        0.427181        -0.433047
Mo        2.27690        7.71640        3.61659        1        -0.410180        -0.652383        -0.395514
Mo        5.56297        9.66035        4.05214        1        -0.753663        -0.395458        -0.296112
Mo        8.69331        11.42761        3.98191        1        -0.201650        -0.142170        -0.492934
Mo        11.46463        1.91318        4.17815        1        0.223202        0.236689        -0.830935
Mo        8.54681        3.86386        4.18791        1        -1.358294        -0.162852        -0.523263
Mo        11.33582        5.84398        4.04898        1        0.895371        -0.645042        -0.843567
Mo        8.49262        7.84218        3.83641        1        0.116244        0.238528        0.868053
Mo        11.52440        9.58765        3.90564        1        0.848586        1.495946        -2.996467
Mo        14.42493        0.10961        3.80228        1        1.358811        0.369645        0.133088
Mo        17.62540        1.98519        4.07379        1        -0.257931        -0.734900        -0.346757
Mo        14.39737        3.77115        4.11662        1        1.122479        -0.087959        -0.255010
Mo        17.58732        5.68670        3.74884        1        0.039809        -0.047200        -0.318547
Mo        14.65931        7.46407        3.58656        1        0.575894        -0.002917        0.363165
Mo        17.49299        9.52080        3.64528        1        0.438987        0.209856        0.287231
Te        1.23784        1.79739        5.86514        2        0.429896        0.429823        -0.909272
Te        4.45930        3.94702        5.90456        2        -0.332951        -0.333176        -0.481045
Te        1.18406        1.82668        2.10722        2        0.469489        0.421614        0.968671
Te        4.60956        0.16458        2.49124        2        -1.121394        -0.177143        -0.426512
Te        1.23620        5.76584        5.42419        2        0.836422        -0.217487        -0.036570
Te        4.31408        7.59254        5.37155        2        -0.086559        0.751049        1.522088
Te        1.39292        5.42750        2.02212        2        -0.120636        0.615810        0.553476
Te        4.52442        3.79574        2.31854        2        0.747551        -0.889520        -0.586474
Te        1.18456        9.42841        5.43733        2        -0.221231        0.185058        0.094232
Te        4.29736        11.31918        5.94573        2        0.047288        0.503684        -0.862703
Te        1.27857        9.82763        1.99665        2        -0.121228        -0.840522        -0.061452
Te        4.51925        7.73245        2.03303        2        0.143799        -0.059610        0.742800
Te        7.71505        1.63919        5.78109        2        -0.334274        1.222879        0.826023
Te        10.47670        3.71151        5.94656        2        0.645088        1.079331        0.319453
Te        7.50678        2.01172        2.42682        2        0.039445        -0.455090        0.352209
Te        10.73935        0.30987        2.16338        2        -0.962007        -1.556151        0.289194
Te        7.58146        5.82406        5.85400        2        -0.431276        0.587859        -1.194021
Te        10.60278        7.97260        5.59651        2        -1.135450        -1.952866        1.538853
Te        7.64907        5.88523        2.13417        2        -0.731508        -0.726905        1.123885
Te        10.38660        3.83206        2.33447        2        0.460408        0.078342        0.186821
Te        7.60348        9.73288        5.87850        2        -0.236545        -0.915369        -0.919705
Te        10.71025        11.29663        5.92207        2        -0.249871        0.630397        -0.895830
Te        7.41106        9.77238        2.10491        2        0.985320        -0.236733        0.450867
Te        10.58297        7.70994        1.98914        2        -0.327100        0.127606        1.210185
Te        13.54678        1.79915        5.81903        2        0.412716        0.162912        0.256058
Te        16.60369        3.97987        5.79190        2        0.082295        -0.341333        -0.635684
Te        13.37729        2.18675        2.19081        2        0.156855        -1.255401        0.391031
Te        16.53547        0.26535        2.08369        2        0.093849        -0.585985        0.670169
Te        13.59829        5.87984        5.65118        2        -0.484001        0.066711        -0.063505
Te        16.63170        7.62554        5.50204        2        -0.047651        -0.159237        -0.830232
Te        13.37140        5.35059        2.18546        2        -0.018926        1.801712        0.184675
Te        16.47750        3.65934        2.21632        2        0.088985        0.587492        0.487280
Te        13.77447        9.50539        5.28758        2        -0.127686        -0.830609        1.437872
Te        16.57219        11.31686        5.73373        2        -0.058501        0.630163        -1.606138
Te        13.67132        9.51909        2.06890        2        -0.517937        0.204611        -0.379749
Te        16.86711        7.46157        1.70583        2        -0.915964        0.331701        1.290672
