54
Lattice="19.174335959 0.000456436 -0.025753600 -0.000245188 11.952133320 0.000007040 0.013560858 0.000001769 30.000000000" Properties=species:S:1:pos:R:3:tags:I:1:forces:R:3 energy=-314.14853021 stress= -8.94570 -15.51989 -1.44550 1.05201 0.54424 -1.55197 pbc="T T T"
Mo        2.00470        11.65066        3.97456        1        1.013311        0.545508        1.061926
Mo        4.11418        2.01433        4.64829        1        -0.535094        0.213087        -0.602504
Mo        2.48945        4.23591        3.81699        1        0.021938        0.018937        0.004039
Mo        4.48234        6.35283        4.27440        1        -0.157890        -0.095946        -0.162298
Mo        2.11936        8.20758        4.01278        1        0.313014        -0.180278        -0.498718
Mo        4.52052        9.75576        4.06911        1        -0.659862        0.262359        1.468949
Mo        8.24463        0.60962        4.01264        1        1.486755        0.347219        0.366648
Mo        10.76315        2.26576        3.93242        1        -0.395306        -0.290230        -0.493858
Mo        8.45765        4.10526        3.90044        1        -0.266589        -0.188796        0.008150
Mo        10.80543        5.79521        3.87557        1        0.523366        -0.277647        -0.696257
Mo        8.66804        7.85359        3.67430        1        -0.299937        -0.812357        -0.604150
Mo        11.17939        9.41137        3.69838        1        -0.922817        1.190485        0.421949
Mo        14.93357        0.20089        3.68304        1        -0.179794        -0.164430        -1.245985
Mo        17.26312        2.25211        3.86499        1        0.926023        -0.120302        0.616342
Mo        15.04908        3.90933        3.48296        1        -0.184318        -0.402461        0.022376
Mo        17.44228        5.69103        3.81664        1        -1.060859        -0.404290        -0.213798
Mo        15.23819        7.51910        3.43534        1        -0.592812        -0.406671        0.576293
Mo        16.92221        9.96884        4.26448        1        -0.334683        -0.712901        -1.170477
Te        1.06011        2.14495        5.21917        2        -0.199537        -0.177250        -0.101804
Te        3.74915        4.22772        6.22751        2        0.213556        0.591384        -0.547995
Te        5.69534        0.28933        3.23747        2        -0.442645        -0.563362        -0.722712
Te        2.67930        1.84905        2.29521        2        0.577125        0.036156        0.197429
Te        0.70924        5.93524        5.18726        2        0.440423        0.025819        0.102725
Te        3.69706        8.08296        6.17584        2        0.592970        0.225841        -0.302989
Te        5.60443        4.04687        2.97880        2        -0.381251        -0.118407        0.028262
Te        2.87560        6.38951        2.05356        2        0.008771        -0.209376        0.400978
Te        0.38477        9.93549        5.34527        2        0.013747        0.216968        0.486799
Te        3.66106        11.71586        6.21302        2        0.109947        -0.300664        -0.913969
Te        6.06092        7.95408        2.48545        2        -0.440877        -0.019512        0.567914
Te        2.78273        10.02711        2.04680        2        0.072030        -0.443318        -0.426885
Te        6.98269        2.41145        5.57161        2        -0.469696        -0.881551        0.084836
Te        10.23463        4.04046        5.88352        2        0.435433        0.078581        0.148411
Te        12.28934        11.93666        2.71582        2        -0.193514        0.039891        0.101637
Te        8.78663        2.25872        1.93072        2        0.365867        -0.386715        0.536713
Te        7.10573        6.01467        5.43426        2        -0.162725        1.068687        -0.332195
Te        10.40273        7.78068        5.63870        2        0.253915        0.036494        1.223173
Te        12.28170        3.79475        2.11684        2        -0.033901        0.310622        0.668066
Te        8.99930        5.76704        1.87075        2        0.062555        0.799218        -0.160699
Te        7.23650        10.01614        4.97429        2        -0.138927        -0.155320        0.132974
Te        10.46825        11.84086        5.50208        2        -0.529574        0.473277        -0.754402
Te        12.52707        7.74035        2.42918        2        0.698860        -1.340567        -1.055902
Te        9.08259        10.18509        2.23546        2        0.017804        -0.298340        0.247477
Te        13.35599        2.12059        4.96105        2        0.328903        0.008374        0.441199
Te        16.54908        4.03202        5.79337        2        0.196969        -0.172548        -0.518360
Te        18.63819        11.79137        2.84965        2        -0.535003        0.569762        0.048871
Te        15.80746        1.86891        1.69775        2        -0.605391        0.104378        0.025068
Te        13.47672        5.78396        4.91929        2        0.305020        0.061275        0.030259
Te        16.66488        7.55539        5.72449        2        -0.086027        0.330009        -0.245203
Te        19.12817        4.00805        2.44648        2        -0.262517        -0.064926        0.171935
Te        15.76444        5.61965        1.52497        2        0.391374        0.367117        0.317074
Te        13.93139        9.63184        4.80530        2        0.089367        0.475244        0.749121
Te        16.53638        0.26135        5.75262        2        0.330707        0.512441        0.500520
Te        18.67794        8.09740        2.89374        2        -0.499035        -0.287716        -0.437379
Te        15.42547        9.79187        1.87705        2        0.807807        0.591565        0.435634
