54
Lattice="19.535457354 0.000008540 -0.000615361 -0.000005198 10.639921383 0.000045896 0.042448411 0.000094922 30.000000000" Properties=species:S:1:pos:R:3:tags:I:1:forces:R:3 energy=-317.33401046 stress= -13.00243 -2.07886 -2.35023 4.66901 0.11264 0.71993 pbc="T T T"
Mo        2.65174        0.18640        4.04749        1        0.129109        0.662161        -1.645526
Mo        5.80646        1.98053        3.79628        1        -0.033460        -0.895191        1.043157
Mo        2.36778        3.86607        4.02347        1        1.610369        -0.774744        0.435911
Mo        5.81701        5.52405        4.07205        1        -0.616942        -0.585486        -1.235382
Mo        2.59106        7.13305        3.90535        1        0.555761        0.459455        0.085360
Mo        5.59271        8.90509        4.14723        1        0.598940        0.376078        -1.727846
Mo        8.82974        0.03404        3.86787        1        0.330625        0.184247        -0.439532
Mo        12.15873        1.65760        3.89950        1        0.250001        0.571923        0.251077
Mo        8.84925        3.49411        3.82760        1        0.801090        0.137766        1.348816
Mo        12.15526        5.23619        4.00134        1        1.039668        -0.006780        0.311107
Mo        8.90696        6.88816        3.90212        1        1.304825        0.395248        1.764237
Mo        12.18858        8.70557        3.96684        1        0.162475        -1.058365        0.182843
Mo        15.29961        10.33455        3.97621        1        1.277437        1.461120        -1.046959
Mo        18.85712        1.84987        3.75780        1        -0.652686        0.537471        1.263514
Mo        15.40942        3.26779        3.86376        1        1.361525        1.055968        0.002662
Mo        18.87649        5.23851        3.92741        1        -0.512288        0.732193        0.352893
Mo        15.48857        6.94077        3.90803        1        0.870008        0.709831        -0.056197
Mo        18.91384        8.92067        3.73472        1        0.471324        -0.287237        1.568746
Te        1.45308        1.90476        5.68032        2        -0.814078        0.083296        0.421411
Te        4.56244        3.59686        5.76783        2        0.425183        0.620092        -0.769397
Te        1.51171        2.22249        2.21819        2        -0.168111        -2.028337        -0.718491
Te        4.78836        0.25578        2.03253        2        -0.691769        -0.677163        1.043765
Te        1.36302        5.49727        5.80615        2        -0.183652        0.357620        0.144945
Te        4.75454        7.09930        5.93438        2        -0.862142        0.389185        -0.223679
Te        1.47091        5.47056        2.10123        2        -0.567032        0.515332        -0.176629
Te        4.52171        3.82545        2.28015        2        0.499214        0.345392        -0.002291
Te        1.51077        8.88367        5.61270        2        -0.392174        0.708635        0.207079
Te        4.75979        0.20097        5.71129        2        -0.298423        0.441762        0.583226
Te        1.60002        9.22462        2.15859        2        0.062349        -1.127704        -0.018727
Te        4.74826        7.36663        2.10456        2        -0.536247        -0.930864        0.851498
Te        7.76283        1.67115        5.72796        2        0.418103        0.936547        -0.496731
Te        11.17134        3.42367        5.77810        2        -0.608579        -0.171613        -0.765082
Te        7.94227        1.80972        1.99608        2        -0.589741        -0.179042        -0.188522
Te        11.05699        10.41239        2.20566        2        -0.093363        0.642523        -0.497167
Te        7.87323        5.12767        5.77613        2        0.215448        0.535233        -0.154582
Te        11.02334        6.90225        5.86286        2        0.197735        0.571349        -0.974418
Te        7.82524        5.38062        2.07627        2        -0.520492        -0.850247        -0.077594
Te        11.05153        3.60021        2.16591        2        0.216796        -0.959682        0.156390
Te        7.93674        8.86462        5.61347        2        -0.582496        -0.723443        1.009471
Te        10.89018        10.54824        5.51504        2        1.195281        -0.010441        1.409090
Te        7.72194        8.75606        2.41270        2        -0.227769        0.216916        -1.531804
Te        11.07855        6.90208        2.17386        2        0.035345        0.654306        0.210552
Te        14.54033        1.64615        5.78513        2        -1.235776        -0.856286        -0.515383
Te        17.70583        3.48950        5.77669        2        -0.079942        -0.293081        -1.464000
Te        14.17456        1.57241        2.07417        2        0.641838        -0.226862        0.653337
Te        17.83201        0.03003        2.06153        2        -1.067367        -0.018133        -0.298337
Te        14.51137        5.12911        5.70426        2        -0.664688        -0.199465        -0.497221
Te        17.69736        7.14789        5.66847        2        0.403077        -0.331038        -0.821210
Te        14.44753        5.25392        2.20330        2        -1.062635        -0.960751        -0.387104
Te        17.58209        3.60278        2.01295        2        0.289934        -0.487027        0.871214
Te        14.48555        8.52681        5.77099        2        -1.125045        0.829703        0.046177
Te        17.73084        10.59614        5.47032        2        -0.296855        0.265853        0.222465
Te        14.31560        8.71252        2.02289        2        -0.021394        -0.353131        1.019576
Te        17.81493        7.07309        2.22574        2        -0.814183        -0.402881        -0.728499
