54
Lattice="18.429676749 0.000008540 -0.000615361 -0.000005198 12.767905659 0.000045896 0.042448411 0.000094922 30.000000000" Properties=species:S:1:pos:R:3:tags:I:1:forces:R:3 energy=-301.48110675 stress= -14.33578 -21.67516 -2.58741 -0.73404 1.17204 0.18065 pbc="T T T"
Mo        2.26012        12.41251        4.09146        1        0.578156        2.637783        1.294852
Mo        4.89615        1.98989        4.33829        1        0.642890        0.657159        -0.007433
Mo        1.72701        4.64072        3.72614        1        -0.488646        -1.157695        0.497084
Mo        5.16501        6.37874        3.88241        1        0.566078        -0.928662        0.488819
Mo        2.46897        8.79247        3.71866        1        0.043163        -0.696081        0.393093
Mo        5.61217        10.69244        4.36417        1        -3.078992        -0.741294        -0.602808
Mo        8.20655        0.21860        4.59708        1        0.913757        0.153426        -1.794177
Mo        11.41342        1.90980        4.12856        1        2.588359        2.542281        -0.761834
Mo        8.32927        4.15960        4.17397        1        -0.263382        0.728003        0.149489
Mo        11.63366        6.46364        3.82611        1        0.146051        -1.751426        1.144749
Mo        8.07367        8.21806        4.04284        1        0.314749        -0.266871        0.554709
Mo        11.38018        10.56224        3.89500        1        0.333414        -0.670167        -0.576605
Mo        14.64541        0.01466        3.96216        1        -0.072512        0.145262        -0.587622
Mo        17.94100        1.95346        3.74589        1        -1.241583        0.660286        0.050294
Mo        14.55726        4.32357        3.65161        1        -0.140566        0.461236        0.224746
Mo        17.75383        6.79327        3.43546        1        0.505294        -1.062190        -0.341003
Mo        14.63066        8.62956        3.52321        1        0.493905        0.792906        1.315662
Mo        17.91646        10.56948        3.71484        1        -0.757907        0.354827        -0.837623
Te        1.46512        1.95722        5.62351        2        0.096353        -0.501496        -0.435565
Te        3.53860        4.54248        5.58989        2        1.776168        -0.175432        0.558679
Te        1.33461        1.82818        2.00936        2        0.917761        0.003901        -0.213278
Te        4.53931        12.63830        2.73935        2        0.537069        -0.027000        -0.889100
Te        1.13283        6.80839        5.42858        2        0.882967        0.642844        -0.746748
Te        4.47196        8.38137        5.59871        2        -0.266708        0.560690        0.385265
Te        1.89218        6.47701        1.90555        2        -1.423011        1.784798        -0.023452
Te        4.16152        3.95817        2.28250        2        -0.217852        0.155614        0.822445
Te        1.41128        10.49398        5.66583        2        -0.455026        -0.869416        0.234665
Te        4.24937        12.50593        6.16500        2        0.077256        0.293663        -1.013034
Te        1.63436        10.93818        2.12762        2        -0.560443        -1.857411        -1.701454
Te        4.86245        8.68168        2.35360        2        -0.268672        0.562875        -0.012735
Te        6.99758        2.29566        6.04898        2        0.448720        0.120207        -0.342731
Te        10.62203        4.10161        5.64875        2        0.033913        0.464526        -0.235459
Te        7.25004        2.28467        2.64690        2        -0.663230        -1.175076        0.176512
Te        10.58042        0.03566        2.39273        2        -1.192792        -0.642364        -0.345382
Te        7.25805        6.21144        5.93615        2        -0.409354        -0.204580        -1.510731
Te        10.29494        8.00680        5.74654        2        0.369393        0.683628        -0.733098
Te        7.29034        6.21607        2.16400        2        0.258548        -0.345821        1.203284
Te        10.55433        3.72736        2.22870        2        -1.018154        1.332597        0.604714
Te        7.51680        10.80650        5.98813        2        1.348841        -0.453528        2.041769
Te        10.77905        12.65500        5.48759        2        -1.170855        -0.958661        2.764262
Te        7.69461        10.74633        2.84690        2        0.648448        0.370636        -1.569341
Te        10.29456        8.23693        2.41953        2        -0.181409        1.068603        -0.629672
Te        13.87398        2.41905        5.53365        2        -0.177750        -0.721061        -0.440337
Te        17.64260        4.42798        5.36792        2        -0.692254        -0.298477        -1.337048
Te        13.35293        2.24031        2.07011        2        0.767163        -0.259310        1.142036
Te        16.60997        12.66270        1.95662        2        0.361450        0.149805        1.210907
Te        13.88118        6.70034        5.50494        2        -0.441768        -0.656549        -1.160674
Te        16.79009        8.58452        5.23685        2        -0.392081        0.240598        -0.078264
Te        13.66795        6.74084        1.96604        2        -0.455492        -1.336929        0.024835
Te        16.63647        4.08674        2.00286        2        0.568774        0.371516        0.402738
Te        13.56502        10.65890        5.52184        2        0.607671        -0.249963        -0.308667
Te        17.09916        12.67270        5.34907        2        -1.062541        -0.275416        0.344659
Te        13.52495        10.76918        2.16591        2        -0.163054        0.235487        -0.011689
Te        16.71381        8.71400        1.62150        2        0.372090        0.104783        1.190451
