54
Lattice="18.798270284 0.000008540 -0.000615361 -0.000005198 10.852719811 0.000045896 0.042448411 0.000094922 30.000000000" Properties=species:S:1:pos:R:3:tags:I:1:forces:R:3 energy=-320.99810948 stress= -6.40696 -5.85623 -1.15961 1.62463 -0.24628 0.19887 pbc="T T T"
Mo        2.42144        10.79618        3.88967        1        -0.224004        0.690497        0.308410
Mo        5.56410        1.75803        3.95332        1        -0.326524        -0.412862        0.608393
Mo        2.33491        3.66422        3.90688        1        -0.250690        -0.512095        -0.096139
Mo        5.58648        5.38399        4.00017        1        0.480492        0.400893        0.249471
Mo        2.28057        7.16335        4.05089        1        0.386057        0.001102        -0.488175
Mo        5.48837        9.04010        3.99149        1        -0.296773        0.480360        0.243879
Mo        8.75133        0.05519        3.88875        1        -0.292166        -0.066324        -0.287157
Mo        11.78319        1.72613        3.84182        1        -0.441897        0.326898        0.109026
Mo        8.64995        3.71550        3.90297        1        -0.867365        -0.954767        -0.202610
Mo        11.86845        5.33719        3.89974        1        0.719757        0.934331        1.010489
Mo        8.49541        7.17947        4.00937        1        1.164263        0.366301        -0.011336
Mo        11.71702        9.26865        3.87373        1        0.224260        -1.404068        -0.552468
Mo        15.02210        0.07729        3.84907        1        0.368778        0.348328        0.106128
Mo        17.98367        1.74207        3.86866        1        0.646034        0.161225        -0.219120
Mo        14.82418        3.71252        3.86685        1        1.027871        -0.413693        1.413794
Mo        18.10486        5.31275        3.88905        1        -0.274833        0.625925        0.631246
Mo        14.77623        7.11110        4.06588        1        0.238825        0.402210        -0.848778
Mo        18.13482        9.14564        3.90030        1        -0.698698        0.107895        -0.244249
Te        1.30331        1.76891        5.62465        2        0.076881        0.143735        -0.091218
Te        4.45648        3.55887        5.67436        2        -0.031232        0.139606        0.501779
Te        1.29315        1.75679        2.07218        2        0.434700        0.298214        0.571011
Te        4.51166        10.83693        2.16558        2        0.149543        -0.206886        -0.206407
Te        1.26534        5.26978        5.80473        2        0.184267        0.559933        -0.199811
Te        4.46987        7.23311        5.84421        2        -0.106801        -0.331855        -0.705382
Te        1.27923        5.48048        2.08339        2        0.474114        -0.194008        0.204213
Te        4.51745        3.60556        2.32940        2        -0.278177        0.082487        -1.426394
Te        1.34389        9.06940        5.73337        2        0.003670        -0.084962        0.171614
Te        4.36029        0.03155        5.77425        2        0.714455        -0.255210        -0.228107
Te        1.41102        9.06788        2.14898        2        -0.187390        -0.837981        -0.178926
Te        4.43912        7.14295        2.30719        2        -0.043200        0.345994        -0.191963
Te        7.72455        1.70751        5.69174        2        -0.511778        1.040284        -0.021732
Te        10.66817        3.61172        5.65953        2        0.976010        -0.321981        0.075647
Te        7.50510        1.94677        2.07414        2        0.844229        -0.555866        0.517064
Te        10.65375        10.84387        1.91550        2        0.455639        0.447238        0.564515
Te        7.65754        5.31445        5.76720        2        -0.463030        0.590654        0.650830
Te        10.79180        7.29669        5.60818        2        -0.328991        -0.222712        -0.058146
Te        7.69171        5.47805        2.02514        2        -0.791362        -0.008854        0.748036
Te        10.70917        3.65696        2.21948        2        0.316188        -0.488369        -1.133790
Te        7.54090        9.15542        5.76722        2        0.483795        -0.459948        -0.306232
Te        10.74774        0.02941        5.71713        2        -0.072896        0.361131        0.313536
Te        7.65576        9.06102        2.27731        2        -0.768666        -0.173072        -0.636534
Te        10.68195        7.22271        2.23308        2        0.107036        0.151413        0.207037
Te        13.87330        1.70562        5.66007        2        -0.089686        0.917267        -0.360553
Te        16.99850        3.57861        5.69226        2        -0.355766        -0.085834        -0.438050
Te        13.91458        2.00566        2.04031        2        -0.376823        -1.289438        0.298235
Te        17.03087        0.03326        1.92681        2        0.031961        -0.372378        0.863346
Te        13.94610        5.35907        5.97906        2        -0.697211        -0.062734        -1.300593
Te        17.09742        7.23077        5.65560        2        -0.379789        -0.055337        -0.158167
Te        13.87883        5.34867        1.98019        2        -0.279787        1.056309        0.841259
Te        17.04560        3.54473        2.14708        2        -0.662183        0.555937        -0.393300
Te        13.81654        9.14057        5.61703        2        0.306942        -0.028882        0.442062
Te        17.09863        0.06160        5.68436        2        -0.729238        -0.628465        0.332104
Te        13.93076        9.12420        2.25733        2        -0.537932        -0.772243        -0.718951
Te        16.87183        7.26186        2.31230        2        0.550481        -0.340808        -0.337966
