54
Lattice="18.429676749 0.000008540 -0.000615361 -0.000005198 12.767905659 0.000045896 0.042448411 0.000094922 30.000000000" Properties=species:S:1:pos:R:3:tags:I:1:forces:R:3 energy=-302.93502097 stress= -13.26959 -23.64990 -1.98279 -1.32856 0.66663 0.00665 pbc="T T T"
Mo        2.48679        12.54246        4.05955        1        -0.121785        1.313648        -0.442705
Mo        5.20616        2.21096        3.50308        1        0.645082        -0.993721        0.416878
Mo        1.97143        4.39281        3.93587        1        0.428880        -0.482801        0.467597
Mo        5.33065        6.20637        3.56044        1        -0.497658        0.652053        0.536513
Mo        2.26968        8.81104        4.11701        1        0.876563        -1.113448        -0.789477
Mo        5.67806        10.76085        3.82181        1        -0.732408        -0.586215        -0.988936
Mo        8.63646        0.04006        3.75482        1        0.861769        0.217811        -1.737378
Mo        11.57849        2.30440        3.96034        1        -0.702392        0.559536        -1.845466
Mo        8.50063        4.18124        3.78393        1        -0.435617        0.304313        -0.976921
Mo        11.66814        6.05736        3.59652        1        -0.378397        0.507110        1.560007
Mo        8.23714        8.24360        3.46521        1        0.377796        0.082380        0.218834
Mo        11.29626        10.47453        3.86903        1        -0.498894        0.108288        -0.788259
Mo        14.11071        0.05560        4.17670        1        0.825745        0.502605        -0.018853
Mo        17.78775        1.96246        4.33296        1        -1.607014        1.243457        -0.822173
Mo        14.82570        4.54594        4.13062        1        -0.793623        -3.143967        -0.348087
Mo        17.52392        6.72117        4.31497        1        0.612386        -1.255657        -0.431732
Mo        14.58555        8.35374        4.11604        1        -0.601289        1.043156        -1.098641
Mo        17.63710        10.82412        4.54985        1        -0.761690        0.100219        -2.263225
Te        1.23533        1.96801        6.05006        2        1.695295        -0.061877        -0.300015
Te        4.27078        4.38717        5.42838        2        0.088631        -0.516585        -0.715309
Te        1.22094        1.72663        2.39084        2        0.431602        0.596869        0.515344
Te        4.52718        12.46852        2.05238        2        -0.774005        1.151255        0.296116
Te        1.27564        6.68257        5.88238        2        0.626519        -0.166930        -0.400728
Te        4.99230        8.81311        5.47424        2        -1.446095        -1.399465        -0.264425
Te        1.11749        6.62868        2.52900        2        0.463870        0.350595        -0.250911
Te        3.96110        4.12929        1.94475        2        0.118722        0.694914        0.678111
Te        1.50248        10.72816        5.77116        2        0.425267        0.098291        2.111240
Te        4.81385        12.61002        5.52438        2        -0.680440        0.983811        0.094442
Te        1.09921        10.81787        2.48604        2        0.241305        -0.465889        -0.061282
Te        4.27136        8.64276        2.02912        2        0.156965        -0.055678        1.229052
Te        7.40657        1.96146        5.18339        2        -0.040460        1.121709        0.339414
Te        10.42015        4.36322        5.63285        2        0.662201        -0.250541        -0.549443
Te        7.62287        2.37090        1.74539        2        -0.763359        -0.599954        1.436389
Te        10.77909        12.62933        1.85986        2        -0.646343        0.433676        1.506221
Te        7.37953        6.24820        5.43349        2        -0.142459        -0.137423        -1.044758
Te        10.20000        8.18838        5.31500        2        0.955146        -0.287782        -0.166906
Te        7.38452        6.06689        1.82332        2        0.154350        0.161436        0.539786
Te        10.69256        4.05415        2.08719        2        -0.441545        0.262975        -0.389327
Te        7.96828        10.60155        5.15460        2        0.339652        0.072305        1.186777
Te        10.89145        0.34381        5.45640        2        -1.481655        -2.383457        0.443374
Te        7.55126        10.87835        1.97586        2        0.916010        -0.580307        -0.695659
Te        10.67733        8.09990        2.10275        2        -0.470902        0.821291        -0.383273
Te        13.33388        2.24999        5.85803        2        1.766467        0.648865        0.434058
Te        16.70382        4.05571        6.19267        2        -0.014750        0.472662        -1.094033
Te        13.74760        2.23019        2.35006        2        0.315773        0.288323        0.680922
Te        16.53152        0.09117        2.67905        2        -0.120243        -0.563995        0.291063
Te        13.63588        6.28264        5.53030        2        -0.955406        1.085614        1.409482
Te        16.59239        8.70887        5.90332        2        -0.347146        0.052355        1.262918
Te        13.88591        6.23701        2.04433        2        0.280635        0.422511        0.736323
Te        16.94816        4.39115        2.70036        2        1.214947        -0.253634        -0.400598
Te        13.21354        10.27859        5.63049        2        0.631469        0.281169        0.727221
Te        16.41599        0.20167        5.93138        2        -0.433447        -0.642765        0.392138
Te        13.53657        10.79986        2.36953        2        0.150164        -0.848528        -0.034888
Te        16.83674        8.76614        2.64568        2        -0.436618        0.162425        -0.233199
