54
Lattice="19.166863819 0.000008540 -0.000615361 -0.000005198 11.065518238 0.000045896 0.042448411 0.000094922 30.000000000" Properties=species:S:1:pos:R:3:tags:I:1:forces:R:3 energy=-315.62251886 stress= -7.58883 -9.60795 2.26844 2.21437 1.66398 0.17568 pbc="T T T"
Mo        2.32545        0.13387        3.74174        1        0.739585        -1.729777        0.679774
Mo        5.50211        1.72018        3.84707        1        -0.039665        -0.359498        -0.182110
Mo        2.30184        3.61517        3.89691        1        -0.657862        0.425112        -0.800622
Mo        5.87733        5.54315        4.30036        1        -1.468075        -1.655777        -0.069084
Mo        2.29718        7.20352        3.88225        1        1.348345        0.699157        2.066433
Mo        5.65913        8.92860        3.98351        1        0.329809        1.050923        0.259257
Mo        8.53309        10.97223        3.79164        1        0.913731        -0.191623        0.212765
Mo        12.01460        1.74953        4.06483        1        0.774164        1.369940        -1.638983
Mo        8.78193        3.52074        3.93581        1        0.587972        0.069321        -0.198794
Mo        12.09393        5.57297        3.88626        1        -0.540726        0.844014        0.899798
Mo        9.12579        7.41553        3.89853        1        -2.035217        -0.642009        0.694630
Mo        12.04566        9.33102        3.94970        1        -1.332945        -0.766750        -1.074988
Mo        15.35592        0.11989        3.88598        1        -2.519003        -0.035383        -1.170543
Mo        18.36189        1.69086        3.80381        1        -0.419267        1.139040        2.016770
Mo        15.47637        3.82043        3.97773        1        -3.866863        0.384330        -0.701780
Mo        18.35245        5.78534        3.90197        1        1.162755        0.394499        1.215761
Mo        15.33598        7.45769        3.98913        1        0.294813        1.073063        -0.924197
Mo        18.38121        9.40792        4.02206        1        -0.033918        -1.179848        -1.568517
Te        1.33317        1.74308        5.63216        2        -0.694423        0.362538        0.219017
Te        4.26598        3.57972        5.65131        2        1.885729        -0.212607        0.541705
Te        1.14023        1.93203        2.10992        2        1.142183        -0.409427        -1.418073
Te        4.52703        10.74150        2.19134        2        0.315542        0.616695        -0.376133
Te        1.32647        5.39506        5.67806        2        -0.544614        0.584153        0.120685
Te        4.45589        7.28179        5.85719        2        -0.035101        0.115729        0.015272
Te        1.28451        5.50270        2.13648        2        -0.079703        -0.175727        -0.599779
Te        4.60834        3.72775        2.23741        2        -0.064903        0.039061        0.580493
Te        1.33298        9.38459        5.60037        2        0.499778        -0.635023        0.187555
Te        4.45866        10.83006        5.58669        2        0.019923        0.706940        -0.196826
Te        1.47976        9.06555        2.16078        2        -0.767589        1.047270        -0.293870
Te        4.64773        7.03072        2.52615        2        -0.623181        0.249587        -2.245713
Te        7.51082        1.69500        5.59957        2        0.407871        0.238788        0.239952
Te        11.01470        3.63043        5.61784        2        -0.332303        0.313366        0.564160
Te        7.59318        1.66666        1.95005        2        -0.161273        0.723783        0.841717
Te        10.79850        0.15542        2.20734        2        0.309431        -0.676593        -0.018140
Te        8.16769        5.51564        5.81091        2        -0.416078        -0.120118        -0.387170
Te        11.07145        7.44287        5.77060        2        0.494499        -0.033782        -0.407221
Te        7.75843        5.49966        2.38554        2        0.628677        -0.065874        -0.578797
Te        11.07111        3.76737        2.16710        2        -0.524574        -1.014277        0.460706
Te        7.77713        9.07504        5.64633        2        0.115632        0.243737        0.070089
Te        10.70625        11.04578        5.60764        2        -0.028868        -0.109923        0.366564
Te        7.79864        8.95650        1.97427        2        -0.403366        0.443436        1.019087
Te        11.02705        7.42742        2.12208        2        1.050959        0.245396        -0.315233
Te        14.25856        2.02587        5.73297        2        0.117431        -0.679661        -0.388847
Te        17.39426        3.90005        5.66046        2        1.157375        -0.878690        0.950348
Te        14.16452        2.01804        2.15071        2        0.287455        -0.132490        0.854318
Te        17.22221        0.02831        1.92288        2        0.585903        0.151661        0.897597
Te        14.18126        5.66743        5.68943        2        0.290439        -0.547203        0.107154
Te        17.27944        7.44314        5.94326        2        0.563490        0.473829        -1.288320
Te        14.21018        5.78282        2.27232        2        0.759947        -1.129430        -0.903895
Te        17.49245        3.86627        2.36473        2        -0.305722        -0.674100        -2.399323
Te        14.09147        9.20282        5.58711        2        0.928917        1.139864        0.911043
Te        17.18265        11.01007        5.61193        2        1.099619        1.295576        2.388147
Te        14.10645        9.42629        2.14131        2        0.511937        -0.515256        0.422758
Te        17.58775        7.83373        2.08185        2        -1.429777        -1.861653        0.350116
