54
Lattice="20.324373841 0.000456147 -0.025753600 -0.000245476 10.309403738 0.000007040 0.013560576 0.000001770 30.000000000" Properties=species:S:1:pos:R:3:tags:I:1:forces:R:3 energy=-312.34981827 stress= -8.15278 1.64939 -0.11408 -2.30015 -0.49517 1.41267 pbc="T T T"
Mo        2.45089        0.26595        3.99044        1        0.199492        -0.615985        0.552922
Mo        4.98738        1.88319        3.54263        1        -1.856827        0.246352        1.285048
Mo        2.19070        3.52048        3.88603        1        0.482226        0.348149        1.149264
Mo        4.82892        5.15928        3.82740        1        0.242823        -0.447004        0.342540
Mo        2.27406        6.52697        4.06770        1        0.237568        0.135296        0.153494
Mo        4.82061        8.53530        3.88685        1        -0.805425        0.183482        -0.729132
Mo        8.98312        0.03420        3.52092        1        -0.129487        0.006233        0.777471
Mo        11.37801        1.41827        3.77565        1        -0.542613        1.316343        -1.212976
Mo        9.00260        3.64366        3.25564        1        0.973561        -0.015916        0.481997
Mo        11.40634        5.30272        3.40966        1        1.313490        -0.350385        -0.597657
Mo        9.02883        6.78178        3.28771        1        -0.585629        -1.084020        -0.070796
Mo        11.41105        8.78182        3.70092        1        0.153483        -0.909150        -0.455264
Mo        15.87470        10.06984        4.00031        1        0.953566        0.220898        1.531725
Mo        18.32750        2.08547        4.44850        1        -0.435821        -0.634590        -0.032455
Mo        15.60012        3.39776        4.09115        1        0.091660        0.203487        0.270029
Mo        18.21399        5.03389        4.59907        1        -0.656730        1.252764        -0.322942
Mo        15.81512        7.16536        4.16825        1        0.324965        -0.973312        0.286057
Mo        18.46101        8.17788        4.57366        1        -0.842651        0.304770        0.402994
Te        0.77242        2.04541        5.67205        2        0.098400        0.104141        0.591703
Te        4.10114        3.52477        5.85197        2        0.114538        -0.402738        -1.134233
Te        6.26799        10.10076        2.05965        2        0.392374        0.861618        0.248049
Te        2.70184        1.87756        1.87778        2        0.460025        -0.960707        -0.509915
Te        0.41885        5.28116        5.63318        2        1.291106        -0.851212        0.783425
Te        4.31525        6.81935        5.85503        2        -0.109654        0.216241        0.616322
Te        6.47988        3.37760        2.01120        2        0.170473        1.026812        -0.316860
Te        3.03688        5.05663        1.92510        2        -0.305823        0.908087        -0.840013
Te        1.21265        8.49446        5.99935        2        -0.178232        0.103408        -1.041961
Te        4.58795        0.32284        5.64532        2        -0.707137        -1.333000        0.646413
Te        6.35562        6.68720        2.11891        2        0.029279        0.117514        0.205122
Te        2.76851        8.42159        2.17209        2        -0.210571        0.957391        0.120081
Te        7.22223        2.01755        5.21365        2        1.235973        -0.422688        -1.201664
Te        10.75201        3.70216        5.30158        2        -0.365662        -1.998195        0.937191
Te        13.41267        10.15130        2.74098        2        0.331415        0.455928        -1.259984
Te        9.70395        1.74185        1.54285        2        0.357450        -0.498780        -0.028643
Te        7.66821        5.06088        5.26864        2        -0.983797        0.346551        -0.828849
Te        10.66558        6.90530        5.30651        2        -0.092858        -0.245493        2.055778
Te        13.23378        3.06771        1.85974        2        -0.216690        0.532322        1.312433
Te        10.06165        5.24225        1.16628        2        -1.233574        -0.180223        0.534730
Te        7.37883        8.52024        4.74561        2        0.261050        -0.028300        0.983897
Te        10.56846        10.02585        5.84625        2        -0.496412        1.747552        -0.503191
Te        13.36633        6.90713        2.42030        2        0.413752        0.467453        -0.599676
Te        9.68358        8.62349        1.60308        2        0.489605        0.779254        -1.174073
Te        13.71272        1.79238        5.05195        2        0.837585        -0.695838        1.263239
Te        17.06437        3.40213        6.38153        2        -0.113132        -0.190121        0.217445
Te        20.06382        0.02302        3.88367        2        -0.898172        -0.416036        -1.198192
Te        16.67602        1.83166        2.33068        2        0.581589        -1.198810        -0.752368
Te        13.75421        5.22632        5.09762        2        0.226672        -0.014499        0.262730
Te        17.23456        6.82832        6.60214        2        0.008270        -0.077218        -1.380206
Te        19.78815        3.71886        2.66526        2        0.146771        -1.674750        0.328946
Te        16.70117        5.18298        2.44744        2        -0.536064        0.153547        -0.722215
Te        14.02890        8.53013        5.61499        2        -0.126338        0.726220        -0.321789
Te        17.53419        10.24229        6.30237        2        -0.330770        0.264599        -1.431295
Te        19.87305        6.64922        2.89232        2        0.914191        0.965470        -0.351472
Te        17.17223        8.37208        2.19683        2        -0.589011        1.272208        0.696075
