54
Lattice="19.174335959 0.000456436 -0.025753600 -0.000245188 11.539990792 0.000007040 0.013560858 0.000001769 30.000000000" Properties=species:S:1:pos:R:3:tags:I:1:forces:R:3 energy=-316.55005003 stress= -4.89187 -14.32842 -0.19213 1.79874 0.04372 -0.39084 pbc="T T T"
Mo        2.15995        0.36108        3.83595        1        0.300112        -0.939585        -0.435848
Mo        4.40345        2.08749        4.05464        1        0.142658        -0.612245        0.031951
Mo        2.20300        3.97345        3.91259        1        -0.420515        -0.720985        0.304232
Mo        4.45874        5.60248        4.13534        1        0.241604        -0.141663        -0.431038
Mo        2.19056        7.40447        3.91156        1        -0.840024        0.347822        -0.930692
Mo        4.45711        9.73955        4.01138        1        0.439188        0.769544        -0.179680
Mo        8.60484        0.33731        3.63550        1        -0.631361        0.343303        0.112954
Mo        10.81062        1.81351        3.93326        1        0.692092        0.991565        0.156868
Mo        8.56722        3.72203        3.60683        1        0.050103        0.126087        1.259303
Mo        10.75922        5.43633        3.94084        1        0.874791        0.192547        1.221157
Mo        8.48071        7.42535        3.69892        1        0.256452        -0.178720        0.289502
Mo        10.79629        9.89454        3.92895        1        0.138845        -0.328905        0.476150
Mo        14.91031        0.24515        3.84684        1        -0.331750        0.015227        -0.383177
Mo        17.31345        1.98493        4.06816        1        -0.511956        -0.053923        0.104966
Mo        14.99911        3.72064        3.95342        1        -0.273872        0.253901        0.444219
Mo        17.23099        5.56982        4.19937        1        -0.093378        -0.103263        -0.446397
Mo        15.02596        7.48903        3.73541        1        -0.430593        -0.237994        0.146263
Mo        17.19483        9.81060        4.01388        1        0.603326        0.376733        0.422062
Te        0.61176        1.83165        5.41912        2        -0.097550        0.757286        0.224085
Te        4.03479        3.82102        6.06030        2        -0.655613        -0.002795        0.241023
Te        5.90185        0.22831        2.51233        2        0.004270        -0.361042        0.093734
Te        2.67255        2.08061        1.88124        2        0.204674        0.388308        0.388623
Te        0.58122        5.75139        5.48323        2        0.525254        -0.118328        -0.043435
Te        3.87958        7.81944        5.82661        2        0.719066        -0.727065        0.701152
Te        5.94977        3.70821        2.49031        2        0.199122        0.860109        -0.209186
Te        2.84076        5.73915        1.98748        2        -0.050387        -0.209513        -0.546600
Te        0.74364        9.58553        4.76836        2        -0.370202        0.610641        0.167283
Te        3.87337        0.00184        5.93338        2        -0.000369        0.487631        -0.225932
Te        5.81458        7.57714        2.62490        2        0.336996        0.074766        0.427116
Te        2.72152        9.67612        2.05113        2        -0.140485        -0.202139        0.308451
Te        7.03752        1.92966        5.25428        2        -0.144124        0.298827        0.041244
Te        10.23312        3.53944        5.91894        2        -0.413115        1.000024        -0.841753
Te        12.45452        0.03564        2.54755        2        -0.156164        -0.009238        -0.292457
Te        9.36237        2.06394        1.63820        2        -0.238995        -0.416870        0.164880
Te        7.05836        5.66335        5.33961        2        0.038761        0.070575        -0.460154
Te        10.23163        7.57203        5.75305        2        -0.095315        0.191057        -0.815642
Te        12.47738        3.83994        2.55320        2        0.243068        -0.426348        -0.141458
Te        9.20830        5.70208        1.79545        2        -0.171616        -0.058734        -0.497627
Te        7.26857        9.72519        4.75209        2        -0.986612        -0.332389        0.139235
Te        10.15618        0.07987        5.88794        2        -0.000502        -0.427166        -0.056728
Te        12.28831        7.69408        2.89450        2        -0.028069        -0.374527        0.164385
Te        8.91268        9.71341        2.05491        2        0.570319        -0.517272        -0.552660
Te        13.29791        1.82977        5.52089        2        0.315422        0.205756        -0.600609
Te        16.80605        3.84390        6.10426        2        -0.644208        -0.877509        0.160958
Te        18.84370        0.15083        2.39266        2        -0.654094        0.108175        0.706069
Te        15.60579        2.02781        1.96332        2        0.015527        -0.294877        -0.303664
Te        13.43331        5.67690        5.33591        2        -0.073592        -0.107910        -0.328513
Te        16.65332        7.67119        5.80067        2        0.135159        0.635260        0.209210
Te        18.73572        4.04443        2.58956        2        0.999635        -0.946234        -0.289559
Te        15.76870        5.55435        2.00159        2        -0.705150        0.135789        -0.417776
Te        13.51762        9.49278        5.21997        2        -0.103485        0.680812        -0.529960
Te        16.39700        0.04380        5.92035        2        1.190163        0.091604        0.780650
Te        18.58413        7.61316        2.64099        2        0.178346        0.061495        0.540946
Te        15.44596        9.73236        2.09306        2        -0.146485        -0.341018        -0.464416
