54
Lattice="18.429676749 0.000008540 -0.000615361 -0.000005198 10.639921383 0.000045896 0.042448411 0.000094922 30.000000000" Properties=species:S:1:pos:R:3:tags:I:1:forces:R:3 energy=-316.60480941 stress= 4.89345 2.59486 1.43636 2.93447 -1.48245 -0.76739 pbc="T T T"
Mo        2.20619        0.13028        3.97466        1        -1.293115        -0.331643        2.464430
Mo        5.45071        1.81393        4.49630        1        -0.517890        -0.359378        -3.079591
Mo        2.42200        3.40950        4.28221        1        -0.027505        1.161946        -1.014188
Mo        5.37351        5.31215        4.00419        1        0.785216        0.089036        0.177499
Mo        2.46877        7.27322        4.13978        1        -0.806714        -0.918613        -1.243388
Mo        5.38415        8.79041        4.31712        1        0.394562        -0.701191        -2.584763
Mo        8.38890        10.58636        3.88652        1        1.280846        0.293535        1.430649
Mo        11.43429        1.85650        3.73469        1        0.981675        -1.205427        -0.141422
Mo        8.64953        3.48051        3.99580        1        -0.648147        -0.235613        -1.740857
Mo        11.49917        5.39028        3.43281        1        -0.102228        0.863844        4.302188
Mo        8.56089        7.14991        3.89432        1        -2.279915        -0.411569        -1.985623
Mo        11.60999        9.02024        3.64745        1        0.118324        -0.004154        -0.927461
Mo        14.66912        0.12420        3.58395        1        -2.940309        -1.311884        2.244349
Mo        17.84836        1.68942        4.11351        1        0.007925        0.488300        0.175043
Mo        14.36845        3.44909        3.68128        1        1.469540        0.018841        1.966245
Mo        17.59305        5.40172        4.08879        1        0.410393        -0.112180        -2.210904
Mo        14.74853        7.03289        3.72181        1        -0.702250        -1.392310        -0.858435
Mo        17.52306        8.72256        3.79295        1        0.512244        -0.138337        -0.039995
Te        1.34075        1.78213        6.16747        2        -0.282451        -0.332233        -1.062691
Te        4.56582        3.73609        6.05375        2        -0.686129        -0.822655        0.512221
Te        1.35667        1.94959        2.18032        2        0.090474        -0.213414        0.603842
Te        4.31395        10.52819        2.51587        2        1.237820        1.155547        -0.427504
Te        1.22405        5.42995        5.86189        2        0.487013        -0.277112        -0.030480
Te        4.41249        6.83929        5.87407        2        0.021895        1.671429        1.691028
Te        1.47184        5.42020        2.42447        2        -0.376102        -0.619295        0.625183
Te        4.43535        3.52861        2.29344        2        -0.553713        -0.802163        1.020650
Te        1.04154        8.82446        5.72205        2        0.302946        1.049526        0.288523
Te        4.16191        10.53353        5.91370        2        0.321096        0.351159        0.922269
Te        1.29765        8.96367        2.21315        2        0.238980        -0.471904        -0.322804
Te        4.45724        7.22983        2.19819        2        -0.204330        -0.374977        0.870855
Te        7.74614        1.68259        5.87979        2        -0.275201        0.218148        0.466496
Te        10.72448        3.74210        5.55099        2        0.576720        -0.412365        0.320407
Te        7.20995        1.81851        2.40256        2        0.248671        -0.092896        -0.476210
Te        10.22310        0.13207        1.85153        2        0.846898        -0.180728        0.926811
Te        7.84919        5.21875        5.78404        2        -1.489711        1.051004        -0.179285
Te        10.60831        7.26503        5.32330        2        1.712885        -0.858584        1.806054
Te        7.34238        5.25133        2.22284        2        1.175189        0.187180        -0.016448
Te        10.56983        3.56379        1.88647        2        -1.693692        -0.456115        -0.845415
Te        7.55756        8.72445        5.79636        2        0.281093        0.725995        0.764225
Te        10.66229        10.59138        5.62545        2        -0.781955        0.524092        -0.643389
Te        7.32473        8.95898        2.15204        2        -0.543349        -1.021246        0.284189
Te        10.43397        7.28025        1.88399        2        -0.125854        0.050119        -0.606163
Te        13.47931        1.57057        5.51303        2        0.221370        1.134882        -0.076970
Te        16.74244        3.52989        5.81641        2        -1.244762        -0.275578        -0.330809
Te        13.50648        1.76689        1.78141        2        -0.399498        -0.005083        0.077105
Te        16.76194        0.09520        2.27258        2        1.948002        0.150577        -3.237023
Te        13.60168        5.31824        5.59341        2        -0.417980        -0.105739        -1.197467
Te        16.45053        7.21793        5.67108        2        0.970680        -1.172380        1.356653
Te        13.51420        5.27354        1.93006        2        1.725728        0.367945        -1.631974
Te        16.70048        3.41366        2.29190        2        0.136006        0.698023        0.044426
Te        13.66636        8.70150        5.47627        2        -0.817539        1.439037        -0.519875
Te        16.39222        10.43988        5.54619        2        1.325749        1.192354        1.209413
Te        13.84033        8.81186        1.94529        2        -0.976464        0.465767        -0.726047
Te        16.71466        6.87989        1.75010        2        0.366871        0.278482        1.604770
