54
Lattice="18.429676749 0.000008540 -0.000615361 -0.000005198 11.916711949 0.000045896 0.042448411 0.000094922 30.000000000" Properties=species:S:1:pos:R:3:tags:I:1:forces:R:3 energy=-309.99081224 stress= -7.43547 -19.88891 -4.18997 0.56275 4.43417 -0.60747 pbc="T T T"
Mo        2.27217        0.13480        3.79956        1        -0.475904        1.520258        -2.195224
Mo        5.60312        1.87582        3.96391        1        0.283923        0.115775        -0.238053
Mo        2.19330        3.83360        3.59905        1        0.561629        1.031425        -0.412863
Mo        5.17624        6.27347        3.96800        1        0.002429        -1.076112        -0.422860
Mo        2.27952        8.03836        3.46256        1        0.066270        0.788434        1.592010
Mo        5.23653        10.03269        4.07182        1        -0.137255        0.769837        -1.373025
Mo        8.71500        0.06575        4.18681        1        -1.954017        0.407072        1.304425
Mo        11.68632        1.85800        4.17968        1        -2.501123        0.511852        0.462531
Mo        8.47309        3.90638        4.09195        1        -0.608683        -0.228206        0.513144
Mo        11.65444        5.89257        4.32446        1        -1.248425        -1.530287        -1.101087
Mo        8.38076        7.99025        4.26336        1        -1.731835        -0.028901        -0.729290
Mo        11.51587        9.91971        4.25216        1        2.234511        -1.263384        -1.032465
Mo        14.61882        11.80000        3.84938        1        -1.295082        -0.504091        0.054870
Mo        17.61365        1.84563        3.60421        1        -0.104630        1.207640        -0.084209
Mo        14.59157        4.00998        4.04533        1        0.764813        -1.157108        -0.408542
Mo        17.73916        5.65755        3.51111        1        0.697094        1.679584        0.787175
Mo        14.59617        7.99092        3.98937        1        -0.043531        -1.561917        -1.758876
Mo        17.36372        9.92044        3.63731        1        1.780376        -0.150094        1.387221
Te        1.11944        2.16604        5.46423        2        0.779615        -0.940446        -0.454309
Te        4.14481        3.80282        5.51134        2        0.643911        0.402762        -0.358319
Te        1.31150        2.00497        1.70042        2        -0.109150        -0.305933        1.369762
Te        4.54151        0.44433        1.83090        2        -0.381496        -1.210079        1.815948
Te        1.36398        6.03732        5.32410        2        0.107453        -0.476591        -1.147977
Te        3.98687        8.24790        5.72942        2        0.398260        -0.407031        -1.126169
Te        1.52325        6.22549        1.61841        2        -0.623731        -1.371433        0.999869
Te        4.88435        3.91273        2.27378        2        -1.320741        0.490766        0.189413
Te        1.19968        10.14715        5.39042        2        -0.694533        -0.907724        -0.640233
Te        4.17146        0.19352        5.58496        2        0.961984        -0.541550        0.789829
Te        1.15825        10.19486        1.99458        2        0.258245        -0.501416        0.127159
Te        4.52561        8.09738        1.91669        2        -0.138224        0.509473        1.318853
Te        7.57272        1.82983        6.03627        2        -0.368243        0.694465        -1.430659
Te        10.40268        3.74249        6.08691        2        0.789644        0.646591        -1.165603
Te        7.86505        1.85638        2.25368        2        -0.542981        0.550463        0.944408
Te        10.73574        11.85479        2.60766        2        0.447851        -0.306530        -2.364553
Te        6.77690        6.09417        6.05356        2        1.712035        0.198622        -0.865551
Te        10.49050        7.81278        5.73069        2        0.481088        0.635612        2.886832
Te        7.45008        6.16742        2.30588        2        0.221320        -0.274569        1.308411
Te        10.73536        3.84699        2.51772        2        -0.656533        0.647745        0.418798
Te        7.32140        10.10212        5.91346        2        0.245076        -0.321340        -0.361573
Te        10.73673        11.81589        5.90396        2        -0.005685        0.418323        1.594865
Te        7.56281        10.20136        2.58081        2        -0.206876        -1.376545        -0.456387
Te        10.54986        7.81397        2.66497        2        0.045431        0.274433        -1.231598
Te        13.74511        1.73826        5.62334        2        1.394588        0.976701        1.937185
Te        16.88413        3.90420        5.55246        2        -0.636797        -0.004582        -0.881581
Te        13.53683        1.90797        2.37191        2        0.891429        0.457430        -1.266669
Te        16.47394        11.83576        2.00440        2        0.326116        0.219367        -1.281449
Te        13.78234        6.03857        5.81029        2        0.403404        -0.293376        0.776996
Te        16.75570        7.58390        5.43861        2        0.856066        0.704492        -0.367570
Te        13.49572        5.77073        2.36779        2        0.156599        1.237958        -0.338815
Te        16.53709        3.88390        1.89853        2        -0.331435        -0.533032        0.686270
Te        13.86264        9.77421        5.87106        2        -0.666468        0.675208        -0.798571
Te        16.63046        0.13488        5.46957        2        0.971579        -0.985004        0.606382
Te        13.63198        9.75752        2.05545        2        -0.699758        0.256583        1.567069
Te        16.77930        7.74432        1.89818        2        -1.048867        0.267774        0.841444
