54
Lattice="19.173937585 0.000456147 -0.025753600 -0.000245476 11.134156037 0.000007040 0.013560576 0.000001770 30.000000000" Properties=species:S:1:pos:R:3:tags:I:1:forces:R:3 energy=-313.71377007 stress= -5.92702 -11.39914 -3.07233 0.16603 1.44888 0.37075 pbc="T T T"
Mo        2.23444        10.87213        3.81346        1        -0.373647        0.300643        -0.216302
Mo        4.35089        1.66920        4.06637        1        0.886451        0.677758        -0.892398
Mo        2.35823        3.72118        3.50332        1        -1.959979        0.089935        -0.282074
Mo        4.28857        5.85789        3.78935        1        0.959010        1.178042        1.183827
Mo        2.10897        7.56811        3.48815        1        0.752530        -0.718010        1.750791
Mo        4.62134        9.18536        3.92126        1        -1.082543        -0.489204        0.537514
Mo        8.70782        0.25655        3.95589        1        -1.870877        -0.829247        -0.635243
Mo        10.61741        1.83506        3.98384        1        1.395607        0.526128        0.274205
Mo        8.40370        3.82411        3.76257        1        -0.247757        0.201355        -0.215592
Mo        10.88536        5.71066        3.88500        1        0.610759        -0.236632        2.144924
Mo        8.69351        7.52547        3.63426        1        -0.908486        -0.191285        2.646051
Mo        10.82292        9.30344        4.12127        1        -0.161779        0.296967        0.326594
Mo        14.74145        0.19480        4.25812        1        1.347834        -0.299410        -1.571749
Mo        17.23704        1.89679        4.15258        1        0.619969        0.170673        -0.624016
Mo        14.80848        3.54455        3.75022        1        0.796458        1.189814        -0.053338
Mo        17.24737        5.20507        3.97885        1        0.266339        1.179451        -0.061892
Mo        15.12459        7.11769        3.89254        1        -0.638047        -0.006801        0.273867
Mo        17.25951        9.01043        4.42337        1        0.436808        0.631506        0.557444
Te        0.72538        1.55847        5.29000        2        0.458178        1.047979        0.154423
Te        3.67098        3.94278        5.64121        2        1.199368        -0.546440        1.289653
Te        6.07880        11.12315        2.57684        2        0.515745        0.788789        -0.081249
Te        2.91744        1.83715        1.76393        2        0.073186        -1.143553        0.211262
Te        0.48944        5.41077        5.12786        2        1.384632        -0.057847        -0.255291
Te        3.63431        7.53485        5.97955        2        0.468944        -0.276100        -1.961957
Te        5.74036        4.03348        2.27479        2        0.786094        -1.054309        0.728562
Te        2.78262        5.64082        1.60801        2        -0.548019        0.134302        -0.118405
Te        0.74206        8.95058        5.46520        2        -0.068297        0.780531        -0.482436
Te        4.04201        10.98409        5.87610        2        -0.544312        -0.124601        0.862841
Te        5.89120        7.47530        2.08766        2        0.782428        -0.109508        0.831499
Te        3.09550        9.33221        1.73071        2        -0.923549        0.080592        -0.249223
Te        6.90017        2.03231        5.46785        2        0.049570        -0.497508        -0.744133
Te        10.10960        3.87361        5.79936        2        0.282615        -0.107660        -0.131999
Te        12.20198        11.07596        2.47520        2        0.854059        0.555678        0.592122
Te        8.87467        2.05667        1.79946        2        0.310697        -0.337387        0.530029
Te        7.03546        5.59588        5.41395        2        -0.680863        0.612586        -0.936847
Te        10.26656        7.45091        6.02625        2        -0.302001        -0.292255        -1.125858
Te        12.31225        3.82820        2.28969        2        0.130485        -0.580935        0.636456
Te        9.21803        5.76428        1.92210        2        -0.482749        -1.616983        -2.337053
Te        7.08585        9.13703        5.20017        2        -0.015000        0.529420        0.357545
Te        10.35171        0.15759        6.25120        2        -0.292529        -0.487122        -1.584173
Te        12.57761        7.38524        2.62564        2        0.219817        0.629028        -0.229457
Te        9.21900        9.38147        1.89144        2        0.191499        1.068049        0.120566
Te        13.17904        1.94729        5.36682        2        -0.567162        0.387702        0.342838
Te        16.45136        3.66500        5.97527        2        -0.090165        -0.092259        0.359071
Te        18.76575        0.05779        2.61454        2        0.349882        -1.121040        0.074373
Te        15.71318        1.62212        2.07085        2        -1.122914        0.134813        -0.312756
Te        13.60298        5.55254        5.50079        2        -1.062190        -0.426312        -0.468357
Te        16.53367        7.21087        6.24225        2        0.421838        -0.351865        -0.973173
Te        18.98005        3.29838        2.40831        2        -0.778742        1.090343        -0.141058
Te        15.73363        5.50263        1.82173        2        -0.596078        -0.605103        0.179349
Te        13.29713        9.19021        5.48034        2        0.743445        0.276950        -0.268526
Te        16.86398        0.22759        6.08021        2        -0.686007        -1.766207        0.664483
Te        18.64697        7.47817        2.45582        2        -0.159447        -0.186897        0.304859
Te        15.70327        9.36795        2.44220        2        -1.140128        -0.023091        -0.925496
