54
Lattice="20.641237959 0.000008540 -0.000615361 -0.000005198 10.639921383 0.000045896 0.042448411 0.000094922 30.000000000" Properties=species:S:1:pos:R:3:tags:I:1:forces:R:3 energy=-312.60358001 stress= -21.18835 -6.40483 -4.09842 0.73251 -0.23732 -0.04215 pbc="T T T"
Mo        2.63655        10.21734        4.11442        1        0.074633        0.335548        -0.256171
Mo        6.16549        1.85222        3.86240        1        0.506764        -0.016470        0.230985
Mo        2.59885        3.11327        3.97697        1        1.121473        1.650793        0.324443
Mo        6.10666        5.38241        3.90074        1        1.347660        0.798687        0.590607
Mo        2.53204        6.72727        3.81412        1        1.171465        0.360272        0.575770
Mo        6.28460        8.89151        4.05373        1        -0.262103        0.133479        -0.163777
Mo        9.32344        0.13313        3.86707        1        0.570224        0.394297        0.035176
Mo        12.87345        2.05045        3.94178        1        0.964336        -0.319112        -0.900416
Mo        9.76862        3.75097        3.77900        1        -1.194784        0.205407        0.761064
Mo        12.95428        5.76410        4.07807        1        -0.357108        -1.514122        -0.699966
Mo        9.62392        7.42405        3.98365        1        -0.769673        -0.351461        0.874145
Mo        12.90269        9.05332        3.90457        1        -0.222854        1.017571        0.436080
Mo        16.29544        10.48045        3.75367        1        1.009295        0.448452        0.132204
Mo        19.84752        1.59014        3.86183        1        0.858526        -1.140984        1.328866
Mo        16.37387        3.47267        3.91262        1        -0.571783        0.000959        0.306292
Mo        20.03872        5.28409        3.78537        1        -0.632556        -0.306263        0.936292
Mo        16.08534        7.00934        4.06313        1        1.391803        -0.142692        -1.162303
Mo        19.49815        8.77718        3.84681        1        0.810497        -0.990157        -0.005526
Te        1.49463        1.29575        5.92796        2        -0.097855        0.493351        -1.270530
Te        5.04236        3.54100        5.57211        2        -0.864045        -0.125064        0.599348
Te        1.58741        1.36780        2.35218        2        -0.577339        -0.602159        -0.769030
Te        5.19845        0.04693        2.14866        2        -0.909408        -0.630781        0.615461
Te        1.61676        4.99450        5.65741        2        -0.565148        -0.031556        -0.201441
Te        5.26620        7.06371        5.84937        2        -0.946218        -0.084773        -0.663822
Te        1.55689        5.00571        1.98499        2        -0.056854        -0.445082        0.893952
Te        5.07038        3.65872        2.17374        2        -1.119525        -0.624112        -0.318732
Te        1.15837        8.38658        5.60348        2        0.172105        0.204075        -0.459857
Te        5.00147        10.56071        5.71248        2        -0.201688        0.716722        -0.371095
Te        1.24573        8.56401        2.28202        2        0.125355        0.125901        0.005845
Te        5.15279        7.27537        2.17994        2        -1.074177        -0.756855        0.337791
Te        8.38917        1.92785        5.52470        2        -0.122067        0.789262        0.459481
Te        11.88705        3.90243        5.69168        2        -0.628570        -0.292180        0.097035
Te        8.29580        2.12080        2.03283        2        0.523405        -0.673801        0.580238
Te        11.56396        0.29001        2.18164        2        0.408398        -0.350959        0.421665
Te        8.43219        5.41307        5.73296        2        0.409821        0.137590        -1.397219
Te        11.87300        7.56654        5.89235        2        -0.485195        -0.490457        -0.694822
Te        8.37771        5.67420        2.19325        2        0.519130        -0.671199        0.566150
Te        12.05108        3.79017        2.15255        2        -0.874590        0.908019        -0.050356
Te        8.36665        8.98342        5.92037        2        0.438774        0.401668        -1.089191
Te        11.62713        0.40890        5.55483        2        -0.427544        -1.211112        0.338350
Te        8.21335        9.06010        2.16544        2        0.875333        -0.425067        -0.141725
Te        11.67162        7.30769        2.22171        2        0.400895        0.396000        -0.210645
Te        15.07301        1.49974        5.52121        2        0.580505        1.403711        0.075413
Te        18.81277        3.51803        5.55113        2        -0.353204        0.025229        -0.035805
Te        15.15295        1.68354        2.06656        2        0.030188        0.512597        0.636860
Te        18.71233        10.54279        1.98505        2        -0.698055        0.085344        0.324025
Te        15.05183        5.35813        5.84692        2        0.505848        -0.772187        -0.208900
Te        18.30041        7.14163        5.69607        2        0.826544        -0.693033        -0.467856
Te        15.01219        5.31260        2.22190        2        0.664000        -0.212390        0.397234
Te        18.79883        3.35287        2.27479        2        -0.781056        0.980118        -1.086668
Te        15.28666        8.95087        5.71091        2        -1.105674        -0.219626        0.065214
Te        18.54704        10.55065        5.62262        2        -0.269358        0.416310        -0.343787
Te        15.03742        8.68888        2.20153        2        0.008491        0.323868        -0.498863
Te        18.38914        6.79313        2.17468        2        -0.072954        0.839324        0.514016
