54
Lattice="19.173937585 0.000456147 -0.025753600 -0.000245476 10.309403738 0.000007040 0.013560576 0.000001770 30.000000000" Properties=species:S:1:pos:R:3:tags:I:1:forces:R:3 energy=-315.52455115 stress= 0.71414 2.98130 -3.42492 -0.34887 -2.89785 0.13807 pbc="T T T"
Mo        2.16458        0.04835        3.51393        1        0.127156        -0.448017        -0.389358
Mo        4.50660        1.79560        3.54252        1        -0.206571        0.210842        0.668226
Mo        2.03484        3.57480        3.66134        1        0.490650        -0.630081        -1.022763
Mo        4.37145        5.38512        3.88407        1        -0.334957        -1.232073        -0.705606
Mo        2.10234        6.97702        3.80742        1        0.567419        -0.724693        0.012064
Mo        4.30114        8.67543        3.85308        1        2.469656        -0.942793        1.246449
Mo        8.69895        10.25653        4.10505        1        -1.696783        -0.497213        -0.889279
Mo        10.90426        1.57741        4.27908        1        -0.936690        1.020111        -0.711506
Mo        8.59146        3.71795        3.81063        1        1.084417        -1.606228        -1.468951
Mo        10.86821        5.20561        4.08865        1        0.368852        -0.100410        1.256887
Mo        8.62695        6.64762        4.04746        1        -0.729492        2.321166        0.111218
Mo        10.79992        8.67564        4.34680        1        0.627100        -1.328041        -1.306815
Mo        14.89672        10.11861        3.90459        1        -0.251634        0.809082        0.438842
Mo        17.19212        1.67826        3.94464        1        -0.572073        -0.904384        0.217087
Mo        15.03397        3.39512        3.77659        1        -0.833679        0.905889        0.982125
Mo        17.28718        5.36196        3.97665        1        -0.859537        -1.236967        -0.009355
Mo        14.94761        6.82014        3.94842        1        -0.087494        0.158287        0.618887
Mo        17.35249        8.44094        3.97161        1        -0.753855        1.295421        1.106885
Te        0.50448        1.87799        5.15531        2        0.483343        -0.785530        0.377663
Te        3.99092        3.37728        5.57141        2        -0.974136        0.576504        0.783891
Te        6.24386        0.00402        2.52315        2        0.448128        -0.511184        -0.546399
Te        2.78536        1.50400        1.39342        2        -0.110836        1.155953        0.794274
Te        0.48794        5.19281        5.40851        2        0.926239        0.344877        -0.319434
Te        3.83004        6.87377        5.92418        2        -0.224303        0.892060        0.353673
Te        5.97544        3.80558        2.18549        2        0.703302        -0.904892        -0.146399
Te        2.48586        5.21826        1.55840        2        0.886358        -0.561973        1.322388
Te        0.69403        9.01854        5.39714        2        -0.410545        -1.533201        -0.340911
Te        3.95678        0.17566        5.68284        2        -0.715676        0.242418        0.055162
Te        6.20740        6.84658        2.52742        2        0.080949        0.601963        -0.202800
Te        3.01396        8.23428        1.62378        2        -0.785998        1.788532        -0.267641
Te        6.97744        1.97008        5.08366        2        -0.729754        -1.916352        0.562616
Te        10.10363        3.55877        6.13680        2        0.138860        -0.627836        -0.668921
Te        12.03324        10.18831        2.51212        2        2.397621        0.047274        -0.394707
Te        9.38664        1.67171        2.01656        2        -0.591837        0.283376        0.638848
Te        7.08805        4.85335        5.48967        2        -1.753981        2.569369        1.386757
Te        10.48632        6.93104        6.25933        2        -1.026666        -1.058353        -0.107125
Te        12.48163        3.40945        2.57381        2        -0.128663        -0.225147        0.189989
Te        9.38975        5.29546        1.88109        2        -0.115718        -0.430617        -0.755923
Te        6.78576        8.50572        5.58181        2        0.746490        0.264200        -0.610511
Te        10.28275        0.00603        6.31624        2        -0.650607        0.321173        0.843411
Te        12.38948        6.79973        2.56091        2        0.978365        0.825933        0.185680
Te        9.23956        8.47557        2.07474        2        -0.165417        0.546636        0.813507
Te        13.29916        1.52456        5.54746        2        0.933572        0.738147        -0.245682
Te        16.62003        3.47372        6.00625        2        0.038149        -0.146139        -1.053172
Te        18.59702        10.13126        2.12215        2        0.683546        0.579970        0.677221
Te        15.27940        1.58281        1.89094        2        0.532946        -0.016979        -0.142702
Te        13.19988        5.07018        5.63876        2        1.257517        0.012012        -0.810091
Te        16.74641        6.81041        6.21898        2        -0.331171        0.477694        -1.514168
Te        18.68846        3.37614        2.46274        2        0.222524        0.760323        -0.805576
Te        15.46164        5.30544        1.76059        2        0.407140        -0.986443        1.150347
Te        13.38680        8.56036        5.64703        2        0.161883        -0.104529        -0.340936
Te        16.62611        10.16093        5.97743        2        0.114251        0.492825        -0.605475
Te        19.04640        6.89956        2.33487        2        -1.926969        0.056517        -0.071995
Te        15.53513        8.58104        1.93615        2        0.041808        -0.834826        -0.361688
