54
Lattice="21.194128261 0.000008540 -0.000615361 -0.000005198 10.639921383 0.000045896 0.042448411 0.000094922 30.000000000" Properties=species:S:1:pos:R:3:tags:I:1:forces:R:3 energy=-307.05994155 stress= -21.24102 -6.71611 0.10229 2.95964 0.46934 1.25832 pbc="T T T"
Mo        2.81256        10.25072        3.75825        1        0.184403        0.111505        0.325345
Mo        5.94159        1.51329        3.95838        1        1.352156        -0.739083        -0.030273
Mo        2.59943        3.34136        3.83008        1        -0.536317        -1.296382        0.538846
Mo        6.13185        4.91363        4.04702        1        -1.765182        0.300946        -0.940317
Mo        2.53238        6.79519        3.91566        1        1.546331        0.641358        -2.508025
Mo        6.14753        8.40852        3.84453        1        1.644256        1.132145        0.907534
Mo        9.39557        10.37814        4.28438        1        1.878386        0.176547        0.209401
Mo        13.34114        2.35360        4.04891        1        0.840949        -0.935521        -0.495838
Mo        9.44957        3.53722        4.02004        1        -0.598235        -0.285495        1.581404
Mo        13.51564        5.78590        4.15368        1        -1.526532        0.442131        0.029711
Mo        9.79174        6.99325        3.93998        1        -0.664713        -0.117226        1.593442
Mo        13.52322        9.33363        3.98944        1        0.603944        0.516420        -0.146606
Mo        16.83091        0.44275        3.89145        1        0.977730        -2.060114        -0.662914
Mo        20.55890        1.81307        3.86182        1        -0.776702        -0.293804        -0.270037
Mo        16.97292        3.81224        3.79725        1        -0.884960        -0.733082        -0.211900
Mo        20.11579        5.37459        3.82538        1        1.780320        -1.373118        -1.029990
Mo        17.25685        7.35101        3.65950        1        -0.474753        1.380966        -0.352714
Mo        20.64460        8.70867        3.88662        1        -1.359024        1.127199        1.324337
Te        1.61526        1.39619        5.49591        2        -0.338482        0.278457        -0.220576
Te        4.69156        3.13808        5.66948        2        0.205110        0.584059        0.511683
Te        1.73495        1.28607        1.86648        2        -0.447580        1.399552        1.237440
Te        5.39572        10.27574        2.04953        2        -1.231774        0.168159        0.074921
Te        1.26353        5.20462        5.49417        2        -0.761053        -1.555468        0.868598
Te        4.76557        6.83402        5.51527        2        0.287134        -1.033802        1.121881
Te        1.49744        5.07093        2.14767        2        -1.251116        0.158503        -0.700070
Te        4.71450        3.29645        2.25747        2        1.351213        -0.360032        -0.849102
Te        1.71914        8.44403        5.66249        2        -1.105122        1.969677        0.657573
Te        4.88616        10.11250        5.51505        2        0.421454        0.901580        0.460905
Te        1.40060        8.72733        2.12614        2        1.121902        -1.198125        -0.903329
Te        4.97091        6.68778        2.28930        2        -0.727688        -0.418054        -1.098312
Te        8.34962        1.48110        5.90699        2        -0.824926        1.022403        -0.212400
Te        11.92355        3.91231        5.80730        2        0.229509        0.516760        0.281947
Te        8.56239        1.55685        2.41168        2        -0.982229        0.052908        0.134947
Te        12.19921        0.43704        2.29108        2        0.012820        0.246004        0.790763
Te        8.12853        5.23142        5.68654        2        1.409719        -0.411487        0.625651
Te        12.16092        7.74712        5.74358        2        0.072769        -1.171217        -0.150332
Te        8.26373        5.24354        2.19584        2        0.477814        -0.302379        0.426068
Te        11.67014        4.09020        2.76563        2        1.556146        0.335918        -2.085682
Te        8.32658        8.32760        6.08312        2        0.359149        0.968907        -1.881291
Te        12.53445        0.49763        5.74156        2        -0.619560        -0.374730        0.350567
Te        8.68843        8.75967        2.38043        2        -1.068457        -0.457897        -0.978336
Te        12.11147        7.60014        2.49666        2        0.360713        -0.806176        -0.670699
Te        15.93919        1.98797        5.79592        2        -0.895516        1.391105        -0.476874
Te        19.03797        3.48997        5.54825        2        0.837092        0.314325        -0.070416
Te        15.67196        2.12342        2.09521        2        -0.614675        0.547293        0.560037
Te        19.13166        0.12872        2.21491        2        0.611350        -0.288061        0.511843
Te        15.92182        5.76230        5.37806        2        0.033721        -0.738300        1.034733
Te        19.26079        7.04453        5.62543        2        -0.354319        0.906743        0.253363
Te        15.67918        5.70932        2.09549        2        0.078901        -0.280485        0.275616
Te        19.07522        3.54522        2.00608        2        0.522408        0.255078        0.633144
Te        15.97440        9.02784        5.56323        2        -0.240322        0.558957        -0.758690
Te        19.25328        0.00311        5.62800        2        0.435353        0.247012        -0.913312
Te        15.71391        9.40982        1.91915        2        0.201871        -0.720510        1.443360
Te        19.58147        7.26839        1.95377        2        -1.271880        -0.691709        -0.153383
