54
Lattice="19.557416337 0.000456147 -0.025753600 -0.000245476 10.515591813 0.000007040 0.013560576 0.000001770 30.000000000" Properties=species:S:1:pos:R:3:tags:I:1:forces:R:3 energy=-318.11461312 stress= -4.92588 -4.04114 0.04967 -0.15928 2.36358 0.13609 pbc="T T T"
Mo        2.19478        10.44055        3.97043        1        0.319492        0.726753        0.626361
Mo        4.48904        1.59837        4.04252        1        0.720837        0.972872        -0.326732
Mo        2.09073        3.52200        4.11160        1        -0.078370        -0.601288        -0.917203
Mo        4.53453        5.16494        4.08411        1        0.572747        -0.488718        1.243048
Mo        2.18096        6.90461        4.08827        1        0.201753        0.303186        -0.299185
Mo        4.45150        8.44321        4.27235        1        0.661757        1.648008        0.293115
Mo        8.84413        10.42078        3.72970        1        -0.808803        0.123233        -1.624474
Mo        11.03640        1.80077        3.90155        1        -0.786018        -0.611998        0.666763
Mo        8.80052        3.55081        3.68739        1        -1.835648        0.422209        -1.324762
Mo        11.18158        5.20139        3.79098        1        -0.875529        1.470508        -0.358305
Mo        8.72285        7.16146        3.68648        1        0.081082        -0.937769        -0.669324
Mo        11.11649        8.75116        3.73451        1        -0.364844        0.602385        0.552285
Mo        15.17573        0.33812        3.79572        1        -0.253222        -1.339017        -1.502697
Mo        17.66143        1.72974        4.19639        1        -0.400411        0.465931        -1.321731
Mo        15.32244        3.62086        3.80076        1        0.084052        -0.696260        -0.831572
Mo        17.57082        5.23832        4.15978        1        0.318929        0.246705        0.357395
Mo        15.34695        7.10312        3.69824        1        -0.194908        -0.060606        -0.364943
Mo        17.70666        8.70913        3.92611        1        -1.138979        -0.297737        1.770817
Te        0.48598        1.64928        5.52762        2        0.735132        0.059197        0.410953
Te        3.85601        3.42831        6.07792        2        0.729898        -0.564996        -0.112906
Te        6.22757        10.49320        2.50761        2        -0.511876        -0.216575        -0.028724
Te        2.64020        1.86533        1.97165        2        0.386801        -0.756071        1.022677
Te        0.48459        5.28001        5.62844        2        0.115431        -0.367398        0.231290
Te        3.83818        6.69862        6.23252        2        0.266495        0.689047        -0.097495
Te        6.18190        3.52409        2.43862        2        -0.323411        -0.150456        0.285794
Te        2.78327        5.14377        2.13758        2        -0.216403        0.660902        -0.926217
Te        0.47777        8.71653        5.56091        2        0.428361        0.156698        -0.064644
Te        4.09641        10.44596        6.02893        2        -0.772450        -0.361783        0.569586
Te        6.03277        7.07177        2.66037        2        0.705119        -0.551791        -0.979122
Te        2.95234        8.75227        2.10566        2        -0.549847        -0.779204        -0.481205
Te        7.23452        1.52218        5.21194        2        -0.544369        1.499773        0.527763
Te        10.28512        3.68709        5.73137        2        1.055140        -0.559368        1.907413
Te        12.48562        0.13924        2.19957        2        0.976358        -0.332743        0.256878
Te        9.31371        1.80267        1.73311        2        0.081278        -0.431735        0.219607
Te        7.14865        5.22411        5.33306        2        0.315445        0.082304        -0.388024
Te        10.38564        7.12698        5.78099        2        0.440457        -0.500156        -0.455754
Te        12.53201        3.35350        2.36003        2        1.681602        1.128909        -0.757414
Te        9.41269        5.32757        1.61321        2        -0.070753        -0.056929        1.348542
Te        7.21642        8.85033        5.33820        2        -0.060999        -1.034259        0.313598
Te        10.41051        10.50548        5.92129        2        0.381523        0.040847        -0.805015
Te        12.80056        7.10187        2.26309        2        -0.043212        -0.341851        -0.012206
Te        9.34009        8.80949        1.51454        2        0.101383        -0.143897        1.454809
Te        13.44923        1.78241        5.31620        2        0.726764        0.579932        -0.041187
Te        16.90005        3.49309        6.08015        2        -0.455583        -0.034827        0.036174
Te        19.30076        10.44567        2.61238        2        -0.157175        0.604395        -0.452257
Te        16.33623        1.79089        1.87159        2        -0.932125        0.493443        0.323653
Te        13.72327        5.43422        5.01847        2        -1.038363        -0.886909        1.036062
Te        16.67549        7.04729        6.05866        2        0.676028        0.060582        -0.855859
Te        19.21428        3.57169        2.58035        2        0.075731        -0.276608        0.524969
Te        16.26313        5.28637        1.82923        2        -0.824426        0.012764        0.129306
Te        13.59418        8.91592        5.13189        2        0.009969        -0.380345        -0.007771
Te        16.68471        10.40323        5.85434        2        0.633687        0.110591        1.077294
Te        19.34186        6.94496        2.75952        2        -0.167734        -0.178231        -1.026583
Te        15.99480        8.83738        1.82838        2        -0.108021        0.763777        -0.135803
