54
Lattice="18.429676749 0.000008540 -0.000615361 -0.000005198 13.193502514 0.000045896 0.042448411 0.000094922 30.000000000" Properties=species:S:1:pos:R:3:tags:I:1:forces:R:3 energy=-304.05656526 stress= -8.15909 -11.76803 2.62118 -0.35018 -1.48258 0.03175 pbc="T T T"
Mo        2.43137        0.26192        3.68025        1        -0.047702        -0.645269        -0.358928
Mo        5.66682        1.79548        3.73976        1        0.861023        0.613583        0.409151
Mo        2.86364        3.63710        3.52570        1        0.520264        -0.280754        -0.489398
Mo        5.07617        5.85635        3.53382        1        -0.665817        -2.067651        0.187317
Mo        3.07381        10.61853        4.46346        1        0.026492        0.586738        -0.190032
Mo        6.20288        11.08973        4.22157        1        -0.975878        0.284735        0.232890
Mo        9.27609        0.28449        3.98749        1        -1.423190        -0.814226        1.540881
Mo        11.43769        2.68388        3.97669        1        -0.048098        -0.730936        0.305661
Mo        8.30129        4.10950        3.87808        1        0.446567        0.338567        -0.363949
Mo        11.08061        6.18190        4.13425        1        0.735846        0.723444        -0.884717
Mo        7.86697        8.37099        3.72456        1        0.737679        -0.019953        1.127639
Mo        10.43027        10.07934        4.01282        1        0.068804        0.291311        -0.416158
Mo        12.62547        12.96759        4.08883        1        -0.168581        0.339521        -0.805390
Mo        0.10841        3.86174        3.56776        1        -0.178929        0.046455        0.366812
Mo        14.43931        4.71122        3.74118        1        0.775521        -0.980438        0.736207
Mo        17.45930        6.88863        3.83163        1        0.358079        -0.277290        0.042168
Mo        13.86173        8.76619        4.23957        1        0.434039        -0.215649        -0.646005
Mo        18.25264        10.09786        4.03247        1        -1.835012        0.737860        -1.063668
Te        1.78839        2.10291        5.43251        2        -1.041741        1.670216        0.509224
Te        4.83586        3.80055        5.35604        2        -0.953564        0.347859        0.543036
Te        1.72248        2.00647        1.63594        2        0.390656        0.112415        -0.235896
Te        4.84048        12.90198        2.35767        2        -0.391428        -1.241783        -0.630930
Te        1.31302        8.61907        5.18271        2        1.519820        -2.287867        0.986245
Te        4.66735        9.76268        6.31735        2        0.939897        0.121650        0.366492
Te        1.64605        5.68742        2.37849        2        -0.256786        0.753383        0.426953
Te        4.94166        3.51400        1.67801        2        -0.791009        0.615963        0.553390
Te        1.11907        12.03924        5.64030        2        -0.488639        -0.498736        0.105082
Te        4.67015        0.02975        5.57935        2        -0.024265        -0.739219        -0.033002
Te        1.54420        11.22181        2.23465        2        -0.019565        -0.100622        -0.556636
Te        4.99687        8.45107        3.46729        2        -0.701708        1.458717        -0.594114
Te        7.74389        1.98881        5.55208        2        -0.344753        -0.353202        0.174007
Te        10.13787        4.22657        5.76516        2        0.409460        0.955149        0.885741
Te        7.85911        1.94422        2.20719        2        0.293455        -0.146543        -0.358004
Te        10.93790        0.70752        2.09169        2        1.269325        -0.126893        -0.590177
Te        6.91450        6.30779        5.37843        2        0.574738        -0.180537        0.696962
Te        9.78161        8.12732        5.71854        2        -0.082858        -0.405253        -0.200585
Te        7.26446        6.08390        2.23912        2        1.074986        0.394212        -1.898361
Te        10.50449        4.45064        2.14417        2        -0.835868        -0.159327        0.114549
Te        8.50929        11.38462        5.78124        2        0.128307        0.151745        -0.214092
Te        11.13922        0.86040        5.99440        2        -1.000959        -0.646535        -0.308073
Te        8.25522        11.22388        2.47848        2        0.658562        -0.338709        -0.443513
Te        10.06424        8.10157        2.16139        2        -0.074869        -0.229739        0.397276
Te        13.71501        2.61223        5.64577        2        0.123380        0.343704        -0.137801
Te        16.78007        4.78737        5.47971        2        0.260742        0.045925        -0.378809
Te        13.75130        2.20030        2.74532        2        0.827668        0.073660        -0.801601
Te        15.07815        11.56591        4.10819        2        -0.376522        -0.201214        -0.032799
Te        13.44726        6.23375        5.67182        2        -0.902081        1.103994        0.714223
Te        16.24214        8.69329        5.55619        2        0.239353        -0.219064        1.066068
Te        13.27697        6.63014        2.35448        2        -0.730416        0.643282        -0.015652
Te        16.41516        5.07035        1.99723        2        1.036945        -0.054895        -0.147169
Te        12.52833        10.62344        5.75632        2        -0.608501        0.106829        0.030550
Te        17.87954        1.14173        2.91421        2        0.123163        0.005158        0.336260
Te        12.59644        10.31576        2.18083        2        -0.397300        0.712081        0.996948
Te        16.11479        8.78366        2.49053        2        0.516177        0.382751        -1.043134
