54
Lattice="20.272644424 0.000008540 -0.000615361 -0.000005198 11.703913521 0.000045896 0.042448411 0.000094922 30.000000000" Properties=species:S:1:pos:R:3:tags:I:1:forces:R:3 energy=-305.66291221 stress= -20.90306 -21.44780 -4.54854 -0.32755 1.83783 -0.43564 pbc="T T T"
Mo        2.38892        11.69876        4.03871        1        0.124295        -1.032668        -0.467808
Mo        5.84045        1.66058        3.64608        1        0.509641        0.982284        -0.462475
Mo        2.42212        3.74948        3.63763        1        -0.650390        -0.063838        0.349472
Mo        5.99415        5.86916        4.07816        1        -0.644378        -1.189327        -1.289962
Mo        2.52323        8.02513        4.65914        1        0.156753        -1.252823        -2.487279
Mo        5.99159        9.55112        3.82042        1        -0.551960        0.046466        0.211953
Mo        9.41037        11.60582        3.74040        1        0.776542        0.438406        0.566778
Mo        12.53357        2.06356        3.88186        1        1.142593        -1.123868        0.814734
Mo        9.26726        4.07891        3.92357        1        0.303652        -0.941798        -0.262231
Mo        12.82731        6.00325        3.86325        1        -1.373839        -1.301535        -0.839491
Mo        9.49866        8.10110        3.80119        1        -1.603750        -1.532102        0.284410
Mo        12.78862        9.61335        4.00700        1        2.055341        0.774343        -0.343991
Mo        15.80231        11.63137        4.01074        1        1.154079        0.236806        -0.894161
Mo        19.34419        1.96250        3.83458        1        -0.398642        0.210519        0.515114
Mo        16.51873        4.11062        3.82122        1        -2.469893        -0.400771        0.101796
Mo        19.60018        5.84901        4.02392        1        -0.589852        0.591067        0.462399
Mo        16.29025        8.09019        3.91233        1        -0.621299        -1.128849        0.588464
Mo        19.38073        9.73891        4.16393        1        -0.057298        0.920371        0.008189
Te        1.09994        1.97519        5.63144        2        1.162859        -0.088261        -0.516957
Te        4.54027        3.67653        5.26593        2        1.314759        -0.430096        0.675945
Te        1.26293        1.60803        2.18396        2        0.161013        0.755385        -0.116677
Te        4.72003        11.43933        1.96796        2        -0.147862        -0.156539        1.083526
Te        1.70650        5.62625        5.79331        2        -0.858134        0.073811        -0.270845
Te        4.93181        7.60331        5.85790        2        0.248595        0.984344        0.254989
Te        1.62660        6.17758        2.59991        2        -0.517461        -0.365067        -0.445676
Te        4.72690        3.95504        1.99304        2        0.122717        -0.585693        0.783397
Te        1.24459        9.98533        5.96582        2        -0.000438        0.245310        -0.103705
Te        4.82756        11.50886        5.39162        2        -0.044434        0.305987        0.409719
Te        1.30637        9.50506        2.47203        2        0.562787        1.025819        1.178752
Te        4.49470        7.45256        2.44402        2        0.929996        1.446858        0.654152
Te        8.12532        1.80267        5.34693        2        -0.049925        0.452509        -0.331261
Te        11.39754        3.87290        5.65156        2        0.347048        0.500696        -0.197005
Te        8.63006        1.89054        1.88237        2        -0.896180        0.191187        1.224445
Te        11.97100        11.60114        2.24445        2        -1.134977        0.091796        0.082691
Te        8.13996        6.13205        5.71652        2        0.840962        -0.293898        -0.636464
Te        11.56911        7.78093        5.43590        2        0.169470        -0.309187        2.247174
Te        8.16763        5.97914        2.27384        2        0.128425        0.373257        0.123533
Te        11.66103        3.92260        2.22333        2        -0.709249        0.906643        -0.242880
Te        8.27179        9.86034        5.62587        2        -0.145919        -0.045620        -0.614715
Te        11.62386        11.36969        5.68938        2        -0.604722        1.181982        -0.600926
Te        8.15764        9.79771        2.18354        2        0.144143        -0.014317        -0.987520
Te        11.74247        7.88455        2.23279        2        -0.420173        -0.030197        -1.374554
Te        14.75512        1.91428        5.56867        2        0.228057        0.609056        0.021801
Te        18.43346        3.99661        5.71503        2        0.137018        -0.239111        -0.329825
Te        14.97430        2.19283        2.27727        2        -0.077253        -0.345100        0.312803
Te        18.15622        11.69094        2.15134        2        -0.137947        -0.203187        1.613264
Te        14.91698        5.90190        5.36485        2        1.815290        0.508231        1.198023
Te        18.41199        7.70412        5.88128        2        -0.090570        0.344045        -1.142996
Te        15.08858        6.15811        2.10780        2        0.557777        -0.365932        0.569289
Te        18.54862        3.97210        2.14488        2        0.475230        0.458534        -0.284179
Te        15.14449        9.78507        5.90904        2        -0.667159        -0.322598        -1.277299
Te        18.08241        0.32898        5.80541        2        0.014184        -0.873443        -1.385113
Te        14.90806        9.54690        2.05652        2        0.247277        1.213550        1.165788
Te        18.52517        8.09536        2.25244        2        -0.378753        -1.227870        0.391674
