54
Lattice="19.173937585 0.000456147 -0.025753600 -0.000245476 11.340344112 0.000007040 0.013560576 0.000001770 30.000000000" Properties=species:S:1:pos:R:3:tags:I:1:forces:R:3 energy=-317.98551266 stress= -5.87707 -13.47316 -2.03263 1.62375 0.39055 -0.67532 pbc="T T T"
Mo        2.25021        11.10951        3.79598        1        -0.015671        0.297329        0.588461
Mo        4.44329        2.18569        4.25264        1        -0.151835        -0.923072        -0.852046
Mo        2.10763        4.05725        4.05935        1        0.477370        0.187232        -0.553582
Mo        4.47892        5.57686        4.04911        1        -0.133154        0.288711        1.620003
Mo        2.08537        7.49346        3.87831        1        0.272361        0.585899        0.364413
Mo        4.42859        9.09733        4.03021        1        -0.188323        -0.316764        -0.247015
Mo        8.47563        0.34314        3.81684        1        0.461094        -0.595880        -0.330136
Mo        10.88921        2.02251        3.99921        1        -0.421991        -0.501696        0.014404
Mo        8.58175        3.83717        3.77206        1        0.157893        -0.056251        -0.157174
Mo        10.98038        5.43092        3.92617        1        -0.297109        0.570214        0.161468
Mo        8.74036        7.22854        3.64483        1        -0.597228        0.311897        -0.186946
Mo        10.72697        9.64954        4.03620        1        0.308205        -0.165573        -0.384686
Mo        14.97912        11.27655        3.73364        1        -0.815762        0.136697        0.290125
Mo        17.24800        1.68895        4.04566        1        -0.553940        -0.068388        -0.314557
Mo        15.02882        3.57699        3.69777        1        0.867242        -0.277869        -0.603131
Mo        17.13509        6.02706        4.01512        1        0.198237        -0.061848        0.913273
Mo        14.90301        7.71117        3.85810        1        0.264262        0.100727        -0.081690
Mo        17.25024        9.52195        4.12209        1        -0.224142        0.130055        -1.002840
Te        0.66977        1.79305        4.89472        2        0.374088        0.331313        0.588051
Te        3.86260        3.78141        6.25772        2        -0.260182        0.659135        -0.879060
Te        5.77413        11.25679        2.92106        2        0.151897        1.129718        -0.229800
Te        2.64317        2.13362        2.17086        2        0.454549        -0.591027        0.473615
Te        0.51151        5.73693        5.45055        2        -0.286981        0.588397        0.206903
Te        3.79763        7.46380        6.01016        2        -0.011776        -0.457157        -0.088012
Te        6.03938        3.71739        2.48345        2        -0.490287        -0.014935        0.458277
Te        2.78824        5.73934        1.98319        2        -0.483853        -0.476842        -0.082526
Te        0.61229        9.59499        5.51846        2        0.194767        -0.452681        -0.666482
Te        4.02132        11.13629        5.88930        2        -0.310863        0.483980        -0.562126
Te        5.95038        7.27552        2.52921        2        0.681557        0.464035        -0.440410
Te        2.69438        9.37821        1.90221        2        0.339934        -0.582865        -0.089308
Te        7.07715        2.04215        5.47044        2        -0.194043        0.033861        -0.291757
Te        10.17678        3.80248        5.91803        2        0.499580        -0.011038        0.303416
Te        12.30751        0.09868        2.42784        2        0.223633        -0.448860        0.173776
Te        9.21712        2.07080        1.87919        2        -0.071512        -0.743243        -0.333054
Te        7.10220        5.70526        5.31297        2        0.008783        -0.169504        -0.023934
Te        10.36751        7.53805        5.80469        2        -0.166768        -0.259149        -0.690177
Te        12.54481        3.69992        2.38975        2        -0.120972        -0.227690        -0.210470
Te        9.49212        5.50504        1.70271        2        -0.630792        0.162772        0.333692
Te        7.12565        9.28727        4.88787        2        0.655443        0.048461        0.028160
Te        10.17431        0.09472        5.93180        2        -0.013542        0.411711        -0.152447
Te        12.48445        7.57918        2.55544        2        -1.073909        0.108670        0.046502
Te        9.14959        9.48272        1.87556        2        -0.233556        0.079944        0.946419
Te        13.43405        1.83909        5.16688        2        -0.023516        0.169138        0.543882
Te        16.65182        3.84133        5.86750        2        -0.068356        -0.132939        -0.913329
Te        18.78385        11.28680        2.44225        2        0.108967        -0.162543        0.382017
Te        15.63957        1.65770        1.75845        2        0.208418        0.625885        0.605557
Te        13.50622        5.53166        4.97733        2        0.179903        0.231144        0.717433
Te        16.55989        7.72796        5.98072        2        -0.055883        -0.269773        0.719047
Te        18.59593        4.00171        2.86554        2        0.104622        -0.681452        -0.277846
Te        15.52065        5.78166        1.89638        2        -0.095249        -0.408993        0.305633
Te        13.29118        9.44114        5.25087        2        -0.062589        0.538765        0.155832
Te        16.41117        11.30934        5.99252        2        0.426573        0.359279        0.037455
Te        18.75343        7.65500        2.47973        2        0.020349        -0.016271        0.227963
Te        15.53549        9.41485        1.93282        2        0.443271        0.011014        -0.554346
