54
Lattice="19.173937585 0.000456147 -0.025753600 -0.000245476 11.340344112 0.000007040 0.013560576 0.000001770 30.000000000" Properties=species:S:1:pos:R:3:tags:I:1:forces:R:3 energy=-313.56918275 stress= -4.80493 -11.15263 -2.65664 1.62645 -0.95883 -0.87934 pbc="T T T"
Mo        1.99448        0.11393        3.99787        1        1.311612        0.544956        0.350775
Mo        4.54243        1.76797        4.22525        1        -1.129265        -0.887366        -0.794648
Mo        2.34213        3.76338        3.66015        1        -0.342282        -0.243755        -0.066641
Mo        4.43951        6.03114        4.06986        1        1.189413        -1.076860        0.223020
Mo        2.13060        7.76206        3.63363        1        0.004514        0.460023        0.356301
Mo        4.26518        9.35476        4.06987        1        1.698555        1.630044        -0.263127
Mo        8.56837        11.18280        4.03530        1        0.252085        0.548614        -1.051321
Mo        10.94988        1.77747        3.93800        1        -0.898051        0.513915        0.513706
Mo        8.61399        3.36457        3.98616        1        -0.721278        1.095236        1.954558
Mo        10.74418        5.93640        3.93678        1        0.728933        -0.109820        0.184281
Mo        8.58279        7.75771        3.81973        1        -0.229739        -1.036647        0.318968
Mo        10.96954        9.56682        4.08906        1        -1.497593        -0.197840        -0.969520
Mo        15.06914        11.25238        3.69368        1        0.550982        0.331540        -0.560918
Mo        17.14048        1.93862        4.10935        1        0.038643        0.479407        -0.154485
Mo        15.00537        3.77665        3.48947        1        0.413003        1.534180        1.000886
Mo        17.34584        5.87611        3.81522        1        -0.934351        -0.375635        0.782891
Mo        14.87685        7.25347        3.66120        1        0.433366        -0.200349        0.199607
Mo        17.05423        8.88915        3.89032        1        0.590396        1.245950        1.605418
Te        0.72866        2.15689        5.49359        2        -0.378451        -0.187005        -0.775342
Te        3.71794        3.87661        5.90560        2        0.602446        0.301084        -0.260139
Te        5.83167        0.04130        2.47190        2        0.719076        -0.482529        0.883594
Te        2.99526        1.69914        1.85709        2        -0.394513        0.984120        1.393465
Te        0.69694        5.88827        4.90704        2        -0.237346        -1.048532        0.487396
Te        3.63027        7.59894        5.89944        2        -0.341564        0.297004        1.620633
Te        5.99720        3.72367        3.07469        2        -0.323364        0.691241        -0.131601
Te        3.08083        5.89601        1.88151        2        -0.850422        -0.748503        -0.692660
Te        0.68969        9.48671        5.37010        2        -0.893102        -0.496199        -0.104295
Te        3.78691        0.01064        6.11504        2        -0.280125        -0.534248        -0.621858
Te        6.05661        7.69476        2.45148        2        -0.270277        -0.088244        0.507652
Te        2.63646        9.76827        1.99696        2        0.177371        -0.263066        -1.133767
Te        7.11415        1.63331        5.60830        2        -0.182234        0.361692        -0.376251
Te        10.46197        3.84027        5.75959        2        0.308191        -0.238630        0.346646
Te        12.38029        0.16012        2.54714        2        0.947269        -1.162475        -1.005072
Te        8.94269        1.90097        1.98937        2        0.760538        -2.081265        -0.646120
Te        7.10635        5.77624        5.73752        2        -0.246333        -0.049350        -1.499998
Te        10.30679        7.66585        5.90192        2        -0.186394        0.104148        0.664030
Te        12.31596        3.99235        2.39464        2        -0.179019        -0.553136        0.424975
Te        8.90112        5.28671        2.14179        2        -0.058929        1.690442        -0.291837
Te        6.93033        9.35072        5.35870        2        0.028652        0.097234        0.286267
Te        10.50451        0.05404        6.04375        2        -0.343353        0.103148        -0.397145
Te        12.33668        7.69296        2.37617        2        -0.209253        -0.852536        0.220734
Te        9.31912        9.40464        1.96389        2        -0.370749        0.954489        -0.398952
Te        13.64415        1.82294        4.88397        2        -0.814136        0.520294        1.120027
Te        16.46621        3.90845        5.86078        2        0.117678        -0.081924        -0.967751
Te        18.58592        11.27924        3.08469        2        -0.211278        -0.318663        -0.608766
Te        15.49415        1.85490        1.68653        2        0.808463        -0.544764        0.599224
Te        13.39739        5.44209        5.30125        2        0.065171        0.604951        -0.818384
Te        16.41162        7.31976        6.02805        2        0.019222        -0.033148        -1.464133
Te        18.78405        3.81464        2.62314        2        0.475225        -0.615553        -0.187835
Te        15.89360        5.64356        1.55473        2        -0.999197        -0.079484        0.883735
Te        13.45916        9.38058        4.97841        2        1.007222        -0.256588        0.876423
Te        16.61793        10.93782        5.99348        2        -0.193712        0.457512        -1.424878
Te        18.74982        7.80544        2.14247        2        0.216134        -0.828946        0.169245
Te        15.36873        9.26510        1.85390        2        0.309967        0.146302        -0.314231
