54
Lattice="20.272644424 0.000008540 -0.000615361 -0.000005198 11.703913521 0.000045896 0.042448411 0.000094922 30.000000000" Properties=species:S:1:pos:R:3:tags:I:1:forces:R:3 energy=-305.85091613 stress= -20.33770 -20.50167 0.16007 3.38905 1.61300 0.81172 pbc="T T T"
Mo        2.62581        11.40427        3.77645        1        -0.166904        0.578629        0.776920
Mo        6.16567        1.77554        3.73498        1        -0.308270        0.432376        0.745936
Mo        2.46997        3.67222        3.43811        1        -0.897962        -0.174208        0.690447
Mo        5.78492        5.67717        3.81718        1        0.990766        1.342900        0.358098
Mo        2.59934        7.16891        3.79069        1        1.023496        1.791974        0.300193
Mo        6.07923        9.58699        3.80718        1        0.137105        0.703510        0.680145
Mo        9.29251        0.10800        4.13402        1        0.323645        -0.143399        0.405014
Mo        12.54713        2.31390        4.20048        1        1.020534        -0.620231        0.325490
Mo        9.10350        3.96690        3.70867        1        1.220628        -0.371321        0.665595
Mo        12.82675        6.03988        4.01633        1        -0.484865        0.716116        -0.452032
Mo        9.43635        7.75879        3.70374        1        -0.111221        0.385521        1.314065
Mo        12.72893        9.72791        4.16412        1        -0.140467        0.768339        0.493498
Mo        16.01079        0.07545        4.22091        1        -1.455095        -0.338467        -1.442006
Mo        19.26193        2.13543        3.95799        1        -0.077387        -2.050456        -0.865757
Mo        16.04042        4.01284        4.25579        1        0.245654        1.647308        -0.205291
Mo        19.43512        5.91154        3.82787        1        0.270561        0.419366        -0.072797
Mo        16.29512        8.23175        4.11930        1        -0.400337        -1.159575        -0.872286
Mo        19.69747        9.69476        3.93028        1        -0.688540        1.239634        0.143607
Te        1.40355        1.49315        5.57024        2        0.002471        0.845262        -0.891505
Te        4.50053        3.64274        5.13472        2        0.910007        -0.234666        1.555453
Te        1.03851        1.67207        2.18269        2        0.662943        -0.192450        -0.522072
Te        4.80383        0.08187        2.20007        2        0.408550        -1.312249        -1.188541
Te        1.35904        5.45381        5.41968        2        0.263596        -0.351361        -0.330993
Te        4.77485        7.36586        5.79593        2        -0.119739        0.262948        -1.400333
Te        1.59072        5.63974        1.69977        2        -0.561194        -0.185381        1.104030
Te        5.03878        3.75813        2.09561        2        -0.632938        -0.414434        -1.249699
Te        1.67359        9.37285        5.40480        2        0.299228        -0.253646        0.763884
Te        4.98324        11.41701        5.46070        2        -0.354694        0.664571        0.225927
Te        1.70925        9.34597        2.22314        2        -0.688013        0.043250        -0.651913
Te        4.92742        7.89418        2.18832        2        -0.486263        -1.621145        -0.558688
Te        8.07731        2.09524        5.70614        2        0.324581        -0.178076        -0.624699
Te        11.39715        4.43833        5.56145        2        -0.760717        -1.484695        0.606736
Te        8.55969        1.74390        2.13995        2        -1.247490        0.796362        -0.376186
Te        11.53971        0.30369        2.61302        2        0.759668        -0.658279        -0.688053
Te        7.93596        5.51851        5.53118        2        -0.031438        1.105970        -0.174123
Te        11.37296        7.71500        5.82932        2        0.422843        0.524533        -1.058653
Te        8.04401        5.99043        2.06195        2        0.142655        -0.508665        0.139421
Te        11.64216        4.11753        2.30701        2        -0.316224        0.010648        -0.246080
Te        8.29348        9.71666        5.54344        2        -0.212321        -0.752161        -0.061394
Te        11.55315        0.03550        5.80187        2        -0.070841        0.472049        0.335622
Te        8.40741        9.91421        2.19773        2        -0.198111        -0.497126        0.220368
Te        11.90566        7.92792        2.37138        2        -1.089950        -0.138734        -1.153103
Te        15.02721        2.04698        5.89322        2        -0.698556        0.190789        0.280925
Te        18.48886        4.00058        5.61978        2        -0.605967        0.795253        1.050840
Te        14.79337        2.41507        2.55128        2        -0.203714        -1.386259        -0.270282
Te        17.93701        11.65902        2.18855        2        0.752226        0.509597        1.091240
Te        14.87342        6.13635        5.70980        2        1.270833        -0.014562        0.456587
Te        18.54884        8.03938        5.78574        2        0.035107        -0.544126        -0.690647
Te        15.30096        6.25814        2.31291        2        -0.535174        -0.395293        0.996855
Te        17.92086        4.12065        2.31845        2        1.048374        -0.450052        -0.321685
Te        14.85749        9.65523        5.92599        2        0.393326        1.116938        -0.113419
Te        18.27615        0.11788        5.61808        2        0.758836        -0.257360        0.135223
Te        14.76721        9.90853        2.33002        2        0.808420        0.398594        0.842830
Te        18.58400        8.12163        2.20931        2        -0.937988        -1.067063        -0.186372
