54
Lattice="19.166863819 0.000008540 -0.000615361 -0.000005198 10.639921383 0.000045896 0.042448411 0.000094922 30.000000000" Properties=species:S:1:pos:R:3:tags:I:1:forces:R:3 energy=-317.54890744 stress= -8.79595 -3.35516 -4.92734 -1.78112 -2.18673 0.79224 pbc="T T T"
Mo        2.51819        0.00992        3.77450        1        -1.508137        0.182056        1.173107
Mo        5.57349        1.67637        3.73705        1        0.981434        0.966226        1.006852
Mo        2.58160        3.59017        3.76224        1        -0.642007        0.631138        0.605129
Mo        5.76457        5.38273        3.84475        1        -0.525735        0.356355        -0.893956
Mo        2.38527        7.12845        3.94120        1        0.127133        0.361637        -2.658617
Mo        5.52829        8.71432        3.86408        1        -1.095867        0.642076        0.363755
Mo        8.60163        10.54472        4.17483        1        -0.450528        1.173505        0.552023
Mo        12.09935        1.76384        4.11519        1        0.670920        -0.526547        -0.414335
Mo        9.01846        3.42865        4.17403        1        0.105018        0.535870        -0.621915
Mo        12.01938        5.26431        4.22908        1        -0.171575        -0.063567        -1.275433
Mo        8.83460        7.20263        4.08715        1        0.095536        -0.250987        0.115178
Mo        11.94364        8.69913        4.22094        1        0.281655        0.715501        -1.186286
Mo        15.12325        10.62606        3.91198        1        0.640364        -0.434700        0.612405
Mo        18.59233        1.97937        3.75346        1        -2.809305        -0.103495        -0.200895
Mo        15.19644        3.32169        3.93349        1        0.632992        1.941630        0.691722
Mo        18.46998        5.25520        3.65499        1        -0.410800        0.613686        0.522595
Mo        15.13056        7.19544        3.78774        1        -0.586529        0.031606        1.466824
Mo        18.55460        8.88897        3.67103        1        -0.699809        -0.279647        0.466018
Te        1.30823        1.96387        5.52357        2        1.691793        -0.719130        0.736182
Te        4.82954        3.64686        5.50146        2        -1.711318        -0.878146        0.731611
Te        1.37125        1.80817        2.00918        2        1.038374        0.115417        -0.516556
Te        4.50584        10.53290        2.02863        2        0.671471        -0.021603        -0.346826
Te        1.36566        5.48136        5.69987        2        -0.405272        -1.372863        -0.789159
Te        4.32730        6.96985        5.66370        2        1.523855        0.401793        0.141984
Te        1.51149        5.31110        1.95280        2        -0.443641        0.323461        0.638111
Te        4.61854        3.56114        1.97510        2        0.583253        -0.024730        0.282235
Te        1.23534        8.95253        5.68155        2        0.711681        0.146286        -0.773515
Te        4.50922        0.02874        5.66763        2        -0.106753        -0.387397        -0.705056
Te        1.51392        8.89587        1.94375        2        -0.390347        -0.291217        0.381218
Te        4.61452        7.01579        1.73895        2        -0.068936        0.123187        2.155110
Te        7.45801        1.99139        5.89329        2        0.833771        -1.582213        -0.721335
Te        11.20384        3.36723        5.97028        2        -1.011214        0.696076        0.419456
Te        7.95537        1.73967        2.29192        2        -0.729565        0.001204        -0.099881
Te        10.73081        10.52556        2.56092        2        0.835344        0.096999        -0.631972
Te        7.99254        5.35457        5.79926        2        -1.158637        -0.246425        0.081495
Te        10.98937        6.96615        6.03823        2        -0.522639        0.432104        -0.165383
Te        7.93605        5.29022        2.30143        2        0.449347        -0.101536        0.115401
Te        11.04767        3.53132        2.26597        2        0.034757        -0.195674        0.849979
Te        7.40798        8.80161        5.83876        2        0.505618        -0.118553        0.248155
Te        10.85034        0.00314        5.83254        2        -0.219027        -0.453582        0.414939
Te        7.60419        8.91318        2.24699        2        0.950207        -0.471328        -0.232490
Te        10.82081        7.05380        2.32821        2        0.860032        -0.131223        0.248334
Te        14.40357        1.65922        5.96364        2        -0.753872        0.162239        -1.016793
Te        17.52100        3.69606        5.67434        2        -0.546213        -0.554120        -0.994172
Te        14.08539        1.61675        2.21643        2        -0.734537        1.017131        -1.020103
Te        17.30954        0.08123        2.15163        2        0.024876        0.170277        -0.547062
Te        14.21808        5.15587        5.98432        2        0.304308        0.551178        -1.880565
Te        17.33442        7.12938        5.36872        2        0.337773        -0.144761        0.341273
Te        13.95858        5.43937        2.17771        2        0.200510        -1.187695        0.730070
Te        17.08207        3.60340        1.87101        2        0.810198        -0.356394        0.997837
Te        14.11196        8.98499        5.77252        2        0.493698        -1.212409        0.098720
Te        17.45062        0.07340        5.47463        2        0.196115        0.008060        -0.208952
Te        13.83715        8.96942        2.08011        2        0.361772        -0.599219        0.911614
Te        17.16952        7.07077        1.98957        2        0.750769        0.336309        -0.202471
