54
Lattice="18.798270284 0.000008540 -0.000615361 -0.000005198 10.639921383 0.000045896 0.042448411 0.000094922 30.000000000" Properties=species:S:1:pos:R:3:tags:I:1:forces:R:3 energy=-319.42468400 stress= -4.41278 -0.50937 -2.07319 1.26148 0.70644 0.32153 pbc="T T T"
Mo        2.43263        10.59624        3.97892        1        1.308616        0.517031        0.206209
Mo        5.40380        1.71246        3.96829        1        0.428988        0.502258        0.281885
Mo        2.39435        3.89656        3.86521        1        -0.053033        -1.115449        -0.695776
Mo        5.54440        5.25929        4.00907        1        -0.275846        1.080880        -1.382072
Mo        2.44135        7.09949        3.98834        1        -0.483681        1.007670        -1.027231
Mo        5.49857        8.86145        4.01078        1        0.609215        0.297962        -1.350621
Mo        8.66458        0.03620        3.96641        1        0.353448        1.009509        1.885912
Mo        11.79781        1.78823        4.10424        1        0.015332        0.459712        -0.320651
Mo        8.62106        3.61335        4.03916        1        0.687807        -0.121305        0.330067
Mo        11.62030        5.51700        3.79990        1        0.412978        -1.569346        1.779222
Mo        8.85668        7.12425        3.80658        1        -1.538164        0.580743        0.119855
Mo        11.75503        9.02367        4.03289        1        -0.028712        -0.686044        -1.252925
Mo        15.08637        10.56847        3.82957        1        0.388218        -0.201005        1.059019
Mo        18.07454        1.62816        3.89019        1        0.100014        0.615872        0.385937
Mo        14.76771        3.45468        3.90328        1        -0.087109        -0.921149        0.121374
Mo        17.94858        5.19567        3.75949        1        0.587364        0.567307        0.745493
Mo        14.94971        6.89285        3.89387        1        -1.450911        -0.074513        -1.626711
Mo        17.94875        8.78527        3.88903        1        1.553990        -1.219819        -0.699503
Te        1.49583        1.92852        5.55458        2        -0.983026        -0.066927        0.620150
Te        4.28367        3.58483        5.66858        2        1.097416        -0.080356        0.893046
Te        1.57983        1.84261        2.24032        2        -1.204922        0.336880        -0.440576
Te        4.44395        10.63354        2.06680        2        0.229933        -0.250959        0.807418
Te        1.22513        5.54685        5.76048        2        -0.368820        -1.333673        -0.442185
Te        4.54691        7.15530        5.82783        2        -0.257618        -0.940835        -0.285723
Te        1.25756        5.58855        1.99855        2        0.234906        -0.768770        0.496344
Te        4.52900        3.49387        2.04333        2        -0.236178        0.644727        0.796168
Te        1.40223        8.78852        5.77078        2        -0.686829        0.636439        -0.276776
Te        4.50850        10.55810        5.81297        2        -0.414814        0.548469        0.124029
Te        1.37763        9.02361        2.15485        2        -0.415871        -1.292860        0.217110
Te        4.42250        7.15117        2.13787        2        0.797059        -0.613034        0.594400
Te        7.59653        1.89829        5.87639        2        -0.492973        -0.693487        -0.792481
Te        10.66912        3.65266        5.94787        2        0.199034        -0.027629        -1.311164
Te        7.58754        1.87308        2.31267        2        -0.333073        -0.517583        -0.578793
Te        10.73869        0.23490        2.23199        2        -0.015118        -0.919524        -0.157070
Te        7.66923        5.50883        5.65026        2        -0.148484        -0.402158        0.773549
Te        10.70076        7.24799        5.71297        2        0.473528        -0.378730        0.490349
Te        7.62744        5.25017        2.16078        2        -0.128262        0.694515        -0.130440
Te        10.68184        3.55099        2.22773        2        -0.108309        -0.115721        0.101271
Te        7.65015        8.80039        5.74303        2        0.131020        0.330580        -0.589812
Te        10.70400        0.05551        5.92772        2        -0.098074        0.146628        -0.590763
Te        7.69164        9.03027        2.18421        2        -0.652916        -1.052485        -0.388637
Te        10.86496        7.21214        1.97963        2        -0.483201        1.095962        -0.138800
Te        13.93021        1.46403        5.73590        2        0.312695        1.059293        -0.080195
Te        16.87938        3.44271        5.65734        2        0.465884        -0.162089        -0.467583
Te        13.89798        1.69037        2.07727        2        -0.674865        -0.324090        0.548221
Te        17.21627        10.54222        2.04577        2        -0.996743        0.134627        -0.447043
Te        13.64038        5.17197        5.57138        2        0.466327        0.647146        0.849621
Te        16.86753        6.95688        5.59701        2        1.175458        -0.344246        0.752666
Te        13.65941        5.19666        2.07327        2        0.842286        0.316154        -0.082881
Te        16.76052        3.34732        2.07080        2        1.132261        0.103975        0.333370
Te        13.95425        8.69414        5.65036        2        0.073175        0.676288        0.060722
Te        17.27895        10.40289        5.80665        2        -1.344707        1.367369        -0.311060
Te        13.88467        8.79830        2.23004        2        -0.020910        -0.001249        -0.403342
Te        16.91663        6.86089        1.89749        2        -0.076648        0.791838        0.900862
