54
Lattice="20.707852593 0.000456147 -0.025753600 -0.000245476 11.134156037 0.000007040 0.013560576 0.000001770 30.000000000" Properties=species:S:1:pos:R:3:tags:I:1:forces:R:3 energy=-315.36160440 stress= -14.71812 -12.67265 -1.11143 -0.57745 0.94969 -0.03057 pbc="T T T"
Mo        2.38785        10.88195        3.84736        1        -0.862877        -0.638396        -0.605897
Mo        4.92912        2.10366        3.91992        1        -0.176852        0.535054        0.475173
Mo        2.26825        4.09640        3.89108        1        0.384275        0.104166        0.784234
Mo        4.81375        5.58547        3.96825        1        0.257782        -0.155007        0.432514
Mo        2.28376        7.42361        3.71695        1        0.163256        -0.132685        -0.572799
Mo        4.77727        8.89133        3.96045        1        0.111374        0.506735        -0.027492
Mo        9.21884        10.94521        3.75278        1        -0.189210        -0.141786        -0.027002
Mo        11.74529        1.44115        3.92685        1        0.022144        0.426936        1.073577
Mo        9.31704        4.24435        3.88619        1        0.217412        -0.658222        -0.365550
Mo        11.67802        5.84027        3.94953        1        1.083880        0.194423        0.543849
Mo        9.21532        7.49359        3.63039        1        0.068014        -0.106400        0.702479
Mo        11.66198        9.22018        4.04972        1        -0.237707        0.025223        -0.360725
Mo        16.03344        11.01426        4.00905        1        0.345273        -0.141628        0.006522
Mo        18.68132        1.61555        3.90220        1        0.589591        -0.600854        -0.635632
Mo        16.05083        3.22324        3.95643        1        -0.174207        -0.161291        0.091920
Mo        18.61948        5.99043        3.88893        1        -0.095141        0.424615        0.396856
Mo        16.00048        7.59238        3.98766        1        0.294643        0.528124        -1.033364
Mo        18.69669        9.27613        4.02053        1        -0.338446        0.568613        -0.119782
Te        0.97438        1.84729        5.18092        2        -0.378720        0.052434        -0.469472
Te        4.12424        3.77216        5.96292        2        -0.235778        -0.023001        -0.828622
Te        6.19783        11.07270        2.73855        2        0.574560        -0.130093        0.249313
Te        2.89395        2.00651        2.24614        2        -0.067093        -0.492694        -0.569861
Te        0.72544        5.85532        5.31799        2        -0.436371        -0.487796        0.074446
Te        3.84955        7.27765        5.87257        2        0.488884        0.151192        0.292584
Te        6.62783        3.84147        2.68284        2        -0.209271        -0.125086        -0.250298
Te        3.18554        5.52409        1.82638        2        -0.410487        0.570009        0.257664
Te        0.63858        9.28959        5.33766        2        0.431051        -0.004334        -0.425867
Te        4.19981        11.13183        5.68900        2        0.630758        -0.255695        0.260824
Te        6.48843        7.35001        2.42766        2        -0.169512        0.133111        -0.119072
Te        3.16145        9.21919        1.83143        2        -0.256162        0.140440        0.090619
Te        7.88308        2.02344        4.91173        2        -0.324675        -0.248573        0.132636
Te        11.26622        3.78796        5.69758        2        -0.331257        -0.397009        -0.367303
Te        13.43424        11.06800        2.63935        2        0.264757        -0.551950        -0.163583
Te        9.96453        2.00608        2.07490        2        -0.494373        -0.225598        0.170198
Te        7.57171        5.68798        5.24795        2        -0.168557        0.334604        0.058715
Te        10.75783        7.46163        5.89623        2        0.153841        -0.054682        -0.303524
Te        13.34523        3.48234        2.81786        2        -0.134166        0.685993        0.104909
Te        10.15387        5.70097        1.81126        2        -0.443685        0.110735        -0.384785
Te        7.41378        9.14794        5.14160        2        0.387544        0.406053        -0.183401
Te        10.84104        11.03381        5.94224        2        0.015651        -0.028118        -0.309136
Te        13.47039        7.58155        2.51534        2        -0.547408        -0.367450        0.336971
Te        10.09938        9.28384        1.80701        2        -0.145611        0.223571        0.037902
Te        14.42229        1.64134        5.46259        2        0.138847        0.014958        -0.225005
Te        18.09369        3.62722        5.58829        2        -0.072016        0.750874        0.362479
Te        20.36857        11.02533        2.43808        2        -0.078331        0.338434        0.410116
Te        16.80166        1.52706        1.98353        2        0.024985        0.391339        0.106935
Te        14.63756        5.53061        5.17188        2        -0.399996        -0.537648        -0.342784
Te        17.83274        7.59992        5.93582        2        0.341331        -0.423099        0.251031
Te        20.14642        3.85104        2.98138        2        0.204649        -0.051167        -0.116092
Te        16.55044        5.44661        2.24143        2        0.254133        0.079345        0.183517
Te        14.23319        9.06583        5.39188        2        0.347227        0.864708        0.244917
Te        18.06319        0.10971        5.91592        2        -0.501875        -0.930068        0.227494
Te        20.19760        7.55961        2.37033        2        0.138900        -0.237403        0.332512
Te        16.83659        9.27910        2.03179        2        -0.069246        -0.241390        0.135217
