54
Lattice="19.173937585 0.000456147 -0.025753600 -0.000245476 10.515591813 0.000007040 0.013560576 0.000001770 30.000000000" Properties=species:S:1:pos:R:3:tags:I:1:forces:R:3 energy=-318.38342335 stress= -1.28159 -1.76003 -2.26125 -0.08328 -0.62738 0.10166 pbc="T T T"
Mo        2.02356        0.13365        3.99480        1        2.841852        -0.030825        0.276759
Mo        4.42113        1.80347        4.06395        1        0.708261        -0.028533        -0.329172
Mo        2.13647        3.55457        3.88416        1        0.898497        0.117972        -0.378489
Mo        4.50131        5.33262        4.12094        1        0.458978        -0.277056        -1.136323
Mo        2.23735        7.10341        3.72313        1        -0.230468        -0.382909        0.936370
Mo        4.45957        8.80731        4.06416        1        -0.901768        -0.634922        -1.558143
Mo        8.46356        10.47803        3.84563        1        1.073473        0.425951        -0.818583
Mo        10.80703        1.79399        4.40641        1        -0.280156        0.003070        -2.024005
Mo        8.57656        3.58857        3.77974        1        0.383894        -0.208255        0.255828
Mo        10.75769        5.20325        3.96651        1        1.710942        0.252109        1.010865
Mo        8.41964        7.03214        3.72500        1        0.894633        -0.264974        0.457386
Mo        10.76744        8.59672        4.01235        1        -0.324749        -0.051464        -0.990624
Mo        14.98969        10.49929        3.81103        1        -0.332995        -0.238644        -0.351805
Mo        17.17320        1.86082        3.91893        1        -0.093465        -0.020547        1.193821
Mo        14.81444        3.36913        3.85022        1        0.457522        0.012438        -1.163803
Mo        17.24719        5.27167        3.75093        1        -0.271545        -0.264879        1.563306
Mo        14.87514        6.94840        3.70973        1        0.807597        -0.431232        -0.410977
Mo        17.28734        8.64144        4.02696        1        -0.374628        0.866364        -0.665132
Te        0.46287        1.86140        5.43815        2        0.154506        0.253450        0.347977
Te        4.19129        3.57563        6.01818        2        -1.502565        -0.561093        0.561149
Te        5.99534        0.01488        2.51755        2        0.035105        0.448731        -0.410511
Te        2.75211        1.73530        1.94495        2        0.204644        0.685463        0.059505
Te        0.52237        5.29983        5.25249        2        0.032912        0.232228        -0.055274
Te        3.86515        7.00130        6.05498        2        -0.455587        0.486781        -0.357127
Te        6.11754        3.49358        2.42289        2        -0.425345        0.151504        0.207088
Te        3.08983        5.36560        1.91883        2        -1.019220        -0.820899        -0.494285
Te        0.67624        8.75434        5.27069        2        -0.960756        -0.481087        1.061315
Te        4.18117        10.47076        6.02523        2        -1.280185        1.095007        0.602550
Te        6.01987        7.02988        2.36283        2        -0.267128        -0.089603        0.557869
Te        2.77828        8.96728        1.90360        2        0.077338        -0.199837        0.149701
Te        7.02578        1.88003        5.26427        2        -0.394150        -0.706587        0.604339
Te        10.16533        3.68132        6.18113        2        -0.205490        -0.670498        -0.596151
Te        12.34527        0.01277        2.79158        2        0.396787        -0.079829        -0.468430
Te        9.49964        1.72782        1.91529        2        -0.616173        0.019129        1.162748
Te        7.00488        5.14334        5.43010        2        0.190505        1.305410        -0.338139
Te        10.07582        6.86773        5.97621        2        -0.149579        0.662879        -0.528633
Te        12.28669        3.33941        2.47568        2        0.523507        0.201037        0.754435
Te        9.33468        5.28177        1.80804        2        -0.994145        0.218218        -0.593657
Te        6.84071        8.89539        5.29745        2        1.117543        -1.230489        0.813785
Te        10.07402        10.30643        6.00252        2        0.009155        0.147580        0.677906
Te        12.46390        6.88176        2.32548        2        -0.844017        0.427714        0.396535
Te        8.82122        8.87579        1.69942        2        1.110253        -0.542008        1.081271
Te        13.44383        1.73679        5.70931        2        -0.100213        -0.202077        -0.999257
Te        16.58757        3.60537        5.88117        2        0.114777        -0.025328        -0.344655
Te        18.97141        0.25286        2.66868        2        -1.466013        -1.447180        -1.646423
Te        15.61914        1.61580        1.63625        2        -0.393784        0.328743        1.618301
Te        13.38528        5.28288        5.33943        2        -0.697989        -0.493334        0.041367
Te        16.49321        6.96976        5.86429        2        0.239589        -0.516527        0.034236
Te        18.92291        3.39620        2.32164        2        -0.389455        0.939588        0.013085
Te        15.38513        5.08904        1.76335        2        0.163458        0.074299        0.192188
Te        13.31169        8.58991        5.29238        2        -0.043835        0.614443        0.236943
Te        16.66886        10.47506        5.93093        2        -0.049464        0.450217        -0.333435
Te        18.76265        7.05701        2.32875        2        0.767095        0.034686        -0.355674
Te        15.70861        8.66760        1.80272        2        -0.287401        0.463107        0.467138
