54
Lattice="20.272644424 0.000008540 -0.000615361 -0.000005198 11.703913521 0.000045896 0.042448411 0.000094922 30.000000000" Properties=species:S:1:pos:R:3:tags:I:1:forces:R:3 energy=-309.95609198 stress= -22.60504 -22.53285 -1.47423 -0.83994 -1.20102 0.53561 pbc="T T T"
Mo        2.54711        11.56071        3.97889        1        1.322963        1.373952        -0.722784
Mo        5.66590        1.83148        3.93190        1        0.124289        0.600029        1.042149
Mo        2.68462        4.16197        3.90468        1        -0.181410        -0.802358        0.437912
Mo        6.04263        5.70101        4.12440        1        -0.023646        1.291031        -0.496409
Mo        2.71071        7.85822        3.90603        1        0.069609        -0.646362        0.170906
Mo        6.01732        9.88793        3.92850        1        -0.375869        -0.382114        0.702523
Mo        9.23940        11.69932        3.95503        1        0.652879        -0.370157        0.446493
Mo        12.73483        1.99787        4.11227        1        -0.247801        -0.811301        -0.612330
Mo        9.36898        3.73958        4.24425        1        -0.690310        0.734695        -1.746379
Mo        12.61767        5.72326        3.92305        1        -0.244833        0.697168        -0.638950
Mo        9.15504        7.77821        4.09561        1        0.837198        0.281135        0.063326
Mo        12.74645        9.87028        4.10322        1        -0.263932        -0.486639        -0.571536
Mo        16.09080        11.67417        3.74047        1        0.656308        0.991533        -0.360939
Mo        19.70117        1.93502        3.74551        1        -1.196672        0.242475        -0.010029
Mo        15.97515        3.84240        3.79665        1        1.004662        1.033983        0.411080
Mo        19.40892        5.83363        3.80188        1        -0.186313        0.102843        -0.783883
Mo        15.93787        7.83828        3.69290        1        -0.157248        0.517216        0.783867
Mo        19.46353        9.62558        3.84646        1        0.732565        0.032873        -0.257916
Te        1.60001        2.05448        5.59819        2        -0.257785        -0.014649        -0.443264
Te        4.76337        4.11775        5.78162        2        -0.425721        -1.242165        0.030343
Te        1.62949        2.13392        2.22792        2        0.465158        -0.475671        -0.080937
Te        4.76554        11.59724        2.14491        2        -0.342218        0.236227        0.658835
Te        1.28884        6.10592        5.48606        2        0.459560        -0.600036        0.459494
Te        4.93026        7.89544        5.58611        2        0.085181        -0.216297        0.231395
Te        1.55395        5.94020        2.13946        2        -0.262333        0.253627        0.143928
Te        4.88254        3.96521        2.21033        2        -0.054557        -0.124166        0.555124
Te        1.52188        9.79068        5.63194        2        -0.792499        -0.893485        0.224533
Te        4.72592        11.67841        5.86131        2        -0.057403        -0.051321        -1.357085
Te        1.67992        9.53423        2.21450        2        -1.086729        1.187125        -0.619348
Te        5.14954        7.72094        2.28496        2        -0.558837        0.181849        0.384112
Te        8.12299        1.80908        5.71126        2        -0.627075        0.103096        0.018919
Te        11.64140        3.81165        5.71790        2        0.031744        0.466490        0.921044
Te        7.85951        1.83825        2.35634        2        1.149848        0.254942        0.051087
Te        11.64907        0.12145        2.36992        2        -0.453126        -0.197171        0.336515
Te        8.33036        5.81930        5.84185        2        -0.460922        -0.412394        0.187605
Te        11.68723        7.65996        5.67267        2        -0.519492        0.592530        -0.048069
Te        8.10889        5.76074        2.42321        2        1.066249        -0.355238        0.025546
Te        11.45212        3.83151        2.27305        2        -0.039859        -0.325453        0.574168
Te        8.10836        9.91675        5.76131        2        0.184536        -0.468733        -0.178819
Te        11.47965        11.54769        5.88233        2        0.194959        0.741876        -0.845432
Te        8.24258        9.70402        2.35410        2        -0.054359        0.220003        -0.712837
Te        11.39589        7.95511        2.37438        2        0.299101        -0.451425        0.374964
Te        15.13188        1.85818        5.60167        2        -0.236330        0.289590        -0.043937
Te        18.31663        3.81799        5.35047        2        0.204896        -0.021679        0.440800
Te        14.81325        2.09368        2.26251        2        -0.230325        -1.189895        -0.946125
Te        18.61256        11.63913        2.04275        2        -0.411945        -0.095223        0.441975
Te        14.88871        5.95328        5.41841        2        0.341615        -0.537505        0.655068
Te        18.25105        7.68474        5.53467        2        -0.264015        0.268125        -0.440192
Te        14.76777        5.82986        2.12364        2        0.036398        -0.088735        -0.148683
Te        18.34605        3.79482        1.97569        2        -0.000020        0.162312        0.807751
Te        15.12608        9.96656        5.54802        2        -0.328440        -1.013768        0.024722
Te        18.43790        0.02583        5.38766        2        0.018815        -0.284692        0.133256
Te        14.75456        9.89825        2.05958        2        0.181805        -0.369051        0.515115
Te        18.11177        7.75290        2.12159        2        0.918165        0.061406        -0.200714
