54
Lattice="19.535457354 0.000008540 -0.000615361 -0.000005198 10.639921383 0.000045896 0.042448411 0.000094922 30.000000000" Properties=species:S:1:pos:R:3:tags:I:1:forces:R:3 energy=-314.64623742 stress= -11.45111 -1.04436 -2.37586 -3.94660 1.49006 0.61454 pbc="T T T"
Mo        2.59779        10.51952        3.88652        1        -1.264928        0.141692        0.949535
Mo        5.98113        1.72706        3.89234        1        -0.525920        -0.371246        0.582446
Mo        2.55780        3.39257        3.85734        1        -0.042492        1.694555        0.356557
Mo        5.67308        5.29672        3.81247        1        0.048535        -0.446459        -0.120797
Mo        2.21506        7.33647        4.28642        1        0.611705        -2.339941        -3.210834
Mo        5.79020        8.89507        3.79307        1        0.636906        -0.385652        0.766387
Mo        9.19181        10.58567        4.13067        1        0.320722        0.010065        -0.648301
Mo        12.46274        1.63781        3.87972        1        0.362349        0.380026        2.281238
Mo        9.13976        3.55420        3.97451        1        0.422153        -0.028290        1.397351
Mo        11.98146        5.18860        3.88199        1        1.730583        1.235395        1.283563
Mo        8.90127        6.88993        3.96158        1        1.470666        2.919495        -0.305030
Mo        12.22102        8.91842        4.05479        1        -0.219869        -0.478767        0.957668
Mo        15.63677        0.09106        3.96422        1        -0.538456        -0.020879        0.244325
Mo        18.80896        1.73448        3.67072        1        -1.122638        0.622038        2.022193
Mo        15.50915        3.57542        3.94549        1        0.965750        1.030895        -0.707967
Mo        18.47764        5.29523        3.65353        1        1.418337        0.816515        1.672984
Mo        15.27531        7.29391        3.73469        1        1.525885        -1.227399        1.807540
Mo        18.59119        8.86816        3.86151        1        2.004659        -0.210904        -0.271387
Te        1.32054        1.75125        5.57832        2        0.584591        -0.653195        -0.010141
Te        4.78417        3.56489        5.60960        2        -0.633573        -0.787558        -0.030434
Te        1.37418        1.70288        2.17763        2        1.350477        -0.356436        -1.635882
Te        4.71804        10.54585        2.10638        2        0.000631        0.913893        -0.406369
Te        1.23107        5.08718        5.74189        2        0.001108        0.793650        -1.271322
Te        4.56191        7.28910        5.61676        2        0.241698        -0.916230        0.330111
Te        1.25833        5.59494        2.19185        2        0.478264        -0.851086        0.872391
Te        4.69756        3.35019        2.03025        2        0.139361        0.461752        0.520047
Te        1.02994        8.74194        6.05216        2        0.081775        1.380671        -0.665590
Te        4.75236        10.53133        5.71453        2        0.018178        0.922297        -0.757377
Te        1.29067        8.89875        2.01583        2        0.177892        -0.225977        1.635833
Te        4.47657        7.02935        2.27563        2        -0.752324        0.838604        -0.615318
Te        8.16835        1.80661        5.85876        2        -0.693967        0.208806        -0.762360
Te        11.30617        3.73687        6.11615        2        -0.451728        -0.962847        -2.023512
Te        8.26746        1.67334        2.29428        2        -0.924219        0.061653        -0.471789
Te        11.24374        10.50858        2.24496        2        -0.414634        0.858292        -0.394861
Te        7.61726        5.45083        5.61038        2        0.613050        -1.701849        1.530260
Te        11.02024        7.08340        5.80409        2        -0.107863        -0.337215        -0.788092
Te        7.95954        5.21004        2.17941        2        -0.524613        -0.495807        -0.674091
Te        11.32773        3.28496        2.14525        2        -0.825066        0.598963        -0.232127
Te        7.82461        8.95037        5.70069        2        0.076445        -1.172687        -0.126821
Te        11.18131        10.63586        6.08237        2        0.618178        0.109951        -1.793841
Te        8.14071        8.67873        2.11185        2        -0.865882        0.964071        0.700681
Te        11.14130        7.20526        2.13052        2        -0.148586        -1.068812        0.764284
Te        14.71897        1.96065        5.74356        2        -1.496774        -1.372868        0.697340
Te        17.65612        3.60139        5.58073        2        0.383910        -0.320497        -0.169215
Te        14.80160        1.79237        2.11172        2        -1.968617        -0.029005        -0.252080
Te        17.60010        10.54387        2.07833        2        0.142362        0.543640        -0.815514
Te        14.31394        5.56764        5.62223        2        -0.500149        -0.867123        -0.590621
Te        17.48064        7.11252        5.48407        2        -0.597712        -0.517090        0.244556
Te        14.26816        5.25951        2.25150        2        -0.716562        0.450731        -0.800633
Te        17.58105        3.49149        1.99615        2        -0.267136        -0.004968        -0.592848
Te        14.38506        8.97097        5.73134        2        0.242205        0.157933        -0.154145
Te        17.81546        0.09043        5.55986        2        -0.487899        0.085001        0.973682
Te        14.26008        9.09445        2.22762        2        -0.248676        0.370279        -1.120585
Te        17.45254        7.21137        2.00021        2        -0.273053        -0.400154        -0.181290
