54
Lattice="20.641237959 0.000008540 -0.000615361 -0.000005198 11.916711949 0.000045896 0.042448411 0.000094922 30.000000000" Properties=species:S:1:pos:R:3:tags:I:1:forces:R:3 energy=-304.66000247 stress= -23.95655 -23.65958 -0.44065 -0.90876 -0.86913 0.22638 pbc="T T T"
Mo        2.41603        11.79835        4.03170        1        0.024459        0.072217        -0.081395
Mo        6.05346        1.78380        4.43261        1        0.047479        0.561989        -0.823190
Mo        2.85389        3.99573        4.16123        1        -1.523628        -0.644390        -0.228690
Mo        6.03162        5.82214        3.99940        1        0.064507        0.284679        1.005848
Mo        2.60982        7.98508        3.73192        1        0.500623        -1.159005        -0.259945
Mo        6.06650        9.74883        4.38742        1        -0.036305        0.924188        -0.716706
Mo        9.50102        11.71282        4.16603        1        0.171188        0.355602        0.386808
Mo        12.84220        1.89252        3.73609        1        0.569032        0.436351        0.721661
Mo        9.46509        4.06688        4.24035        1        0.684760        -0.688589        -1.629674
Mo        13.10979        6.09231        3.84287        1        -0.186123        0.059324        -0.299766
Mo        9.59656        7.91620        4.10786        1        -1.390667        0.276044        0.294676
Mo        13.02153        10.25058        3.89634        1        1.155684        -0.843638        1.183068
Mo        16.50765        0.25647        3.70260        1        -0.323274        -0.487385        0.143667
Mo        19.76033        1.98408        3.57095        1        0.028808        0.318158        0.200015
Mo        16.13409        4.15191        3.74642        1        0.736139        -0.226627        0.121940
Mo        19.80634        6.05818        3.47575        1        -0.171716        -0.102696        0.436480
Mo        16.38010        8.00376        3.94352        1        0.029006        -0.480470        0.245444
Mo        19.88353        9.75167        3.55728        1        -0.577113        1.022398        -0.136399
Te        1.16420        2.06180        5.53154        2        0.403915        -0.092451        0.048826
Te        4.94899        3.72354        5.97891        2        -0.109225        0.957736        -0.112780
Te        1.60389        1.92507        2.30617        2        0.069442        0.317785        -0.111170
Te        4.76141        11.90527        2.69376        2        0.872454        -0.555347        -0.259915
Te        1.19774        6.09637        5.35195        2        0.887316        -0.308629        0.385773
Te        4.70642        7.82138        5.63544        2        -0.018434        -0.542673        0.444762
Te        1.75596        5.75724        2.14938        2        -0.289877        0.426800        0.210618
Te        5.06676        3.74988        2.57045        2        0.133532        -0.312078        -0.332564
Te        1.31176        9.64265        5.38413        2        -0.146715        0.708870        0.821472
Te        4.61285        0.01108        5.96707        2        0.123637        -0.916893        -0.099136
Te        1.64969        9.83708        1.96708        2        -0.404783        0.465305        0.477362
Te        5.10844        7.87937        2.32993        2        -0.149405        0.269906        0.397976
Te        8.63569        2.11473        5.90817        2        -0.651719        -1.066798        -0.197205
Te        12.02151        4.08894        5.43097        2        -0.355114        -0.416350        0.581143
Te        8.09677        1.62005        2.53119        2        0.618344        0.391517        0.565292
Te        11.67631        11.76887        2.26295        2        -0.883308        1.086400        -0.757682
Te        8.36348        5.89967        5.75953        2        -0.345457        0.711146        0.253549
Te        11.99442        8.09548        5.40133        2        0.240419        0.038692        1.846364
Te        8.25118        5.92955        2.39762        2        0.642560        -0.044813        0.105614
Te        11.66127        3.97764        2.28059        2        -0.156559        0.333748        -0.041911
Te        8.41675        9.65195        6.12802        2        -0.028490        0.350468        -1.453236
Te        11.89161        0.04372        5.67520        2        -0.142352        0.277875        0.257271
Te        8.22223        9.85689        2.53883        2        0.193404        -0.269410        0.393848
Te        11.83144        8.32559        2.46932        2        -0.266167        -1.218138        -2.030851
Te        15.32985        2.06439        5.42651        2        -0.645427        0.214384        -0.254902
Te        18.55426        4.11903        5.21638        2        0.129780        -0.124922        -0.342353
Te        14.97676        2.09464        2.01015        2        0.560072        0.093184        0.345589
Te        18.53281        11.89625        1.87362        2        0.830857        0.153615        0.199385
Te        15.15456        6.00460        5.76326        2        0.367820        0.152497        -1.337337
Te        18.76192        8.04720        5.41539        2        -0.147131        -0.567253        -0.426973
Te        15.23919        6.12850        2.05426        2        -0.344472        0.131877        0.431019
Te        18.72232        4.09619        1.90172        2        -0.517673        -0.388697        0.198316
Te        15.58616        10.25458        5.48055        2        -0.579290        -0.252540        0.465863
Te        18.81649        0.03333        5.29775        2        -0.040270        -0.193915        -0.349559
Te        15.32813        9.99983        2.34168        2        -0.215010        0.367947        -1.030666
Te        18.39671        7.93251        1.97789        2        0.563910        0.136487        0.148596
