54
Lattice="19.173937585 0.000456147 -0.025753600 -0.000245476 11.134156037 0.000007040 0.013560576 0.000001770 30.000000000" Properties=species:S:1:pos:R:3:tags:I:1:forces:R:3 energy=-315.48883301 stress= -5.04848 -11.14238 -0.30102 0.98796 -1.56513 -0.01296 pbc="T T T"
Mo        2.00775        11.08183        3.81882        1        1.317618        0.534776        0.469956
Mo        4.39000        1.83687        3.80616        1        0.988064        -0.929856        0.897296
Mo        2.19148        3.72156        3.79379        1        0.347393        0.062491        -0.992133
Mo        4.50793        5.63863        3.85371        1        -0.092764        -0.534249        1.074120
Mo        2.18667        7.46083        4.00966        1        0.246560        -0.334721        -1.402205
Mo        4.40322        9.23941        3.91433        1        1.144646        -0.102358        0.906144
Mo        8.73620        0.08609        3.80378        1        -0.942620        0.147822        -0.966243
Mo        10.96689        1.88088        3.96864        1        -0.768835        -1.020989        -1.125245
Mo        8.43612        3.65499        3.64406        1        0.877244        -0.159262        -0.526465
Mo        10.80423        5.80858        3.92515        1        0.204267        -2.503445        -0.414298
Mo        8.49050        7.59996        3.80960        1        0.794929        -1.253882        0.011342
Mo        10.91591        9.15530        3.93599        1        -0.019074        0.753515        1.472059
Mo        15.05518        10.94443        3.94848        1        -0.898801        0.140482        -0.520565
Mo        17.23069        2.14509        4.03744        1        -0.149637        -0.059708        1.493035
Mo        14.89509        4.08632        3.90103        1        -1.463534        -2.021586        0.421104
Mo        17.20714        5.52260        4.38670        1        0.020615        0.154504        -2.869493
Mo        15.03872        7.45789        3.80122        1        -0.734760        -1.379553        2.236892
Mo        17.11541        9.34619        4.08666        1        1.429870        -0.780730        0.941200
Te        0.76436        2.06810        5.50071        2        -0.825606        -0.749076        -0.538513
Te        3.99412        3.50452        5.79594        2        -0.041104        1.265164        0.077045
Te        6.20219        0.14891        2.35533        2        -0.589541        -0.787309        0.241326
Te        2.60064        1.77549        1.90052        2        -0.483767        0.243424        -0.880067
Te        0.69771        5.51078        5.19569        2        -0.179035        0.144746        1.174812
Te        4.20528        7.31185        5.95614        2        -0.494882        0.460919        -0.820605
Te        5.87150        3.63670        2.33061        2        0.526467        0.669460        -0.139379
Te        2.63010        5.71146        1.87347        2        0.175053        -0.289369        0.558058
Te        0.70485        9.26864        5.35176        2        -1.303157        0.229100        0.445859
Te        4.01702        11.12696        5.78597        2        -0.651806        -0.156488        -0.214202
Te        5.99799        7.44445        2.33603        2        0.065018        0.158411        0.186398
Te        2.59912        9.20226        1.97372        2        -0.214301        0.130267        -0.562176
Te        6.96612        1.80463        5.19181        2        0.120782        0.184466        -0.039833
Te        10.09616        3.58387        5.72105        2        0.146994        1.120509        0.591335
Te        12.65595        11.05728        2.65474        2        -0.937500        -0.055438        -0.069162
Te        9.13610        1.90643        1.69133        2        0.542457        -0.421783        1.042315
Te        7.14425        5.47604        5.26067        2        -0.751299        0.537867        -0.388053
Te        10.43135        7.30665        5.86542        2        -1.214241        1.555359        1.514382
Te        12.17396        3.82704        2.31308        2        0.823191        -0.111749        0.682044
Te        9.29367        5.63641        1.76677        2        -0.828008        0.082160        0.386349
Te        7.11477        9.32999        5.32738        2        -0.495428        0.205233        0.075017
Te        10.20540        11.00269        6.01871        2        0.667400        0.146250        -0.920541
Te        12.50761        7.35731        2.54405        2        0.029509        0.478492        -0.778636
Te        9.12045        9.30897        1.94553        2        0.284307        0.465092        -1.261843
Te        13.45145        1.89903        5.38089        2        -0.043221        -0.025868        -0.654597
Te        16.29098        3.81211        6.10105        2        0.698446        -1.166971        0.932004
Te        18.58912        0.13640        2.51304        2        0.116814        -0.491810        0.500256
Te        15.39535        1.98370        2.09169        2        0.242929        -0.282226        0.449356
Te        13.23489        5.59918        5.45975        2        0.337542        0.047066        -0.433714
Te        16.47246        7.30382        6.14902        2        -0.017487        1.320385        -0.156663
Te        18.83247        3.65576        2.44105        2        -0.276888        0.361837        0.416512
Te        15.80657        5.48083        2.00403        2        0.229986        1.077998        -0.687665
Te        13.33617        9.09836        5.54212        2        0.528896        0.482487        -0.810925
Te        16.69850        0.15897        6.00657        2        0.254615        -0.047226        -0.181179
Te        18.58859        7.28355        2.76378        2        1.000270        0.881177        -0.033822
Te        15.55584        9.03573        1.88513        2        0.259271        1.583392        -0.784858
