54
Lattice="20.272644424 0.000008540 -0.000615361 -0.000005198 10.639921383 0.000045896 0.042448411 0.000094922 30.000000000" Properties=species:S:1:pos:R:3:tags:I:1:forces:R:3 energy=-310.91410627 stress= -16.32328 -3.97435 -1.15866 -1.22173 -0.35549 0.79870 pbc="T T T"
Mo        2.70596        0.07964        3.94204        1        -0.147314        -2.446702        0.755172
Mo        6.10365        1.63430        4.09929        1        0.244113        -0.347829        0.106049
Mo        2.56438        3.28051        4.40988        1        -0.422524        1.276731        -0.827510
Mo        6.04330        5.23483        4.06121        1        -0.956698        -0.762169        0.925088
Mo        2.48739        7.08457        3.91949        1        0.601920        0.883620        -0.527187
Mo        6.17594        8.69988        3.95105        1        -1.442107        -0.324824        0.964863
Mo        9.38521        0.24702        3.81608        1        -0.331960        -0.430029        0.086942
Mo        12.69096        1.87806        3.90862        1        0.792953        0.121274        -1.666019
Mo        9.35289        3.65216        3.79227        1        0.451570        -0.207400        0.705243
Mo        12.95392        5.65148        3.76588        1        -1.627848        -0.637544        0.095908
Mo        9.48828        7.12980        4.00902        1        -0.672724        1.069230        -0.993551
Mo        12.50946        8.95326        3.92181        1        0.212948        1.039127        -1.522554
Mo        15.95981        10.34348        3.88862        1        -1.745676        1.771383        -2.129914
Mo        19.46495        1.77730        3.94165        1        0.458666        0.107604        -1.962932
Mo        16.35376        3.55406        3.69138        1        -0.677659        -0.946315        1.790820
Mo        19.47922        5.40219        4.02234        1        0.590759        -1.129560        -0.079315
Mo        15.93254        6.77815        3.73062        1        1.488646        3.875000        1.645603
Mo        19.71084        8.87753        4.07315        1        -3.260246        0.623301        -2.642677
Te        1.17007        1.34969        5.84303        2        0.566022        1.700239        0.176152
Te        4.99101        3.39568        5.87910        2        -0.245597        -0.150824        0.342837
Te        1.72067        1.88628        2.34718        2        -1.542626        -0.350469        -0.812834
Te        5.00240        10.47631        2.27957        2        -0.080731        0.236612        0.321334
Te        1.57484        5.37743        5.70635        2        -1.492231        -0.203998        1.269604
Te        4.58731        6.88447        5.80483        2        1.079892        0.744504        -0.892897
Te        1.38212        5.27354        2.23803        2        0.104547        -0.350444        0.988877
Te        4.53914        3.34035        2.62178        2        1.615361        0.065148        -0.785750
Te        1.33129        8.95646        5.72978        2        2.155898        -0.800357        0.591524
Te        4.84796        10.46388        5.93709        2        0.624327        0.023264        -1.627952
Te        1.32919        9.02358        2.07886        2        1.039156        -0.422148        0.908393
Te        4.70786        6.60953        2.26892        2        0.144014        1.983697        -0.275061
Te        8.41191        1.96502        5.81448        2        -0.330612        -0.435640        -1.189928
Te        11.86677        3.69588        5.58114        2        -1.073959        1.158845        -0.132465
Te        8.14932        1.89111        2.03790        2        -0.264145        0.240519        0.744306
Te        11.38135        0.02301        1.95648        2        0.824071        1.036942        0.889088
Te        8.29634        5.29369        5.68024        2        0.081664        0.392089        0.342279
Te        11.45500        7.42016        5.77233        2        0.892886        -1.492306        0.227910
Te        8.08475        5.56012        2.30864        2        0.365763        -0.970313        -0.792426
Te        11.66152        3.78120        2.12651        2        -0.215569        0.004482        0.252425
Te        8.40903        9.04757        5.61255        2        -0.603783        -0.132430        -0.014690
Te        11.53985        0.26240        5.53580        2        -0.488997        -0.749129        1.189819
Te        8.27810        8.87105        2.11320        2        -0.104202        0.370800        0.879934
Te        11.39329        7.48906        2.00234        2        0.373723        -1.810381        0.439892
Te        15.10841        1.83056        5.62770        2        -0.388582        -0.540993        -0.886813
Te        18.53259        3.56102        5.70060        2        -0.870076        0.293220        0.076103
Te        14.80826        1.88117        2.18814        2        0.811043        -1.351864        -0.169680
Te        18.10444        10.35067        2.11085        2        0.834837        0.621211        0.687416
Te        14.92617        5.11405        5.49667        2        0.745306        0.271264        0.902205
Te        18.15217        7.39404        5.67024        2        0.035053        -1.739540        -0.046022
Te        15.15836        5.19055        1.99066        2        -1.321384        -0.700915        -2.145667
Te        18.46201        3.50759        2.00339        2        0.686733        0.233771        0.731956
Te        14.66406        8.72609        5.56209        2        0.712581        -0.777404        0.154503
Te        18.00855        0.13322        5.39381        2        1.565354        -0.937641        2.148062
Te        14.64068        8.68467        2.00382        2        0.592168        -0.031271        0.995914
Te        18.39217        6.94472        2.22413        2        -0.342120        1.038062        -0.215008
