54
Lattice="19.173937585 0.000456147 -0.025753600 -0.000245476 11.134156037 0.000007040 0.013560576 0.000001770 30.000000000" Properties=species:S:1:pos:R:3:tags:I:1:forces:R:3 energy=-316.30223671 stress= -4.06289 -8.52167 -0.38674 -1.00319 -0.36024 0.85185 pbc="T T T"
Mo        2.18643        0.04711        3.58589        1        0.667150        -0.407785        1.503916
Mo        4.74509        2.01471        3.80609        1        -2.582317        -0.451850        1.068341
Mo        2.05606        3.44058        3.91983        1        -0.303933        0.989200        0.369725
Mo        4.46807        5.59588        4.28469        1        0.151809        -0.205112        -0.536313
Mo        2.24243        7.52969        3.95815        1        -0.453072        1.184802        1.615249
Mo        4.57084        8.69800        4.04922        1        -0.756468        2.262825        -0.075593
Mo        8.57043        10.84699        3.76160        1        0.106428        -0.487687        0.090096
Mo        10.77354        1.48970        3.89011        1        0.702067        1.019301        1.283429
Mo        8.77623        3.84128        3.64457        1        -0.420960        0.934543        -1.296495
Mo        10.82634        5.83141        3.81887        1        0.853892        0.232397        1.109410
Mo        8.53536        7.44229        3.79221        1        1.068328        -0.326668        -0.072305
Mo        10.92894        9.21404        3.88106        1        0.261430        0.360467        -0.254428
Mo        14.87841        0.20724        3.80752        1        0.257448        -0.697836        -0.075548
Mo        17.09834        1.83780        4.11138        1        0.736666        0.861536        -1.602905
Mo        14.89810        3.68841        3.80484        1        -0.213480        -0.535008        0.331211
Mo        17.08865        5.41341        4.34553        1        -0.137044        -0.052888        -1.783419
Mo        14.96895        7.48029        3.83447        1        -0.277506        -0.251260        -0.799861
Mo        17.19895        9.58262        4.00143        1        0.322669        -0.419873        -0.005359
Te        0.51213        1.96241        5.56265        2        0.091614        -0.474656        -0.595523
Te        3.86667        3.57439        5.84627        2        0.182249        -0.490317        1.385651
Te        5.88831        10.95628        2.80803        2        0.557471        -0.919098        -0.130837
Te        2.73640        2.01952        1.88429        2        0.485974        -0.206639        -1.077421
Te        0.54592        5.55824        5.44445        2        0.381086        -0.333677        -0.165489
Te        3.79573        7.38795        6.24490        2        0.027354        -0.414309        -0.561424
Te        6.10315        3.69981        2.54085        2        1.293024        1.298299        -0.861957
Te        2.71968        5.67930        2.31756        2        0.199524        -1.806983        -1.740041
Te        0.69029        9.44060        5.23023        2        -0.475640        0.216163        0.016487
Te        3.91175        0.05608        5.64761        2        0.093387        -0.601813        -0.250724
Te        6.13109        7.17014        2.55901        2        -0.615315        -0.085970        -0.503277
Te        2.73020        9.25399        1.80510        2        0.480219        -0.227823        0.594131
Te        7.36685        1.83558        5.08471        2        -0.474624        0.166749        0.114467
Te        10.28315        3.93616        5.79259        2        0.365011        -0.710854        -0.356649
Te        12.54936        0.07810        2.29012        2        -1.082931        -0.295897        0.267447
Te        9.03636        1.72601        1.89392        2        0.021117        -0.108638        -0.264006
Te        7.21140        5.36194        5.34747        2        -0.220740        0.615461        -0.105304
Te        10.29167        7.62877        5.87599        2        0.055873        -1.083762        -0.035203
Te        12.30282        3.65388        2.52683        2        -0.255280        0.156145        -0.105380
Te        9.44573        5.79099        1.60353        2        -0.985681        -0.757305        0.495619
Te        7.11594        9.13969        5.51863        2        -0.194495        -0.029573        -0.504087
Te        10.23796        10.91084        5.91827        2        0.137132        0.628056        -0.423817
Te        12.50994        7.50682        2.18837        2        -0.208093        -0.005816        0.657616
Te        9.20972        9.14303        1.79419        2        -0.187084        0.360972        -0.290437
Te        13.28990        1.91791        5.38346        2        -0.175722        -0.218014        -0.423526
Te        16.45960        3.52562        6.15184        2        -0.277367        0.359733        -0.413336
Te        18.80651        0.03525        2.56610        2        -0.439682        0.654433        -0.439361
Te        15.34974        1.81483        1.75746        2        0.772297        0.983909        0.823228
Te        13.27038        5.71500        5.10295        2        0.225920        -0.301150        0.454207
Te        16.52391        7.65711        5.90662        2        0.520326        -0.431453        0.569015
Te        18.66999        3.76024        2.47014        2        -0.137992        -0.276602        0.993223
Te        15.58781        5.64843        1.93605        2        0.287765        -0.586674        0.753485
Te        13.44480        9.41245        5.25949        2        -0.622380        -0.274863        0.058685
Te        16.52908        0.03259        5.93053        2        -0.327809        0.120279        1.398285
Te        18.59619        7.35886        2.98286        2        0.278043        0.376916        -0.178501
Te        15.48884        9.27333        1.93260        2        0.248222        0.685245        -0.043294
