54
Lattice="18.429676749 0.000008540 -0.000615361 -0.000005198 11.491115093 0.000045896 0.042448411 0.000094922 30.000000000" Properties=species:S:1:pos:R:3:tags:I:1:forces:R:3 energy=-318.19852807 stress= -5.48542 -15.30015 -2.19498 -0.74019 1.43829 0.41196 pbc="T T T"
Mo        2.24472        0.09031        3.92761        1        0.565183        -0.302881        -1.090520
Mo        5.51797        1.81001        3.80369        1        -0.202616        0.221161        0.182216
Mo        2.36470        3.77129        3.80951        1        0.286481        0.593478        -0.003674
Mo        5.41046        5.78975        3.59250        1        -0.099116        0.275600        0.661311
Mo        2.17370        7.51611        3.81275        1        0.908458        0.412526        0.208492
Mo        5.32689        9.57252        3.81332        1        0.180100        -0.169911        0.447589
Mo        8.47931        11.49088        3.89074        1        -0.121552        0.205532        0.170495
Mo        11.45067        1.87487        3.99479        1        0.396285        0.266145        -0.525548
Mo        8.44356        3.80220        3.69168        1        -0.788516        -0.434088        1.433071
Mo        11.54923        5.62882        3.95637        1        -0.978099        0.245821        0.527533
Mo        8.51130        7.65824        3.88230        1        0.123943        0.381262        0.190105
Mo        11.56855        9.63103        4.22475        1        -0.411272        -1.154001        -1.139490
Mo        14.57209        0.01487        4.03748        1        -0.286353        1.112636        0.477262
Mo        17.63399        1.90161        4.00471        1        -0.195814        0.681525        -0.663639
Mo        14.47124        3.79565        4.17570        1        1.515276        -0.025299        -0.264038
Mo        17.75943        5.72962        3.90915        1        -1.350112        0.624122        -0.121535
Mo        14.72738        7.87818        4.06000        1        -0.491858        -0.951348        0.831240
Mo        17.60897        9.59323        4.04523        1        0.916473        0.208555        -0.065201
Te        1.31017        2.02371        5.60064        2        0.445571        -0.308935        0.833321
Te        4.52081        3.96653        5.51362        2        -0.129496        -0.741072        -0.692954
Te        1.27604        1.98953        2.07845        2        -0.401315        -0.639256        0.348545
Te        4.31057        11.42556        2.05126        2        0.065645        0.406002        0.461769
Te        1.25773        5.66230        5.66851        2        1.248410        -0.046733        -0.100560
Te        4.34984        7.47793        5.62036        2        -0.083707        0.537918        -1.338429
Te        1.28524        5.48273        1.98516        2        0.036658        0.934507        0.514742
Te        4.64855        3.64839        2.00219        2        -1.006400        0.557279        0.198532
Te        1.49495        9.59526        5.66209        2        -1.019138        -0.368076        -0.313600
Te        4.36851        0.02176        5.58642        2        0.367497        -0.046292        0.044588
Te        1.26628        9.58764        2.15741        2        -0.559687        0.086993        0.630878
Te        4.23734        7.87241        1.98395        2        0.166476        -1.124231        0.274803
Te        7.44398        1.97219        5.71754        2        0.134269        -0.275056        -1.159081
Te        10.37960        3.65566        5.69746        2        0.011164        0.979908        -0.439947
Te        7.58214        1.74149        1.93135        2        -0.316137        0.329066        0.857142
Te        10.63308        11.44990        2.27669        2        -0.077837        -0.479677        -0.201474
Te        7.40098        5.75763        5.43048        2        0.129648        -0.355078        0.207500
Te        10.50451        7.44669        5.83417        2        -0.043186        0.532099        -0.662267
Te        7.63552        5.88658        1.99413        2        -0.441443        -0.370998        -0.234079
Te        10.48191        3.73100        2.07211        2        1.252716        0.276323        0.039259
Te        7.45268        9.56537        5.55678        2        -0.280912        -0.050481        0.277342
Te        10.48595        0.03832        5.74261        2        -0.469011        0.062098        0.757982
Te        7.55442        9.56775        2.07942        2        -0.379721        0.027651        0.457208
Te        10.67600        7.67616        2.32351        2        0.435081        0.124952        -0.192504
Te        13.49069        1.88823        5.80547        2        -0.029725        -0.113119        0.214947
Te        16.80432        3.97033        5.83755        2        -0.895040        -0.672031        -0.690019
Te        13.51639        1.93260        2.22256        2        0.491572        0.028643        0.597379
Te        16.65880        11.44171        2.27843        2        -0.136929        0.402513        -0.091605
Te        13.58685        5.85997        5.72509        2        0.118708        -0.029078        0.826070
Te        16.70472        7.70911        5.81565        2        0.703471        -0.214503        -0.065457
Te        13.81195        5.83656        2.53979        2        -0.724046        -0.154907        -1.826038
Te        16.51498        3.87238        2.34340        2        0.186281        -0.651460        -0.119014
Te        13.61553        9.65692        5.93108        2        0.354903        0.028613        0.080535
Te        16.55358        0.14960        5.80856        2        0.938588        -0.668534        0.090841
Te        13.61309        9.66419        2.44795        2        -0.440183        -0.263244        -1.423549
Te        16.67949        7.71124        2.16066        2        0.328405        0.085790        0.575899
