54
Lattice="18.429676749 0.000008540 -0.000615361 -0.000005198 11.278316666 0.000045896 0.042448411 0.000094922 30.000000000" Properties=species:S:1:pos:R:3:tags:I:1:forces:R:3 energy=-314.07295545 stress= -2.84697 -11.09445 -2.71249 3.32910 1.89517 -0.40000 pbc="T T T"
Mo        2.43769        0.06944        3.93479        1        -0.852052        -1.502582        -2.026407
Mo        5.21734        1.69677        3.83357        1        1.017201        2.376222        -0.958885
Mo        2.20209        3.81169        4.07865        1        -0.144529        -0.137540        -0.373924
Mo        5.23342        5.83994        4.05098        1        0.524940        -0.092498        -0.392665
Mo        2.32585        7.30156        4.15113        1        0.195663        0.838252        -0.547276
Mo        5.42391        9.53425        3.66056        1        0.326990        -0.390059        1.262714
Mo        8.43212        0.42739        3.82878        1        0.999362        -0.102905        -1.447335
Mo        11.61991        1.68710        3.94074        1        -2.498355        1.841282        -0.049151
Mo        8.37411        3.97836        3.83835        1        -0.112231        -0.065428        -0.170211
Mo        11.65958        5.57381        4.04858        1        -0.263509        -1.101584        -0.483653
Mo        8.35290        7.85026        3.81225        1        1.250173        -1.383887        -1.758216
Mo        11.33488        9.57949        3.74484        1        2.124800        -0.966577        0.563568
Mo        14.75429        11.15364        4.00173        1        0.539571        0.051762        -1.846697
Mo        17.77225        1.46477        3.96361        1        0.054600        1.423974        0.445020
Mo        14.58802        3.85038        4.16577        1        -0.507405        -2.107606        -1.597583
Mo        17.61209        5.48177        3.90593        1        1.245547        -1.178139        2.421999
Mo        14.51076        7.52456        4.01091        1        0.800791        -1.203653        -1.433448
Mo        17.78802        9.07065        4.09534        1        -0.354502        2.491319        -0.579137
Te        1.46126        1.72373        5.70733        2        -0.947342        0.680147        0.647872
Te        4.29386        3.78336        5.78060        2        0.479614        -0.059235        -0.486117
Te        1.46961        2.02129        2.14921        2        -0.813099        -0.857804        0.480335
Te        4.39486        11.24029        1.94661        2        -0.707323        0.259813        -0.364814
Te        1.22340        5.44056        6.02449        2        -0.474338        0.567952        -1.199940
Te        4.43290        7.78862        5.80322        2        0.111349        -0.417970        -0.617818
Te        1.27655        5.60988        2.17962        2        0.051265        -0.205733        0.653807
Te        4.25951        3.86626        2.30609        2        0.274568        0.003441        0.058336
Te        1.54424        9.40562        5.86641        2        -0.795930        -0.464592        -0.906912
Te        4.36991        11.21631        5.60098        2        1.204117        -0.296055        1.092952
Te        1.33891        9.12570        2.30808        2        0.606789        0.527779        0.271868
Te        4.35668        7.58202        2.04557        2        -0.556262        -0.305142        0.989542
Te        7.23566        2.15153        5.53561        2        0.593648        -0.145025        0.224166
Te        10.50984        3.51749        5.84023        2        -0.172474        0.983483        -1.450581
Te        7.27308        2.28874        1.56707        2        0.383730        -0.344057        2.695150
Te        10.91007        0.17578        1.97011        2        -2.149010        -0.171064        -0.894368
Te        7.40068        6.14837        5.65693        2        0.086044        -1.505957        0.132198
Te        10.52744        7.49002        5.37437        2        -0.498350        1.179075        1.994563
Te        7.22292        5.98435        2.19637        2        0.365356        -0.688592        -0.130662
Te        10.61943        3.82011        2.19388        2        -0.345506        -0.491177        0.745855
Te        7.55407        9.63290        5.46905        2        -1.077621        1.382164        0.774521
Te        10.32219        0.04662        5.69997        2        0.578009        -0.270462        -0.158470
Te        7.72940        9.88869        1.95881        2        -1.076529        -0.826265        0.355718
Te        10.53181        7.41742        2.14989        2        0.057844        0.308286        -0.160972
Te        13.50272        1.58582        5.61000        2        1.559879        0.919380        2.194245
Te        16.50122        3.14651        5.84367        2        1.401162        1.164901        -0.155009
Te        13.62636        1.95998        2.28735        2        1.476064        -0.256022        -0.294484
Te        16.88784        11.04578        2.14619        2        -0.447498        -0.719502        0.573656
Te        13.70106        5.59893        5.94644        2        -0.739416        0.736378        -0.071057
Te        16.63714        7.36654        5.65568        2        -0.157477        -0.873988        1.396588
Te        13.62306        5.57983        2.26487        2        0.301181        0.379101        -0.217048
Te        16.64682        3.57454        2.26768        2        0.017236        -0.417069        0.467408
Te        13.55627        9.37729        5.56382        2        -1.293682        0.469512        0.994392
Te        16.76201        10.96404        5.95149        2        0.043662        0.058054        -1.176499
Te        13.74602        9.40708        2.00899        2        -0.595698        -0.082508        1.274383
Te        16.76029        7.29439        2.27930        2        -1.073000        1.000226        -0.759229
