54
Lattice="19.904050889 0.000008540 -0.000615361 -0.000005198 10.639921383 0.000045896 0.042448411 0.000094922 30.000000000" Properties=species:S:1:pos:R:3:tags:I:1:forces:R:3 energy=-317.30494118 stress= -14.82862 -1.97069 2.50926 1.44633 -2.39364 0.19654 pbc="T T T"
Mo        2.68098        10.59575        3.87875        1        -1.086542        -0.627769        0.605388
Mo        5.84492        1.96436        4.01869        1        1.010336        -2.053810        -1.927212
Mo        2.50871        3.41437        3.82940        1        0.648902        2.350548        0.599126
Mo        5.90009        5.35430        3.74789        1        -0.359081        0.584689        1.833042
Mo        2.63692        7.00434        3.95472        1        -0.934928        -0.013864        -0.807523
Mo        5.81525        8.94113        3.87567        1        0.455846        -0.003712        0.437972
Mo        9.13505        0.04601        3.95993        1        -0.329987        -0.552184        -1.136820
Mo        12.52957        1.66400        3.81165        1        -0.554042        0.085878        1.176991
Mo        9.13477        3.59364        3.93601        1        0.747930        0.049242        0.173834
Mo        12.35535        5.10228        4.10745        1        1.656817        0.618777        -2.464256
Mo        9.10353        7.17297        4.02318        1        -0.332178        -0.417071        -0.836801
Mo        12.50166        8.75672        3.93694        1        -0.095495        -0.217198        -0.404777
Mo        15.76891        0.08980        3.99226        1        0.956187        0.584192        -0.246652
Mo        18.98116        1.83783        3.95708        1        1.970144        0.168792        -0.676558
Mo        15.92380        3.44347        4.01040        1        -0.108018        1.325994        -0.508233
Mo        19.25469        5.31524        3.95755        1        -0.998883        -0.924633        0.176470
Mo        15.84040        7.17871        3.90707        1        -0.545093        -0.670646        0.459898
Mo        19.05621        8.88052        3.93998        1        0.644831        0.999293        -0.553243
Te        1.53324        1.71896        5.58095        2        -0.928618        -0.417783        0.905477
Te        4.72370        3.61233        5.54550        2        -0.679332        1.236844        1.514688
Te        1.36921        1.65102        2.29484        2        -0.751926        -0.240407        -1.656329
Te        4.79980        0.15402        2.20870        2        0.086325        0.037629        -0.640873
Te        1.64696        5.24616        5.76527        2        -0.700448        -0.184201        -0.672461
Te        4.77018        7.12342        5.63197        2        0.234287        -0.220677        -0.094049
Te        1.25206        5.18849        2.09833        2        1.286791        0.433165        0.228181
Te        4.66153        3.64190        2.13395        2        0.097471        -0.635729        -0.653512
Te        1.39274        8.81358        5.68098        2        0.291064        0.053460        -0.423560
Te        4.72384        0.06506        5.65661        2        0.297442        0.079757        0.541081
Te        1.37303        8.83801        2.22256        2        0.218192        -0.398258        -0.073472
Te        4.74673        7.14117        2.11260        2        -0.305948        0.226729        -0.333029
Te        8.11445        1.76908        5.66397        2        -0.758976        0.849850        0.811604
Te        11.29137        3.28400        5.70741        2        0.024358        -0.038246        0.159343
Te        7.98719        1.94570        2.19485        2        -0.016472        -0.874234        -0.126462
Te        11.35284        10.51409        2.14677        2        -0.059241        0.084209        0.212167
Te        7.99063        5.38271        5.68787        2        -0.221366        -0.218030        -0.030556
Te        11.32805        6.88549        5.65406        2        -0.279980        1.130259        1.037392
Te        8.03070        5.28223        2.10912        2        0.564309        0.886555        0.129348
Te        11.35157        3.53122        2.15263        2        -0.126436        -0.352442        0.224722
Te        7.86272        9.01636        5.78158        2        0.423106        -0.519600        -0.605541
Te        11.13585        10.35129        5.71631        2        1.393239        0.794391        -0.362514
Te        8.02683        8.91039        2.21081        2        -0.088074        0.111095        -0.157939
Te        11.20213        7.06025        2.16500        2        0.659739        -0.498631        0.897769
Te        14.64184        1.89437        5.71857        2        -0.385440        -0.976544        0.314414
Te        18.13883        3.49224        5.79427        2        -0.454984        1.013843        0.141716
Te        14.74551        1.85321        2.15458        2        -0.334419        -0.588857        0.048647
Te        17.90579        0.21804        2.17529        2        -0.032118        -1.277823        -0.049938
Te        14.87095        5.31657        5.65793        2        -0.989510        0.152259        0.292185
Te        18.02966        7.06466        5.56319        2        -0.246815        0.225044        1.571390
Te        14.76192        5.19762        2.14925        2        -0.500840        0.603879        1.184013
Te        17.85075        3.65290        2.12969        2        1.185839        -0.221163        0.386937
Te        14.66420        9.02865        5.68526        2        -0.170143        -0.978563        0.376523
Te        18.12847        0.09594        5.72573        2        -1.063159        -0.804270        0.318958
Te        14.87854        8.93895        2.18183        2        -1.233308        0.034447        -0.257770
Te        17.92484        7.06265        2.26528        2        0.857840        0.232221        -1.051174
