54
Lattice="18.429676749 0.000008540 -0.000615361 -0.000005198 12.767905659 0.000045896 0.042448411 0.000094922 30.000000000" Properties=species:S:1:pos:R:3:tags:I:1:forces:R:3 energy=-305.47653423 stress= -13.08604 -25.25502 -1.35615 -0.20850 2.74546 -0.08082 pbc="T T T"
Mo        2.31289        12.63459        3.70862        1        -0.381178        -0.394253        -0.601585
Mo        5.36113        2.11448        4.12436        1        0.314892        -0.034780        -0.568357
Mo        2.33401        4.27021        3.93589        1        -0.598566        -1.166495        -1.523941
Mo        5.51264        6.31757        3.83970        1        -0.653648        0.664958        0.149621
Mo        2.46325        8.34222        4.22600        1        -1.396857        1.124863        -1.603681
Mo        5.46913        10.60511        4.04577        1        -1.588140        -0.532528        -0.011134
Mo        8.51869        0.01510        4.31606        1        0.044612        -0.346973        -0.672456
Mo        11.31594        2.04345        4.06285        1        0.189096        0.605194        -0.745676
Mo        8.50766        4.46310        4.03127        1        -0.161733        -0.417903        -0.517838
Mo        11.46740        6.57898        3.81898        1        0.054920        -0.091979        0.838290
Mo        8.36630        8.51434        4.04968        1        0.707202        1.274738        -1.329387
Mo        11.65220        10.52791        3.92763        1        0.113087        -0.845646        0.080358
Mo        14.33588        12.54780        3.70225        1        0.023828        0.601757        0.490080
Mo        17.46310        2.06190        3.46225        1        0.501593        0.521433        0.513844
Mo        14.31073        4.49935        3.74052        1        0.462539        0.440148        0.913816
Mo        17.51502        6.32250        4.03847        1        0.095397        0.298039        -0.563723
Mo        14.81076        8.65412        4.07487        1        -0.711432        -0.821054        -1.752393
Mo        17.49156        10.69497        3.68332        1        1.341722        -0.342628        0.563288
Te        1.30246        1.81795        5.32726        2        -0.718654        1.147342        -0.063894
Te        4.38853        4.33383        5.53047        2        0.820606        -0.270870        1.188666
Te        1.44748        1.92500        2.03479        2        -0.415081        0.641577        0.134155
Te        4.65806        12.63425        2.38671        2        -0.191308        0.602079        -0.721926
Te        1.31974        6.08419        5.63043        2        -0.223347        0.692457        0.898542
Te        4.40546        8.18651        5.85051        2        1.161620        0.358116        0.029208
Te        1.35474        6.58924        2.48497        2        0.107003        -1.095115        -0.752984
Te        4.46109        4.30268        2.23317        2        0.231699        -0.514435        -0.037984
Te        1.20265        10.83178        5.53716        2        -0.051442        -0.737770        -0.493687
Te        4.16852        12.61155        5.60801        2        1.076230        0.369074        0.605577
Te        1.32120        10.44829        2.01968        2        0.093907        0.280790        1.187785
Te        4.57534        8.43848        2.22808        2        -0.356967        0.111247        1.275852
Te        7.62318        2.37246        5.74004        2        -0.483596        -0.424565        0.491259
Te        10.59771        4.43017        5.64054        2        0.575961        0.009369        0.193459
Te        7.70160        2.05454        2.59337        2        -0.378779        0.454312        -0.503456
Te        10.60888        12.45761        2.45701        2        -0.380027        1.425954        -0.240436
Te        7.46649        6.59569        5.66819        2        0.269413        -0.912307        0.588891
Te        10.55202        8.57339        5.61489        2        0.000324        -0.155520        0.108620
Te        7.71073        6.45058        2.24369        2        -0.372796        0.105124        0.000717
Te        10.55979        4.37916        2.24577        2        -0.018377        -0.219816        0.249109
Te        7.34119        10.75275        5.85997        2        0.889276        -0.518490        0.464419
Te        10.72520        12.67240        5.88349        2        -0.301638        -0.457617        -0.389811
Te        7.51356        10.86372        2.42343        2        0.712002        -0.532620        -0.078553
Te        10.77938        8.60410        2.05342        2        -1.428722        0.124932        0.890588
Te        13.32043        1.73621        5.72388        2        0.784157        0.369537        -0.499419
Te        16.30389        4.26010        5.61191        2        0.400616        -0.121126        -1.181431
Te        13.46868        2.39864        2.27152        2        -0.705743        -1.233657        0.084712
Te        16.48923        12.65559        1.99533        2        -0.068871        0.249570        -0.490462
Te        13.58284        6.67879        5.61270        2        0.021298        -0.512338        -0.243577
Te        16.93205        8.49222        5.65874        2        0.064216        0.357928        0.084555
Te        13.63565        6.82303        2.27814        2        0.424779        -0.699167        -0.199296
Te        16.33439        4.49271        1.91228        2        0.717372        -0.312393        1.111117
Te        13.71975        10.49137        5.63422        2        0.223060        1.054199        0.323330
Te        16.55276        0.20543        5.21559        2        -0.073182        -0.636854        0.696314
Te        13.74443        10.33474        2.00516        2        -0.268582        0.604755        1.075081
Te        16.86611        8.44576        2.14930        2        -0.584025        -0.111023        0.551890
