54
Lattice="19.166863819 0.000008540 -0.000615361 -0.000005198 10.639921383 0.000045896 0.042448411 0.000094922 30.000000000" Properties=species:S:1:pos:R:3:tags:I:1:forces:R:3 energy=-321.28885010 stress= -9.49306 -1.30797 -0.76687 -0.71544 0.21504 0.49093 pbc="T T T"
Mo        2.42657        10.61021        3.76753        1        0.464340        -0.014151        0.554363
Mo        5.67357        1.61078        3.68481        1        0.028655        0.659331        0.900445
Mo        2.34014        3.45473        3.82014        1        0.712153        0.398392        0.323446
Mo        5.64458        5.35427        3.90679        1        0.071659        -0.448630        0.069426
Mo        2.45733        6.98586        3.80781        1        -0.308749        0.442599        -0.319492
Mo        5.51082        8.75649        3.85732        1        0.642027        0.640258        -0.859531
Mo        8.80881        10.55873        3.88282        1        0.564083        0.111376        0.261746
Mo        11.95366        1.94014        3.99189        1        0.721053        -0.603903        0.344644
Mo        8.75989        3.42864        3.85827        1        0.557211        0.520131        -0.056943
Mo        12.01304        5.34245        4.22220        1        0.342917        0.288317        -1.130258
Mo        8.90157        6.94310        4.08734        1        0.292954        -0.299134        0.131622
Mo        12.09755        8.91304        4.12901        1        -0.083123        0.488445        -0.774182
Mo        15.13619        0.09162        4.01163        1        1.219823        0.186392        0.486147
Mo        18.31493        1.76784        3.76311        1        1.117366        0.455462        0.625562
Mo        15.35393        3.77233        4.07922        1        -0.682952        -0.709481        -0.320177
Mo        18.36906        5.23535        3.92643        1        0.578783        0.880846        0.473470
Mo        15.22744        7.28421        4.01103        1        -0.670384        0.397370        0.140360
Mo        18.40379        8.82867        3.83895        1        -0.089472        -0.128639        -0.047180
Te        1.32080        1.65179        5.59735        2        -0.110436        0.353161        -0.322964
Te        4.57451        3.44334        5.55641        2        -0.174391        -0.159911        -0.409704
Te        1.35229        1.78707        2.00534        2        -0.546780        -0.583760        -0.178230
Te        4.53653        10.52435        1.96549        2        0.004962        -0.155568        0.031972
Te        1.47249        5.23413        5.64366        2        -0.732757        0.160678        -0.021176
Te        4.46238        7.14293        5.59609        2        0.022421        -0.922224        1.035753
Te        1.23829        5.24885        2.05448        2        0.241204        0.066299        0.204791
Te        4.51389        3.54281        2.10657        2        0.229038        -0.113654        0.004343
Te        1.32729        8.85374        5.60552        2        0.393201        -0.331154        -0.471463
Te        4.58032        10.63682        5.63852        2        -0.393481        -0.127311        -0.743423
Te        1.38487        8.81818        2.03189        2        -0.376245        -0.264153        0.099176
Te        4.58872        6.95100        1.96822        2        -0.281191        0.393353        0.473849
Te        7.69778        1.68737        5.56168        2        -0.384175        -0.453677        0.449541
Te        10.76519        3.50959        5.75655        2        0.033598        0.267639        0.649413
Te        7.86630        1.66038        1.94759        2        -0.317682        -0.192427        0.373090
Te        11.05828        0.07430        2.25411        2        -0.345192        -0.388739        0.044565
Te        7.76812        5.09802        5.80093        2        -0.523263        0.583637        -0.469277
Te        11.01582        7.16229        5.89816        2        -0.479159        -0.063685        0.500556
Te        7.77583        5.30249        2.20885        2        0.076704        -0.154705        -0.361081
Te        10.99489        3.75655        2.18968        2        -0.170329        -0.620800        0.340186
Te        7.64153        8.77634        5.67032        2        0.112195        0.137026        0.087657
Te        10.91330        0.07007        5.79972        2        -0.270360        0.090340        -0.444952
Te        7.83163        8.58465        2.29947        2        -0.473813        0.888075        -0.828159
Te        11.08514        7.10217        2.33901        2        -0.391784        0.113007        0.336244
Te        14.13642        2.01324        5.81105        2        -0.125785        -0.405839        -0.353573
Te        17.42280        3.52218        5.75229        2        0.285475        -0.181231        0.201324
Te        14.18910        1.95135        2.37446        2        -0.413054        0.491609        -0.651396
Te        17.24799        10.60661        2.05614        2        -0.326951        -0.100830        0.342020
Te        14.25458        5.53712        5.86744        2        -0.253701        -0.261022        0.127587
Te        17.28699        7.16814        5.76392        2        0.858101        -0.278457        -0.522229
Te        14.07337        5.45537        2.39232        2        0.152134        0.050583        -0.466209
Te        17.28274        3.60443        2.08787        2        -0.350685        -0.140186        -0.134442
Te        14.16498        9.07518        5.89921        2        0.178570        -0.372183        -0.138566
Te        17.46107        0.05453        5.60853        2        -0.892301        -0.448221        0.190242
Te        14.08240        9.08281        2.20107        2        0.061527        -0.770031        0.183302
Te        17.22919        6.98040        2.16230        2        0.218555        0.630534        0.030409
