54
Lattice="19.174335959 0.000456436 -0.025753600 -0.000245188 11.746062056 0.000007040 0.013560858 0.000001769 30.000000000" Properties=species:S:1:pos:R:3:tags:I:1:forces:R:3 energy=-308.86657337 stress= -4.23885 -12.37931 -1.75264 -0.88472 1.08528 1.59313 pbc="T T T"
Mo        2.22198        11.43854        3.73553        1        0.768720        -1.329795        -0.588128
Mo        4.57607        2.43117        3.47037        1        -0.031881        -0.037787        0.594930
Mo        2.27503        3.80934        3.92608        1        -0.637672        -0.125716        -0.547804
Mo        4.50062        6.38592        3.92069        1        0.584741        -1.054722        1.093139
Mo        2.15445        7.72085        3.86529        1        -0.375118        2.220473        -1.660734
Mo        4.68652        9.53047        3.90268        1        -1.129815        0.409513        -1.711202
Mo        8.60240        11.59345        3.44257        1        0.097849        0.698427        0.375991
Mo        10.75679        2.54624        3.93272        1        -1.281642        -0.933794        0.664160
Mo        8.73075        4.42652        3.43778        1        0.252969        1.164312        0.272424
Mo        10.98949        5.81470        4.05521        1        -0.780689        1.329953        0.538447
Mo        8.64156        7.85399        3.51389        1        -0.315460        -0.727125        1.280705
Mo        10.51140        9.48746        4.21243        1        1.752976        1.545242        -0.853754
Mo        14.76318        0.01352        3.96411        1        -0.317138        0.841086        1.154400
Mo        17.21022        1.38536        4.14494        1        0.554105        0.941119        -1.123642
Mo        15.09700        3.66054        4.04360        1        -0.375713        -0.796597        -0.725751
Mo        17.18602        5.80948        4.43014        1        -0.163123        1.230058        0.454383
Mo        14.99355        7.72502        4.26016        1        -0.098640        0.651930        0.421009
Mo        17.02877        9.41521        4.25224        1        1.083066        0.335440        1.516060
Te        0.95547        1.55299        5.12075        2        -0.826195        0.673326        0.801281
Te        4.17033        4.03469        5.75979        2        0.214114        0.274761        -0.874162
Te        6.13754        11.68627        2.56062        2        -0.870165        0.098277        -0.429329
Te        2.38786        1.87105        1.85787        2        0.631080        0.107583        0.753694
Te        0.70222        5.95488        5.14016        2        -0.268053        -0.910567        0.988690
Te        3.70049        8.17219        5.88570        2        0.803375        -0.602923        1.281396
Te        5.89894        4.17009        1.84918        2        0.292406        0.145640        1.113281
Te        2.78323        5.77078        2.10837        2        -0.954619        -0.206448        -1.388198
Te        0.54672        9.80667        5.39648        2        0.699925        -0.560603        -0.157239
Te        4.45910        0.22853        5.23774        2        -0.805162        -0.005324        0.241065
Te        6.01997        7.82638        2.17646        2        0.209001        0.439828        0.070499
Te        2.79060        9.56927        1.72586        2        0.280430        -0.162876        1.401976
Te        7.54869        2.38030        4.45999        2        -1.629660        -1.289064        0.423266
Te        10.13229        4.19124        6.10184        2        -0.124553        -0.154179        -1.715723
Te        12.06994        0.08484        2.92078        2        -0.528207        -0.181600        0.033220
Te        9.47830        2.30014        1.58935        2        -0.410970        0.077400        0.710436
Te        7.06149        6.18153        5.15771        2        0.082862        -0.463541        -0.666802
Te        9.98895        7.59343        5.99898        2        0.243853        0.197064        -0.577693
Te        12.42857        4.21023        2.58473        2        1.369772        -0.824668        -0.602810
Te        9.41545        6.22012        1.58513        2        0.580494        -0.374443        0.039547
Te        7.11369        9.77270        5.18864        2        0.669379        -0.269215        -0.682149
Te        9.52196        0.46399        5.82573        2        1.203810        -0.328853        -0.381626
Te        12.70351        7.87961        2.93886        2        -2.231099        -0.228307        -0.385068
Te        9.48169        9.79441        1.64895        2        -0.004691        -0.123698        0.431267
Te        13.09922        2.05879        5.06765        2        1.171861        -0.166244        0.704939
Te        16.76300        3.51670        6.14667        2        -0.089594        -0.075862        -0.743150
Te        18.81303        11.06548        2.59330        2        -0.837741        1.481994        -0.119604
Te        15.58413        1.68920        1.90112        2        -0.045452        0.537986        1.400066
Te        13.62026        5.75611        5.67134        2        -0.733286        -0.573014        -0.247485
Te        16.55705        7.65462        6.43452        2        0.373820        0.014398        -0.511844
Te        18.54849        3.65473        3.37523        2        0.272616        0.274246        -1.044790
Te        15.38577        5.78289        2.43130        2        0.817268        0.037922        -0.680982
Te        12.99427        9.82997        5.50638        2        0.684358        -0.198201        -0.039037
Te        16.51677        11.47688        5.93705        2        -0.403269        -0.614652        1.901813
Te        18.47308        7.83301        2.68484        2        0.764882        -1.347966        -0.234013
Te        15.28030        9.81178        2.37592        2        -0.177407        -1.058928        -1.945325
