54
Lattice="18.429676749 0.000008540 -0.000615361 -0.000005198 11.491115093 0.000045896 0.042448411 0.000094922 30.000000000" Properties=species:S:1:pos:R:3:tags:I:1:forces:R:3 energy=-317.19508582 stress= -6.35580 -15.97398 -5.02211 -0.04602 0.40676 0.11033 pbc="T T T"
Mo        2.03941        0.07037        3.79130        1        0.610124        -0.056738        1.371077
Mo        5.47510        1.79555        3.96796        1        -0.850761        0.289400        0.849398
Mo        2.34717        3.74699        3.98428        1        0.058536        -0.150583        1.076772
Mo        5.15396        5.62444        4.11860        1        0.963571        0.528643        0.706354
Mo        2.38701        7.87808        4.01173        1        0.082028        -1.324810        -0.381210
Mo        5.27398        9.59160        3.97780        1        1.230722        0.625593        0.624349
Mo        8.60028        11.41349        3.84730        1        -0.163420        0.357004        0.825376
Mo        11.68212        1.80328        3.73674        1        -1.219531        1.090208        0.144772
Mo        8.50523        3.75242        4.10825        1        -0.703484        -1.051776        -1.104913
Mo        11.33448        5.74036        4.04355        1        1.275710        0.305361        -0.101916
Mo        8.21741        7.60115        4.06661        1        0.548758        1.296526        -0.407418
Mo        11.69014        9.54746        3.81698        1        -1.653702        0.395805        -0.355049
Mo        14.77257        0.09629        3.71716        1        -0.866663        -0.819089        -0.410458
Mo        17.72745        2.08047        3.83918        1        -0.360462        -0.216017        0.865985
Mo        14.60153        4.05455        3.97641        1        0.613896        -0.917935        -0.995683
Mo        17.82107        5.63316        4.12558        1        -0.304094        0.796464        -0.513776
Mo        14.57584        7.55891        3.73170        1        -0.005523        0.325809        0.659246
Mo        17.66078        9.61217        3.74604        1        -1.062236        -0.083696        0.067011
Te        1.29739        1.94871        5.84962        2        -0.482932        -0.135231        -1.430876
Te        4.37343        3.63544        5.82266        2        0.112395        -0.150070        -0.237790
Te        1.34957        2.08608        2.05849        2        -0.356251        -0.190455        0.067983
Te        4.25086        0.07406        2.20890        2        0.385391        -0.605764        0.095202
Te        1.52429        5.80112        5.73795        2        -0.049515        -0.067819        0.123475
Te        4.46469        7.70343        5.90959        2        -0.442133        0.316861        -0.879016
Te        1.54621        5.75882        2.30001        2        -0.612186        0.360545        0.391415
Te        4.36755        3.72520        2.28155        2        0.635770        -0.107438        -0.365155
Te        1.12936        9.61217        5.59942        2        0.202770        0.627583        0.434459
Te        4.09366        11.45785        5.80686        2        0.536289        0.040191        -1.525168
Te        1.22415        9.52348        1.99997        2        0.651051        0.254693        0.316663
Te        4.45582        7.68757        2.27857        2        -0.205805        -0.237351        -0.119961
Te        7.52783        1.82560        5.80967        2        0.107980        -0.396580        -0.639143
Te        10.55031        3.64743        5.69358        2        1.209266        -0.017552        0.291187
Te        7.56243        1.76109        2.18876        2        -0.199340        0.810250        0.220193
Te        10.57145        11.43555        2.00470        2        0.633469        -0.301227        0.236051
Te        7.53408        5.66054        5.81808        2        -1.075661        -0.171520        0.347548
Te        10.38812        7.89640        5.62088        2        0.621760        -0.751195        0.491019
Te        7.28476        5.52446        2.52753        2        0.104270        0.628199        -1.347366
Te        10.44980        4.03431        2.14683        2        0.026149        -1.277726        0.409597
Te        7.47975        9.86110        5.76613        2        -0.688263        -1.194535        -0.602240
Te        10.73453        11.45474        5.62981        2        0.123665        -0.058643        -0.713326
Te        7.50917        9.48124        2.12710        2        -0.878606        0.266194        0.814208
Te        10.27342        7.53697        2.25707        2        0.434612        0.429995        0.041798
Te        13.74697        1.94830        5.45073        2        -0.285663        -0.201929        0.523188
Te        16.62270        3.72082        5.92220        2        0.386084        0.743196        -1.289370
Te        13.72942        1.98259        1.94046        2        0.069044        0.487039        0.813847
Te        16.79238        0.19822        1.92708        2        0.162833        -0.251632        0.824798
Te        13.51742        5.83213        5.77139        2        -0.124640        0.185450        -0.649676
Te        16.62019        7.66521        5.54354        2        0.360686        -0.009304        0.122506
Te        13.45252        5.74086        2.12403        2        -0.438898        -0.183787        0.255159
Te        16.81082        4.14221        2.21049        2        -0.745964        -1.320789        -0.054763
Te        13.78081        9.47867        5.46942        2        0.081448        0.788562        0.199852
Te        16.65436        0.12679        5.59716        2        0.619125        -0.325396        -0.648406
Te        13.63989        9.53363        1.97234        2        0.629166        0.036135        0.148221
Te        16.75843        7.39375        2.12882        2        0.255808        0.620273        0.435401
