54
Lattice="18.429676749 0.000008540 -0.000615361 -0.000005198 10.852719811 0.000045896 0.042448411 0.000094922 30.000000000" Properties=species:S:1:pos:R:3:tags:I:1:forces:R:3 energy=-318.88459941 stress= -1.98240 -6.34812 -5.92897 0.23318 1.41618 -0.13192 pbc="T T T"
Mo        2.28409        10.72319        3.96894        1        -0.368699        0.814655        0.172167
Mo        5.43882        1.72786        4.05815        1        -0.512288        0.782427        -0.368379
Mo        2.56565        3.38763        3.76089        1        -1.009365        0.672532        2.640373
Mo        5.42760        5.27340        3.84853        1        -0.592833        0.639530        0.708895
Mo        2.28296        7.22635        3.78342        1        1.595632        0.863579        -0.593366
Mo        5.52290        8.81304        3.94113        1        -0.577159        0.506079        -0.991973
Mo        8.31424        10.72505        3.88762        1        0.837769        0.690972        0.661463
Mo        11.61980        1.84195        3.72769        1        -0.498669        0.240233        0.679979
Mo        8.56745        3.65574        3.88757        1        -0.133052        -0.353309        1.098785
Mo        11.49373        5.49656        3.96775        1        -1.885325        0.135702        -2.426593
Mo        8.53842        7.55705        3.93416        1        -0.935679        -2.016467        -1.192093
Mo        11.57031        9.19528        3.87713        1        1.066239        -1.333739        0.313641
Mo        14.44562        0.16211        4.05945        1        -0.340938        -0.960492        -0.441042
Mo        17.80943        2.01656        4.09443        1        -0.366966        -0.295193        0.140144
Mo        14.63112        3.51281        3.85801        1        0.317926        0.669375        0.590493
Mo        17.42109        5.41912        3.97486        1        0.678677        0.521711        -0.252553
Mo        14.54962        7.42485        3.93546        1        0.191274        -0.212884        0.357416
Mo        17.70669        8.91277        4.02997        1        0.678372        -0.688119        0.046246
Te        1.45314        1.77579        5.78808        2        0.250123        0.123164        -0.224727
Te        4.51943        3.56649        5.90696        2        -0.496818        0.004015        -1.462518
Te        1.26356        1.73717        2.10731        2        0.144542        -0.314846        0.177260
Te        4.32901        10.83515        2.24130        2        0.938299        -0.756549        0.264478
Te        1.29741        5.49554        5.45663        2        0.040839        -1.597922        0.813768
Te        4.35222        7.08883        5.71973        2        0.080272        -0.286913        -1.075018
Te        1.18978        5.21523        2.25754        2        0.173030        0.659820        -0.676052
Te        4.49740        3.45341        1.98279        2        0.576073        -0.000742        0.360588
Te        1.41060        8.90183        5.73971        2        -0.485862        0.041332        0.216757
Te        4.42895        10.62361        5.80247        2        -0.152855        0.236827        -0.976210
Te        1.27540        9.10367        2.03676        2        -0.425605        -0.590440        0.425042
Te        4.40325        7.10192        1.86514        2        -0.067770        -0.024413        1.666419
Te        7.34980        1.73655        5.94582        2        1.025693        0.045400        -1.297098
Te        10.61807        3.51774        5.66104        2        -0.331296        0.467755        -0.149781
Te        7.49303        1.84861        2.27932        2        -0.495759        -0.480647        -0.827696
Te        10.52757        10.76789        2.00108        2        -0.537578        1.057495        0.456845
Te        7.60719        5.46498        5.70690        2        -0.628807        0.229205        -0.814439
Te        10.33835        7.36440        5.68950        2        2.491028        0.120058        0.939390
Te        7.55168        5.60030        2.20949        2        0.171309        -0.364288        0.041714
Te        10.46951        3.72582        1.98093        2        0.530179        -0.136385        0.638284
Te        7.40444        9.03335        5.85614        2        0.003962        0.191370        -0.163531
Te        10.46835        0.07489        5.59612        2        -0.078794        0.259323        -0.218768
Te        7.53663        8.95833        1.94738        2        -1.002855        0.923321        0.120839
Te        10.65222        7.45716        2.02650        2        -0.251654        -0.828236        0.803823
Te        13.54580        1.98828        5.80679        2        -0.134974        -0.356061        -0.404779
Te        16.70329        3.76495        5.93696        2        -0.745170        -0.917589        -0.665424
Te        13.62435        1.80908        1.91102        2        0.298011        0.024175        0.862653
Te        16.66507        0.06230        2.58948        2        0.243307        0.386249        -1.624220
Te        13.45741        5.54513        5.55013        2        1.597129        -0.578912        1.248213
Te        16.56721        7.15311        5.88524        2        -0.213212        0.796102        -0.570662
Te        13.56958        5.40372        2.09536        2        0.074369        0.480257        0.857229
Te        16.73094        3.65772        2.12523        2        -0.525224        -0.645774        -0.145185
Te        13.48033        9.14629        5.90062        2        0.116952        0.089127        -0.989932
Te        16.64390        10.74421        5.72493        2        0.112046        1.064289        0.508018
Te        13.77023        9.17147        2.01452        2        -1.024869        0.347053        0.971088
Te        16.54387        7.33000        2.16581        2        0.587445        -0.339438        -0.204129
