54
Lattice="18.429676749 0.000008540 -0.000615361 -0.000005198 11.491115093 0.000045896 0.042448411 0.000094922 30.000000000" Properties=species:S:1:pos:R:3:tags:I:1:forces:R:3 energy=-318.41356108 stress= -4.65474 -13.82978 1.46127 -1.05686 -0.09746 0.05823 pbc="T T T"
Mo        2.21224        11.44735        3.78348        1        1.143294        0.694823        -0.547123
Mo        5.35165        1.84295        3.80796        1        0.406161        0.259067        -1.008167
Mo        2.34507        3.90890        3.83949        1        0.185536        -0.582292        0.080245
Mo        5.25966        5.83582        3.73015        1        0.801361        -0.087253        0.686773
Mo        2.23696        7.56072        3.93338        1        -0.236240        -0.218071        -0.698432
Mo        5.35099        9.45328        3.59725        1        -0.645249        0.929961        1.997089
Mo        8.36576        11.41187        3.75644        1        -0.257129        0.347992        0.062943
Mo        11.57783        1.87573        3.99977        1        0.029585        0.647641        0.257904
Mo        8.44794        3.83525        3.91635        1        -0.619991        -0.246062        -0.466560
Mo        11.58600        5.74602        4.10622        1        -0.033738        -0.149529        -0.860668
Mo        8.40270        7.64828        3.78465        1        0.174935        0.212702        -0.462527
Mo        11.57844        9.41764        4.05673        1        0.245018        0.555158        -0.911676
Mo        14.63580        0.10371        4.11395        1        -0.562662        -0.589177        1.208812
Mo        17.63675        2.06101        3.85043        1        0.263474        -0.405639        1.471331
Mo        14.64397        3.95623        4.16494        1        -0.310639        -1.471625        0.291825
Mo        17.64688        5.98051        4.03913        1        1.277783        -0.565491        0.045759
Mo        14.79191        7.60248        4.15775        1        -0.311480        0.217202        -0.034730
Mo        17.54603        9.58179        4.04113        1        0.883479        -0.687015        -0.272002
Te        1.28401        1.92569        5.57597        2        0.572715        0.162384        -0.033736
Te        4.53219        3.84509        5.47476        2        -0.566693        0.078931        0.427941
Te        1.29231        2.00889        2.18999        2        -0.032433        -0.128274        -1.118494
Te        4.43303        0.00663        1.90833        2        -0.883575        -0.257228        0.620015
Te        1.41791        5.62744        5.75463        2        -0.343718        0.535029        -0.348538
Te        4.24486        7.70834        5.55258        2        1.394495        -0.077626        0.430743
Te        1.23437        5.72957        2.10647        2        -0.116092        0.166324        0.418580
Te        4.50411        3.83162        2.00631        2        -0.905351        -0.086711        0.249001
Te        1.39924        9.62316        5.53504        2        -0.569290        -0.409685        1.241933
Te        4.37262        11.36015        5.44525        2        -0.077083        0.023494        -0.098927
Te        1.17995        9.38423        2.26970        2        -0.188777        0.795928        -1.003770
Te        4.17312        7.69446        2.00886        2        0.021388        -0.708725        -0.603732
Te        7.37171        1.82404        5.56011        2        0.442562        0.120446        0.012153
Te        10.45298        3.77866        5.72991        2        0.233251        0.022980        0.169157
Te        7.43771        1.80729        1.95069        2        0.215030        0.567330        0.904462
Te        10.56157        11.39758        2.27238        2        0.962934        -0.147880        -0.551562
Te        7.37029        5.95630        5.57271        2        -0.375479        -1.048758        -0.121380
Te        10.35936        7.60173        5.63181        2        0.392983        0.189773        1.069765
Te        7.39820        5.64261        2.08834        2        0.442367        0.419166        -0.135753
Te        10.67414        3.92343        2.28335        2        -0.279437        -0.656180        0.020678
Te        7.41879        9.63052        5.50510        2        -0.517244        -0.787995        -0.014726
Te        10.42656        11.45761        5.57997        2        0.185473        -0.399931        0.569962
Te        7.38578        9.44111        1.96696        2        0.998473        0.279956        -0.600343
Te        10.60482        7.49959        2.15005        2        0.301910        0.495059        0.460494
Te        13.59827        1.95270        6.02366        2        -0.051403        0.026664        -1.307621
Te        16.84134        3.92292        5.74941        2        -0.370647        0.177724        0.209367
Te        13.74462        1.98959        2.37429        2        -0.359123        0.102910        -0.098364
Te        16.61649        0.02728        2.41974        2        0.293081        0.225774        -1.913626
Te        13.63869        5.71946        5.89363        2        -0.077672        0.648400        0.464067
Te        16.85836        7.79371        5.94388        2        -0.571438        -0.426793        -0.011126
Te        13.75415        5.70795        2.36983        2        -0.636082        0.747690        -0.041460
Te        16.61893        4.08259        2.35075        2        0.185148        -0.198786        -0.754074
Te        13.68459        9.57299        5.92732        2        -0.280384        -0.120466        -0.891115
Te        16.82794        0.04127        5.74626        2        -0.572549        0.748507        0.394087
Te        13.86130        9.49753        2.39564        2        -1.066490        0.279847        0.402237
Te        16.68141        7.74924        2.13363        2        -0.249784        -0.207101        0.747454
