54
Lattice="20.707852593 0.000456147 -0.025753600 -0.000245476 10.309403738 0.000007040 0.013560576 0.000001770 30.000000000" Properties=species:S:1:pos:R:3:tags:I:1:forces:R:3 energy=-314.59228076 stress= -17.64446 -4.62178 -3.97830 0.37459 -0.46624 0.03822 pbc="T T T"
Mo        2.41681        10.28558        4.03648        1        -0.112065        -0.142194        -0.458683
Mo        4.97568        1.77254        3.99311        1        -0.738774        1.207706        -1.559250
Mo        2.22645        3.51645        3.86224        1        0.182967        -0.277879        0.331033
Mo        4.82782        5.18260        3.88776        1        -0.017606        0.398581        -0.832909
Mo        2.34414        6.83675        3.58545        1        0.010422        -0.297462        1.435566
Mo        4.98709        8.59623        4.15975        1        -1.483372        0.195973        -1.727567
Mo        9.00024        0.03371        3.79521        1        1.940355        -0.298098        1.324831
Mo        11.77786        1.70888        3.82013        1        -1.168278        -0.448375        -1.227184
Mo        9.11697        3.47129        3.98447        1        0.671220        1.215179        -0.625245
Mo        11.60621        5.15306        4.07677        1        0.618805        0.539231        0.160511
Mo        9.20660        6.97518        3.79589        1        -0.416442        -0.285369        1.971751
Mo        11.69378        8.27260        4.03930        1        -0.155544        0.488951        0.037400
Mo        16.11831        10.15303        3.77972        1        0.248673        -0.448066        -0.950239
Mo        18.58147        1.78657        4.13547        1        0.451396        0.190748        -0.314480
Mo        16.05377        3.69582        3.97141        1        1.206908        -0.177700        -1.103531
Mo        18.71241        5.22634        4.20035        1        -0.678390        -0.616497        0.016300
Mo        16.30166        6.78553        3.75792        1        -0.948178        0.928645        -0.253396
Mo        18.75637        8.39879        3.84923        1        -0.432771        0.153637        0.547198
Te        0.64335        1.55938        5.56693        2        0.204820        0.664178        -0.621810
Te        4.01361        3.61088        5.86298        2        0.344507        -0.607442        -0.042134
Te        6.60781        0.01972        2.52442        2        -0.583369        -0.126660        -0.172125
Te        2.95310        1.60295        2.00442        2        0.357437        0.449806        0.334699
Te        0.62729        5.12527        5.66754        2        0.097465        0.206930        -1.018251
Te        3.87325        6.82653        5.83650        2        0.181308        0.606457        0.023155
Te        6.49852        3.52599        2.17214        2        -0.075197        -0.059956        1.287214
Te        3.09208        5.01437        1.72730        2        0.016373        0.016108        0.731429
Te        0.57185        8.47370        5.16511        2        0.188687        -0.613416        0.291381
Te        4.36426        0.34503        6.01061        2        -0.677107        -1.930525        0.584853
Te        6.61186        6.86783        2.35925        2        -0.491470        0.647287        0.382965
Te        3.26815        8.58332        1.86002        2        0.151835        0.473797        0.837087
Te        7.49792        1.88398        5.36598        2        -0.274205        -0.536299        0.348987
Te        11.25533        3.18919        5.85263        2        -0.919155        0.792563        0.997025
Te        13.35708        10.24023        2.44442        2        0.258408        -0.425841        0.268914
Te        9.54332        1.94373        1.91557        2        1.095075        -0.972283        0.078261
Te        7.40263        5.47047        5.25302        2        -0.327692        -1.352553        0.422362
Te        10.63807        6.60455        6.19990        2        0.613470        0.786767        -1.642685
Te        13.43259        3.68393        2.51108        2        0.050683        -0.386687        0.019211
Te        9.89802        5.29928        2.01378        2        0.241601        -1.479993        -0.934948
Te        7.36430        8.56327        5.44903        2        0.971529        0.642199        -0.025868
Te        11.14468        10.12615        5.88324        2        -0.570442        0.595727        -0.847614
Te        13.43550        6.83894        2.41837        2        -0.114235        -0.153203        0.071586
Te        9.98605        8.59079        1.91301        2        0.167838        1.069118        -0.324215
Te        14.38178        1.78492        4.89605        2        0.168433        -0.761997        0.841295
Te        17.68875        3.34541        6.17410        2        0.359563        0.689716        -1.054302
Te        20.38963        10.18845        2.57638        2        0.194834        0.907850        -0.072089
Te        17.04334        1.83448        1.97852        2        -0.704665        -0.401988        0.599623
Te        14.50345        5.32213        5.42209        2        -0.414471        -0.141264        0.299772
Te        17.81990        6.96337        5.98562        2        0.210276        0.004909        0.071050
Te        20.22231        3.58512        2.73636        2        1.288265        -1.096563        -0.697015
Te        17.13998        5.08748        1.91241        2        -0.009201        -0.020941        0.306365
Te        14.54444        8.44129        5.29662        2        -0.331533        0.380187        -0.031649
Te        17.85183        10.23150        5.82170        2        -0.012251        -0.568581        0.141848
Te        20.47998        6.66817        2.32044        2        -0.500879        0.185110        0.481941
Te        17.06186        8.51482        1.68179        2        -0.344020        0.198382        1.299732
