54
Lattice="20.272644424 0.000008540 -0.000615361 -0.000005198 10.639921383 0.000045896 0.042448411 0.000094922 30.000000000" Properties=species:S:1:pos:R:3:tags:I:1:forces:R:3 energy=-317.67416711 stress= -19.05686 -4.84805 0.82392 0.35438 -1.36173 0.19220 pbc="T T T"
Mo        2.55145        10.50547        3.91041        1        -0.398073        0.278739        -0.073090
Mo        6.02979        1.91148        3.90814        1        -0.115319        -0.258927        0.177756
Mo        2.55315        3.43951        3.75992        1        0.137412        -0.372398        0.570219
Mo        5.93258        5.51477        4.02553        1        -0.035186        -0.041856        -0.283952
Mo        2.75336        6.86532        3.84382        1        -0.590388        0.793587        0.555367
Mo        6.14508        8.91310        3.95182        1        -1.331681        0.167995        0.273046
Mo        9.33822        0.12369        3.91535        1        0.123355        0.104658        -0.620728
Mo        12.60090        1.75660        4.02297        1        0.756711        -0.238313        -0.671044
Mo        9.30544        3.61347        4.03363        1        -0.051668        -0.477162        -1.520011
Mo        12.73233        5.38690        4.03826        1        0.177997        0.114873        -0.387513
Mo        9.35817        7.22637        4.04768        1        0.410887        0.020442        0.105949
Mo        12.82568        8.76345        3.95050        1        -0.693881        -0.083109        0.505967
Mo        16.19311        0.02496        3.92459        1        -0.238536        0.271502        0.158388
Mo        19.51560        1.64475        3.87570        1        -0.763366        0.005278        -0.097318
Mo        15.96820        3.62767        3.86656        1        0.572470        -0.884609        -0.204697
Mo        19.51729        5.36835        3.92869        1        0.382779        0.030180        -0.292372
Mo        16.17594        7.06740        3.85447        1        -0.110272        -0.203292        0.520564
Mo        19.43604        8.72338        3.89535        1        -0.154326        0.518003        -0.405783
Te        1.42340        1.68987        5.58673        2        0.092399        -0.127412        0.049875
Te        4.77177        3.63978        5.60043        2        -0.268689        -0.176128        0.184552
Te        1.28736        1.58097        2.03558        2        0.721931        0.100507        0.489439
Te        4.70648        0.08342        2.28084        2        0.917939        -0.229845        -0.249740
Te        1.53501        5.12749        5.67245        2        -0.245758        0.258996        -0.660261
Te        4.71131        7.22942        5.79597        2        0.800440        -0.076792        -0.603091
Te        1.52716        5.25203        2.06706        2        -0.560076        -0.358892        -0.085955
Te        4.88992        3.72357        2.19711        2        -0.154906        -0.216191        -0.061693
Te        1.35775        8.62109        5.55618        2        0.586142        0.109266        0.127025
Te        4.91143        0.09938        5.67136        2        -0.332981        -0.225501        -0.310946
Te        1.38202        8.61148        2.19190        2        0.386932        0.484680        -0.000183
Te        4.95988        7.19149        2.09405        2        -0.048613        0.035206        0.550871
Te        8.21907        1.83747        5.75935        2        -0.306922        0.200865        -0.331844
Te        11.53228        3.58469        5.63082        2        -0.184947        -0.132170        1.310217
Te        8.05904        1.84758        2.03878        2        0.862643        0.317818        1.017931
Te        11.59765        10.52956        2.26512        2        -0.069303        0.581891        -0.288402
Te        8.17026        5.38345        5.68797        2        -0.315775        0.395470        0.930669
Te        11.47510        7.04663        5.84948        2        0.744776        0.387584        -0.429018
Te        8.15575        5.48557        2.38911        2        0.006808        -0.473245        -0.803199
Te        11.56804        3.70908        2.26923        2        -0.340269        -0.925424        0.004603
Te        8.31821        9.12204        5.70017        2        -0.688543        -0.885122        0.657046
Te        11.51882        10.47228        5.67143        2        0.306667        0.685395        0.153310
Te        8.27885        8.91015        2.21382        2        -0.095765        0.351350        -0.317389
Te        11.47702        7.06828        2.26579        2        0.446938        0.162481        -0.060057
Te        14.96623        1.83097        5.64931        2        -0.361093        -0.407522        0.199335
Te        18.25367        3.55183        5.48023        2        0.223937        -0.321475        0.735524
Te        14.76686        1.79300        2.25158        2        0.248345        -0.177531        -0.211500
Te        18.26753        10.50392        2.13148        2        0.442012        0.428239        0.116526
Te        15.00361        5.23939        5.70804        2        -0.266842        1.107699        0.177914
Te        18.27449        7.14116        5.68335        2        0.162929        -0.950277        0.162893
Te        14.90425        5.38482        2.16225        2        -0.456155        0.042336        -0.328940
Te        18.23649        3.55464        2.22917        2        0.390523        -0.199588        -0.195310
Te        15.07622        8.84058        5.59368        2        -0.206336        0.063117        0.520065
Te        18.46108        10.51045        5.72742        2        -0.378201        0.621815        -0.481164
Te        15.02404        8.91591        2.18837        2        -0.176822        -0.161125        -0.202331
Te        18.32430        7.01804        2.09626        2        0.081411        -0.051467        -0.091005
