54
Lattice="18.429676749 0.000008540 -0.000615361 -0.000005198 11.491115093 0.000045896 0.042448411 0.000094922 30.000000000" Properties=species:S:1:pos:R:3:tags:I:1:forces:R:3 energy=-318.61603572 stress= -5.38595 -14.09583 0.56332 -1.10719 0.93197 0.16641 pbc="T T T"
Mo        2.44116        0.15553        3.80168        1        0.272341        -0.414939        -0.579392
Mo        5.43237        1.88494        3.85684        1        0.084927        0.089728        -0.773722
Mo        2.41869        3.84725        3.85725        1        -0.237233        0.363068        0.368309
Mo        5.49470        5.72953        3.90540        1        -0.694284        -0.118512        -0.132604
Mo        2.19581        7.56820        3.73932        1        0.702949        1.150918        0.845669
Mo        5.34511        9.57778        3.65771        1        0.757598        0.776330        0.274415
Mo        8.51117        11.45934        3.84615        1        0.428380        0.699698        0.138380
Mo        11.56482        1.98330        3.92628        1        -0.895967        -0.091506        0.970820
Mo        8.43048        3.98847        3.92086        1        0.189616        -0.485667        -0.517658
Mo        11.33780        5.73464        4.12513        1        1.592860        0.086530        0.303138
Mo        8.48002        7.69436        3.75661        1        -0.332323        1.085314        1.958800
Mo        11.45701        9.58740        3.88997        1        0.294965        0.068812        0.981396
Mo        14.56686        11.32180        4.07326        1        -0.088817        0.564303        0.482346
Mo        17.53413        1.80649        3.87702        1        1.163633        -0.079350        1.117410
Mo        14.57099        3.80372        4.16824        1        0.540885        -0.230855        0.349826
Mo        17.54677        5.75080        4.11629        1        0.636132        -1.389600        -0.083399
Mo        14.53969        7.74740        4.09354        1        -0.813744        -0.788552        -0.272131
Mo        17.68388        9.48217        3.85657        1        0.266694        -0.149300        0.682819
Te        1.40334        1.96531        5.57827        2        -0.466290        -0.165424        -0.173490
Te        4.51754        3.89920        5.70227        2        -0.136873        -0.496384        -0.582310
Te        1.33982        2.06605        2.08869        2        -0.574939        -0.579008        0.237499
Te        4.46661        11.48123        1.84539        2        -0.170652        0.400987        1.046978
Te        1.34935        5.71473        5.63608        2        0.202176        0.224434        0.200751
Te        4.39698        7.74322        5.38832        2        -0.422378        -0.402456        0.833467
Te        1.17191        5.65793        2.16285        2        -0.246371        -0.125951        -0.085584
Te        4.49192        3.70495        2.08740        2        0.028598        0.784561        0.183258
Te        1.46949        9.74769        5.49628        2        -0.280758        -0.857313        0.043873
Te        4.52443        0.05257        5.59054        2        -0.432348        -0.562801        -0.359470
Te        1.37294        9.68252        2.07653        2        -0.280136        -0.258872        0.060629
Te        4.32766        7.48422        2.06762        2        0.155318        0.245741        -0.308833
Te        7.52057        1.94371        5.52159        2        -0.101383        -0.118556        0.680983
Te        10.35250        3.80611        5.74542        2        0.566366        -0.140471        0.429434
Te        7.65051        1.93278        2.15621        2        -0.687249        0.363029        -0.172963
Te        10.69265        0.10049        2.15897        2        -0.506400        -0.226759        -0.312735
Te        7.57826        5.96490        5.69848        2        -0.673103        -0.468168        -0.325553
Te        10.38695        7.81550        5.80482        2        0.083499        -0.342349        -0.755313
Te        7.43544        5.89196        2.13705        2        0.480746        -0.836222        -1.081605
Te        10.58740        3.90168        2.21595        2        -0.290019        0.095719        -0.089133
Te        7.43287        9.61349        5.56949        2        -0.332438        -0.250563        -0.629027
Te        10.52542        0.06865        5.63193        2        -0.114069        -0.207274        0.186215
Te        7.60529        9.69363        2.02284        2        -0.570623        -0.705196        -0.218970
Te        10.64996        7.54214        2.29979        2        -0.066167        0.472643        -1.513802
Te        13.50055        1.80035        5.83119        2        0.570777        0.192090        -0.066839
Te        16.73645        3.70013        5.91650        2        -0.400358        0.024494        -0.884734
Te        13.72515        1.86933        2.41792        2        0.255644        0.218952        -0.838537
Te        16.56131        11.28269        2.19426        2        0.199059        0.519127        -0.189850
Te        13.48695        5.74688        5.89374        2        0.008648        0.134489        -0.455470
Te        16.58739        7.67372        5.81475        2        0.646681        0.253001        0.064426
Te        13.58260        5.70049        2.43779        2        -0.291491        0.182849        0.147546
Te        16.62402        3.79627        2.31063        2        -0.492895        0.320185        0.031863
Te        13.38073        9.50331        5.80078        2        0.421665        0.381986        0.183225
Te        16.74265        11.17867        5.72237        2        -0.203780        1.029558        -0.072615
Te        13.55294        9.66012        2.22622        2        0.238412        -0.937978        -0.277357
Te        16.57411        7.48642        2.35709        2        -0.018242        0.694679        -1.109508
