54
Lattice="19.173937585 0.000456147 -0.025753600 -0.000245476 11.340344112 0.000007040 0.013560576 0.000001770 30.000000000" Properties=species:S:1:pos:R:3:tags:I:1:forces:R:3 energy=-312.73966933 stress= -4.17105 -13.60250 -2.34037 -0.26546 1.53129 -0.02084 pbc="T T T"
Mo        2.14763        11.32566        3.69219        1        -0.373580        0.559969        -0.239901
Mo        4.39259        1.52005        3.66353        1        0.469031        0.118966        0.682210
Mo        2.33899        3.65913        3.75856        1        -1.191851        -1.163970        -1.619676
Mo        4.33227        6.02409        4.12782        1        0.202796        -1.082735        -0.574332
Mo        2.20931        7.86764        3.51245        1        -1.197039        -0.957776        3.106417
Mo        4.36446        9.48249        3.75652        1        0.636231        -0.136385        -0.340955
Mo        8.56509        11.09237        3.66721        1        0.398616        0.009207        -0.628506
Mo        10.97160        1.58609        4.05214        1        -0.326320        0.275592        -0.702851
Mo        8.79876        3.60353        3.86205        1        -1.484348        -0.013183        -1.590288
Mo        10.81460        5.86170        3.89783        1        1.262946        1.983297        0.495718
Mo        8.47186        7.50537        3.86674        1        -0.133805        0.152194        -1.641493
Mo        10.87422        9.39697        4.04716        1        -0.288348        0.061424        0.633453
Mo        14.87024        11.25797        4.12796        1        0.728022        -0.181530        -2.501799
Mo        17.24136        1.95943        4.24522        1        -1.131558        -0.454246        -0.084339
Mo        14.86792        3.89596        4.35100        1        0.111911        -0.149895        -1.770947
Mo        17.51335        5.71241        3.95838        1        -0.981479        -0.251374        0.997714
Mo        14.91971        7.71530        3.84001        1        1.157948        0.728938        0.842210
Mo        17.12054        9.65493        4.22581        1        0.263726        -0.891612        -1.110525
Te        0.67361        2.18534        5.40511        2        0.378722        -1.000994        0.066887
Te        4.03047        3.80858        5.68878        2        -0.032403        -0.697477        0.603251
Te        5.86982        11.07139        1.83198        2        0.130979        0.349025        1.451737
Te        2.60420        1.89468        1.58615        2        0.315821        -0.034273        1.298861
Te        0.79714        5.47579        5.35993        2        0.007540        0.610965        -0.483248
Te        3.53032        7.76069        5.93929        2        0.261884        0.243392        -0.717804
Te        6.07466        3.65470        2.91402        2        -0.288381        0.619170        -0.525598
Te        2.61480        5.67856        1.99142        2        0.490511        -0.014871        -0.169163
Te        0.49861        9.49748        5.24458        2        0.991670        0.250886        0.066361
Te        3.95114        11.14026        5.74472        2        -0.632157        0.970596        -0.006426
Te        6.04347        7.33447        2.59439        2        -0.329571        0.730589        -0.780435
Te        2.62140        9.52964        1.66617        2        0.229345        1.147663        -1.139677
Te        6.82700        1.76182        5.02653        2        1.147026        -0.755271        -0.082932
Te        10.60873        3.97080        5.61443        2        0.084213        -1.589555        2.158456
Te        12.61893        11.24504        2.38462        2        -0.758572        0.198195        1.031584
Te        9.30753        1.76904        1.90123        2        -0.060639        -0.337919        0.274909
Te        7.04974        5.64660        5.36122        2        0.000428        -0.072517        -0.158742
Te        10.02368        7.48193        5.89097        2        1.082100        0.610929        1.170266
Te        12.35704        3.83747        2.78473        2        0.546482        -0.497430        0.086765
Te        9.10840        5.56406        1.94632        2        -0.385873        -0.213746        -0.128766
Te        6.81097        9.46443        5.07716        2        0.490769        -0.179059        0.422160
Te        10.14559        11.27738        5.93199        2        -0.323305        -0.345951        -0.037399
Te        12.46683        7.74153        2.42363        2        0.053504        -0.460933        0.275423
Te        9.41472        9.04151        1.85742        2        -0.892081        1.246156        -0.109976
Te        13.34993        1.67426        5.55768        2        0.179977        1.107877        0.020972
Te        16.97333        3.76194        6.13046        2        -0.573663        0.907379        -0.078233
Te        18.81825        0.45130        2.57313        2        -0.686004        -1.758704        0.083267
Te        15.39101        2.25144        2.13841        2        0.190760        -0.741662        1.572956
Te        13.36386        5.91352        5.50749        2        0.138060        0.052290        -0.362165
Te        16.78796        7.44057        5.97276        2        -0.551577        0.760421        -0.743709
Te        18.52826        3.54439        2.49768        2        1.008325        1.388249        -0.563615
Te        15.45530        5.73728        2.18191        2        0.039926        -0.683313        0.008523
Te        13.32904        9.54981        5.63656        2        0.107994        -0.654941        -0.714456
Te        16.61637        0.06113        6.15153        2        0.362437        0.051166        0.637803
Te        18.75755        7.59676        2.47545        2        -0.228280        0.337902        -0.043636
Te        15.78583        9.62674        1.84905        2        -0.651411        -0.153876        1.659062
